1.239512283992628555e-01 9.574425053314619682e-02 1.262206160982791425e-01 1.138194786587332502e-01 1.615735980248664827e-01 1.126037482224285652e-01 1.126273606426347329e-01 1.157339692508102674e-01 1.032186278023239506e-01 1.154182440831042211e-01 1.107386632357742068e-01 1.054113592461965593e-01 1.162610956258986750e-01 1.635101532392027601e-01 1.244606422865795758e-01
9.574425053314619682e-02 9.326122895867910989e-02 8.894422960224716845e-02 8.344518712659790283e-02 1.129951464018943835e-01 7.885425921718471065e-02 7.887583946140809543e-02 8.049841582605384016e-02 7.220365326225107461e-02 7.925337884546505840e-02 7.717285541082773148e-02 7.294658126762108841e-02 8.379844036802534812e-02 1.253865121259171989e-01 8.662269755111846881e-02
1.262206160982791425e-01 8.894422960224716845e-02 1.460339258925492378e-01 1.242402402882333973e-01 1.893115614470876062e-01 1.306993614303947615e-01 1.307135138407912178e-01 1.348641946992038543e-01 1.188318219872871173e-01 1.330210403906657846e-01 1.256471905584269910e-01 1.194648154586065020e-01 1.309232270841480250e-01 1.814630343884595376e-01 1.365052791498405360e-01
1.138194786587332502e-01 8.344518712659790283e-02 1.242402402882333973e-01 1.109539991389012492e-01 1.588037043578141849e-01 1.099649353741803531e-01 1.099785919429645126e-01 1.131594420237878040e-01 1.007579328187337697e-01 1.126918120329383904e-01 1.067898265331397450e-01 1.025645079802739307e-01 1.145464752500456457e-01 1.600857073751330018e-01 1.200843981257361526e-01
1.615735980248664827e-01 1.129951464018943835e-01 1.893115614470876062e-01 1.588037043578141849e-01 2.568623208619817411e-01 1.724093660339484357e-01 1.724232438100124498e-01 1.785788135935821308e-01 1.590863231195736582e-01 1.792107890131788006e-01 1.675639404777543862e-01 1.592013484699026371e-01 1.764036931262294439e-01 2.489380073201060140e-01 1.846122586877261273e-01
1.126037482224285652e-01 7.885425921718471065e-02 1.306993614303947615e-01 1.099649353741803531e-01 1.724093660339484357e-01 1.222190641157097080e-01 1.222444784155717751e-01 1.265642318346357487e-01 1.135211133581616044e-01 1.281156733273816350e-01 1.208143460075267739e-01 1.155319933280661293e-01 1.258017414450853244e-01 1.701870347088764723e-01 1.339349631930587259e-01
1.126273606426347329e-01 7.887583946140809543e-02 1.307135138407912178e-01 1.099785919429645126e-01 1.724232438100124498e-01 1.222444784155717751e-01 1.222713928274959116e-01 1.265964188920233879e-01 1.135491681177341755e-01 1.281513035196531758e-01 1.208618663083083911e-01 1.155779414885160644e-01 1.258153024311336465e-01 1.701470725637822257e-01 1.339638902654300134e-01
1.157339692508102674e-01 8.049841582605384016e-02 1.348641946992038543e-01 1.131594420237878040e-01 1.785788135935821308e-01 1.265642318346357487e-01 1.265964188920233879e-01 1.332767579136021618e-01 1.193221331545796376e-01 1.355854904809584427e-01 1.289039855198935991e-01 1.240354477954455498e-01 1.345524531289568893e-01 1.815664285315628790e-01 1.436829334518814061e-01
1.032186278023239506e-01 7.220365326225107461e-02 1.188318219872871173e-01 1.007579328187337697e-01 1.590863231195736582e-01 1.135211133581616044e-01 1.135491681177341755e-01 1.193221331545796376e-01 1.106846772435250564e-01 1.267508681203523280e-01 1.207736982550809274e-01 1.172288013382855876e-01 1.287958710082540703e-01 1.728752321531853153e-01 1.391612989323118554e-01
1.154182440831042211e-01 7.925337884546505840e-02 1.330210403906657846e-01 1.126918120329383904e-01 1.792107890131788006e-01 1.281156733273816350e-01 1.281513035196531758e-01 1.355854904809584427e-01 1.267508681203523280e-01 1.485867070193687134e-01 1.419246748029286131e-01 1.386220696799423391e-01 1.509878936711116781e-01 2.005442018720974828e-01 1.647828482393689786e-01
1.107386632357742068e-01 7.717285541082773148e-02 1.256471905584269910e-01 1.067898265331397450e-01 1.675639404777543862e-01 1.208143460075267739e-01 1.208618663083083911e-01 1.289039855198935991e-01 1.207736982550809274e-01 1.419246748029286131e-01 1.407584438357567524e-01 1.389661834243944016e-01 1.510310012569384408e-01 1.988910202656739568e-01 1.653065580626321140e-01
1.054113592461965593e-01 7.294658126762108841e-02 1.194648154586065020e-01 1.025645079802739307e-01 1.592013484699026371e-01 1.155319933280661293e-01 1.155779414885160644e-01 1.240354477954455498e-01 1.172288013382855876e-01 1.386220696799423391e-01 1.389661834243944016e-01 1.414665280653605584e-01 1.570132671686034209e-01 2.055658987282866224e-01 1.715133792935108481e-01
1.162610956258986750e-01 8.379844036802534812e-02 1.309232270841480250e-01 1.145464752500456457e-01 1.764036931262294439e-01 1.258017414450853244e-01 1.258153024311336465e-01 1.345524531289568893e-01 1.287958710082540703e-01 1.509878936711116781e-01 1.510310012569384408e-01 1.570132671686034209e-01 1.901026730181895330e-01 2.600439994370104535e-01 1.992560568269698129e-01
1.635101532392027601e-01 1.253865121259171989e-01 1.814630343884595376e-01 1.600857073751330018e-01 2.489380073201060140e-01 1.701870347088764723e-01 1.701470725637822257e-01 1.815664285315628790e-01 1.728752321531853153e-01 2.005442018720974828e-01 1.988910202656739568e-01 2.055658987282866224e-01 2.600439994370104535e-01 3.912295515205318486e-01 2.682850002984980553e-01
1.244606422865795758e-01 8.662269755111846881e-02 1.365052791498405360e-01 1.200843981257361526e-01 1.846122586877261273e-01 1.339349631930587259e-01 1.339638902654300134e-01 1.436829334518814061e-01 1.391612989323118554e-01 1.647828482393689786e-01 1.653065580626321140e-01 1.715133792935108481e-01 1.992560568269698129e-01 2.682850002984980553e-01 2.280351444196317690e-01
