1.446936586093733601e-01 9.238898217436286586e-02 1.689911755884241917e-01 1.635308252398813555e-01 2.091989795167376043e-01 1.479649694813571226e-01 1.479076310189779697e-01 1.468711476921120418e-01 1.146455252751886339e-01 1.181100958460935130e-01 1.076172717042158389e-01 9.604750270413441038e-02 1.033041400781043728e-01 1.391967577129776257e-01 9.538685243353216270e-02
9.238898217436286586e-02 7.152498761015062267e-02 1.010719218949320403e-01 1.007485209201745141e-01 1.198112615991951957e-01 8.642026578737899145e-02 8.635975184530866877e-02 8.304134464103733737e-02 6.309280009246713561e-02 6.342484422944603961e-02 6.292099272514727060e-02 5.368233352956967158e-02 5.465940832070380340e-02 7.196843342027831048e-02 5.490847430576997756e-02
1.689911755884241917e-01 1.010719218949320403e-01 2.211466524400004241e-01 2.034046505929617832e-01 2.828810980005364573e-01 1.962284047066578663e-01 1.961987747815430172e-01 1.946358070369056392e-01 1.550486165478759115e-01 1.621355150720026062e-01 1.416169569648653703e-01 1.302246127712256840e-01 1.400132913819024105e-01 1.823088291862763610e-01 1.230282148054143848e-01
1.635308252398813555e-01 1.007485209201745141e-01 2.034046505929617832e-01 1.955598240674029931e-01 2.548334327272238631e-01 1.783609722761313743e-01 1.783160119328239535e-01 1.762627441408488871e-01 1.395085159275579745e-01 1.466900726623403817e-01 1.296896871165183207e-01 1.178245459652232791e-01 1.258683625112990701e-01 1.674140929286525858e-01 1.134967513278280354e-01
2.091989795167376043e-01 1.198112615991951957e-01 2.828810980005364573e-01 2.548334327272238631e-01 3.835700196117725058e-01 2.539372770706359028e-01 2.539012600328268698e-01 2.560502033251187970e-01 2.037198439920275828e-01 2.175470972827350524e-01 1.833920193832151990e-01 1.672000756205987426e-01 1.810781007498833139e-01 2.315755739051835460e-01 1.545624590582206359e-01
1.479649694813571226e-01 8.642026578737899145e-02 1.962284047066578663e-01 1.783609722761313743e-01 2.539372770706359028e-01 1.814775915771953962e-01 1.814574805315617434e-01 1.793955775879740311e-01 1.436650671627419107e-01 1.528366176571012147e-01 1.353222243066757313e-01 1.247954817663127075e-01 1.336223713359290799e-01 1.757875701375261612e-01 1.180122803078479249e-01
1.479076310189779697e-01 8.635975184530866877e-02 1.961987747815430172e-01 1.783160119328239535e-01 2.539012600328268698e-01 1.814574805315617434e-01 1.814401107642177324e-01 1.793506305172091753e-01 1.436195724639339477e-01 1.528149979419761162e-01 1.352708688634250700e-01 1.247533034306025357e-01 1.336409454759437676e-01 1.758480908237181617e-01 1.179608960696408027e-01
1.468711476921120418e-01 8.304134464103733737e-02 1.946358070369056392e-01 1.762627441408488871e-01 2.560502033251187970e-01 1.793955775879740311e-01 1.793506305172091753e-01 1.827600824019864623e-01 1.468881195069172418e-01 1.578524946887534253e-01 1.384662179388670422e-01 1.278006586342280981e-01 1.356432877919685198e-01 1.773992933956367590e-01 1.204569736339578395e-01
1.146455252751886339e-01 6.309280009246713561e-02 1.550486165478759115e-01 1.395085159275579745e-01 2.037198439920275828e-01 1.436650671627419107e-01 1.436195724639339477e-01 1.468881195069172418e-01 1.229277407594519395e-01 1.326210037553998966e-01 1.177967938338614351e-01 1.106401356583188028e-01 1.160024783934217180e-01 1.499807783027381214e-01 1.047528846894756754e-01
1.181100958460935130e-01 6.342484422944603961e-02 1.621355150720026062e-01 1.466900726623403817e-01 2.175470972827350524e-01 1.528366176571012147e-01 1.528149979419761162e-01 1.578524946887534253e-01 1.326210037553998966e-01 1.532371850103727284e-01 1.366863743806088771e-01 1.265945406500007808e-01 1.317409751854710653e-01 1.712198674997826020e-01 1.169398439287974295e-01
1.076172717042158389e-01 6.292099272514727060e-02 1.416169569648653703e-01 1.296896871165183207e-01 1.833920193832151990e-01 1.353222243066757313e-01 1.352708688634250700e-01 1.384662179388670422e-01 1.177967938338614351e-01 1.366863743806088771e-01 1.324320758269248166e-01 1.236965281981609044e-01 1.254496737076478130e-01 1.631621306599387589e-01 1.190716117501474103e-01
9.604750270413441038e-02 5.368233352956967158e-02 1.302246127712256840e-01 1.178245459652232791e-01 1.672000756205987426e-01 1.247954817663127075e-01 1.247533034306025357e-01 1.278006586342280981e-01 1.106401356583188028e-01 1.265945406500007808e-01 1.236965281981609044e-01 1.219728506005279683e-01 1.250828063374955224e-01 1.633637937170009380e-01 1.233224762375735445e-01
1.033041400781043728e-01 5.465940832070380340e-02 1.400132913819024105e-01 1.258683625112990701e-01 1.810781007498833139e-01 1.336223713359290799e-01 1.336409454759437676e-01 1.356432877919685198e-01 1.160024783934217180e-01 1.317409751854710653e-01 1.254496737076478130e-01 1.250828063374955224e-01 1.406662321246452685e-01 1.963972469535701093e-01 1.359410472384471325e-01
1.391967577129776257e-01 7.196843342027831048e-02 1.823088291862763610e-01 1.674140929286525858e-01 2.315755739051835460e-01 1.757875701375261612e-01 1.758480908237181617e-01 1.773992933956367590e-01 1.499807783027381214e-01 1.712198674997826020e-01 1.631621306599387589e-01 1.633637937170009380e-01 1.963972469535701093e-01 2.976724503124513199e-01 1.914159835049650260e-01
9.538685243353216270e-02 5.490847430576997756e-02 1.230282148054143848e-01 1.134967513278280354e-01 1.545624590582206359e-01 1.180122803078479249e-01 1.179608960696408027e-01 1.204569736339578395e-01 1.047528846894756754e-01 1.169398439287974295e-01 1.190716117501474103e-01 1.233224762375735445e-01 1.359410472384471325e-01 1.914159835049650260e-01 1.530571936404517552e-01
