Year,Month,Day,realization,ORO_fnf,SHA_fnf,FOL_fnf,YRS_fnf,MHB_fnf,PAR_fnf,NHG_fnf,NML_fnf,DNP_fnf,EXC_fnf,MIL_fnf,PFT_fnf,KWH_fnf,SUC_fnf,ISB_fnf
1906,1,1,1,51366.05465573019,57186.36523987115,23644.404572666033,10507.306952015335,63.00789591106036,1382.368376160587,35.355870267945384,4993.346877485903,2577.5785689159693,227.19852501839483,3472.0717327828797,1327.8479840408822,42.1822736594274,546.4549747700097,1562.312624577754
1906,1,2,1,37268.30055161982,52290.499560044664,21674.235651343934,10507.306952015335,63.59670592967539,1552.3203374559926,32.28187331545327,8346.53987956357,2577.011465714332,240.4127754980431,8061.446133785542,1082.8994965264144,55.21477430940477,1675.0360328303477,1814.8620203068947
1906,1,3,1,25334.762651380377,44976.32268647997,14534.552701950544,10507.306952015335,62.41908589241079,1511.9526691060896,66.48499472621411,5426.415388537847,2578.9018097199255,425.34012952013825,5604.637425635834,1307.4598816317143,48.69812409178186,1799.9571213731215,1768.1933948744977
1906,1,4,1,20504.82910950034,41598.27015666751,10565.684657710248,10507.306952015335,88.32896553393965,1339.14642823033,967.6549981302345,2537.0290500492874,2167.9410228898305,0.0,2793.9376332626057,1570.9518337182424,353.577061205634,522.9871402171709,1118.482698910535
1906,1,5,1,16067.937131082015,32010.335722698535,8825.342360355617,6.693980000374266,410.43565786053057,1273.987302954385,1504.5416467210512,2061.62486265015,2993.2652157604543,276.5200449445059,2242.672125511008,1267.557452631253,860.4889505556954,407.49444762222134,967.092111381255
1906,1,6,1,13388.289206013544,24812.275702140905,7758.154319546066,6.693980000374266,321.51713603410786,1205.3214913369673,413.9022439197018,2237.7563624639956,2581.548291327837,266.8309689298166,1099.7024011531705,1312.9937951428492,375.8670761252531,368.05817004178834,852.9321367666925
1906,1,7,1,12298.718289582392,21563.373549651784,6929.19346206299,6.693980000374266,216.69551978789966,1184.7706783588592,333.9619721072806,1874.7444383293941,2582.8715321317927,226.3223851659432,2231.7767220889004,1343.575948756413,1247.9849042170756,328.6218924613553,797.5728920731849
1906,1,8,1,11700.698087961106,18582.2510785864,6377.4510634206445,6.693980000374266,157.8145179238406,1125.3201122434753,1969.565441023577,1350.875801838071,2998.274627375358,295.0117495940164,2191.5475402233633,1867.9385254767867,2050.809338242377,286.3694747345858,836.4981757438691
1906,1,9,1,10302.664172357025,17618.95514497072,5439.045182592997,6.693980000374266,130.72477942365035,1125.9725190046674,2462.6312819938225,1678.5294216738384,2994.872008165127,319.6673557932572,2350.788051774599,7556.024925198234,3090.2902277648973,254.4532197427378,696.3619401577773
1906,1,10,1,9527.327498308208,17759.954180764304,5188.771914148332,6.693980000374266,116.00826032657842,1082.8321219196055,4911.037152558549,1475.4313217813815,2998.4636617760393,784.6399292249238,1824.9800731723774,4715.671001011632,1050.7578615485677,230.97506965822876,638.4042003050938
1906,1,11,1,10528.538691106196,18672.300882958705,4858.455580114969,6.693980000374266,100.69472219920688,1048.8254194915296,4298.853929679228,1472.4140798144902,2586.841254543661,1475.9348878225337,1410.2213986780052,6260.603732608024,1738.0933054630432,204.69109495905352,571.7992942876222
1906,1,12,1,8897.664963223782,15675.775155881685,5212.705583264914,685.3941484442267,97.16484718250517,1035.3695300415618,1505.6862200544062,1395.4744096602471,2588.2590125480597,3446.734179334999,1388.6401188231077,3044.526206882923,1290.1335868960073,201.8749548127171,774.2125074992128
1906,1,13,1,9341.65267364505,15684.069216810529,4154.948359093946,685.3941484442267,123.06801035994731,1030.3949284873145,1135.6620124219876,1245.4609106217708,2595.158768168556,1247.0046981547077,2696.61234692625,2327.2533468921583,775.7437054577537,184.9677984030019,532.8653199976467
1906,1,14,1,11245.963924664706,22132.109156214636,4848.073756756316,685.3941484442267,225.53140143646513,1072.8829188111843,809.7365802196941,1748.5860085911802,3009.4276570088464,2255.287055350072,2011.6686202672388,2067.3535842777346,573.7499426987961,221.58793583709854,559.6845710376142
1906,1,15,1,9851.711168406067,18985.10546656806,5826.89742317819,685.3941484442267,312.6812543855769,1135.187764506775,675.2246869767406,1538.5105366504883,3008.0098990046517,11849.53381549571,2667.173804988162,1532.0202667372023,430.05252681782883,283.5533345882494,719.713634112458
1906,1,16,1,8480.443880794874,16365.367078839041,4849.262515156208,685.3941484442267,270.2854404958662,1072.148961204797,585.3021005925248,1459.3079350211387,3011.128966613962,3076.9000863461742,2361.5786917020473,1640.5626405149571,347.7466267325911,222.52664921920623,641.8630667710895
1906,1,17,1,8912.192575442772,16752.81821081015,4474.882869768917,685.3941484442267,653.6313598562065,1149.37761156313,462.31769592141,1400.8488719137026,3014.2480342232725,1686.41460295158,2264.253405365905,1705.5133096180355,334.3742173513565,201.8749548127171,422.138139991273
1906,1,18,1,10277.788124036857,18799.081528587783,5672.675833439963,685.3941484442267,700.1540677929185,1211.6824572587943,427.73523020589363,2022.4007170813059,2595.8203885706357,2910.433514390488,2408.7222642007673,1669.3001562914133,303.1665968934348,229.09764289400005,645.3219332370181
1906,1,19,1,9502.749962568112,16705.423576929188,5691.695967837445,9933.431454195606,680.1315420639828,1235.7399565784492,808.9680809816011,1576.226061235887,2598.088801377389,2585.5402420658356,3314.8217276261066,1686.9698450459753,820.0198169019127,263.84035356386795,656.5675945609149
1906,1,20,1,8359.247773377754,15931.706178835188,4981.4524492174705,9933.431454195606,478.742097665569,1165.6877805933782,1956.893379118383,1633.1765033598776,3021.525858644928,1365.8504922506124,3021.902997167458,1821.5313209457684,797.3539029147763,215.01694216230473,511.24305927589677
1906,1,21,1,8182.0308051435795,14007.484043298102,4105.4167591009855,9933.431454195606,396.8907886104354,1118.8775954765267,1841.2097172094477,1416.2179481822845,3438.3467118926874,1047.966338745147,2761.5657134800463,72.37776355213288,734.5947543414155,192.47750545991667,602.9377831003382
1906,1,22,1,7284.701990131847,13115.280060502784,3716.375760115901,9933.431454195606,1078.216368735052,1118.8775954765267,1699.773155299503,1474.6770112895967,2597.049112174353,799.6064594093688,3000.3217173125604,594.7889076133948,846.412730154385,192.47750545991667,602.9377831003382
1906,1,23,1,7322.314575192168,12343.932394101965,3954.9199456822275,9933.431454195606,1032.8429224316944,1101.1810620786991,2064.483272455619,1470.0568595279258,3027.763993863752,739.7197236160102,2588.6011841571044,1558.9131446767387,1461.287630412081,169.00967090707786,445.4985245652449
1906,1,24,1,6969.472705816471,11130.511280184275,4093.2121728627426,9933.431454195606,674.2434418775907,993.5339464788844,1307.4297676662884,1273.1818211920433,3028.5201314658675,596.1874007378697,2334.968764113984,1733.3770495769934,794.6106395070341,144.59280744046112,521.6196586737498
1906,1,25,1,6957.233690042572,11051.480728188675,3828.2775508200243,9933.431454195606,501.115385826344,1048.0914618851423,966.9192009873528,1348.518581551383,2606.4063150022835,531.0129032470193,2744.8035543694236,1684.154345189446,620.0495108256627,140.83795391200374,493.0796650200756
1906,1,26,1,6944.895170075845,11904.347164863531,3037.9117160515843,10568.733508233589,402.1893325044136,1091.3134098153994,804.7413351719416,1540.1134464453917,3024.9284778551587,500.1933954980483,3029.865022745094,2271.5258669740547,488.7007792058161,129.57339332664483,381.4834230875909
1906,1,27,1,6125.776650983345,11166.412715348595,3710.1942164368825,10568.733508233589,336.82321142362827,1031.7812928548942,668.3081938336816,1543.1306884121593,3459.0459787547884,492.2669067156787,1914.4480974253288,2306.768158281255,426.9653557525282,131.45082009087352,564.8728707364736
1906,1,28,1,8251.086715280859,16590.491589770354,3155.361045955027,10568.733508233589,314.4499232628533,1050.2117838591091,543.0264669719982,1261.5842973820136,3036.176024688886,778.4760276750869,3379.6703306854574,2109.1977373172267,397.4772735822758,128.63467994453708,290.6577611892606
1906,1,29,1,7700.43050966146,16643.810552884806,3753.623523310591,10568.733508233589,2485.5394779270478,1213.8027792326875,509.5885745898369,1363.133347328304,3036.0815074886473,1550.7675387449715,2998.331210918098,1809.3955457023415,383.4170488859653,122.06368626974329,602.0687211742271
1906,1,30,1,9238.168312632753,19704.31903570047,4278.499982116639,10568.733508233589,1542.771801692947,1307.2600477761473,359.71487210821596,1833.9173829656463,3040.9964019033123,492.2669067156787,2946.2637541806585,1560.7577825138462,390.27120847908105,113.61526583072079,388.4011560195152
1906,1,31,1,9136.176514519222,19513.55563433275,5927.1493815642625,10568.733508233589,1036.9474282650388,1205.3214913369673,183.3115948637083,1485.425935796508,2611.321209416948,492.2669067156787,2788.0708775738767,1734.2508253946794,338.8290211942475,112.67655244861305,1041.483812256762
1906,2,1,1,26791.504041020034,61686.48572679769,6775.605876804463,5969.735658770895,578.4517384647677,4940.83950433983,521.5738924950031,2507.139496815366,2735.6113277891814,1384.9194184498267,3334.0982106034185,2651.8125200038903,903.6773540597819,218.18381038548102,1161.3274518680437
1906,2,2,1,37029.490487744304,66187.79107957137,6877.601347510097,5969.735658770895,573.2949865904789,4940.83950433983,549.3461468769526,2713.2548386745902,3196.099127567692,1469.5442206638884,3163.124187674726,2654.6280198604195,788.3963081139536,602.1072681381617,1125.8697252825123
1906,2,3,1,109454.6126095535,116087.23136035971,6746.6794224087525,5969.735658770895,573.2949865904789,4940.83950433983,1183.2435609951062,3225.1487961101766,603.917651207782,3631.135849445645,4390.009471080121,4233.929266946326,1297.8915038217585,783.8050430012719,1261.0957609861268
1906,2,4,1,62645.85000611137,82333.95797671477,6130.189316255462,5969.735658770895,1537.2493756626063,4940.83950433983,1485.002144815578,3422.872433749178,4983.419384917972,2563.791358671013,5721.239194949288,3905.195387150762,1373.1512958538003,747.3086919472441,1729.6070453549662
1906,2,5,1,47304.2934859831,89372.06110792686,6311.276845829985,41056.500424660764,1392.397633434298,4940.83950433983,1040.7441809900192,3202.6137701704447,4165.467533669445,2311.3600059035666,5149.96385975926,3191.8059752378713,993.6531946932104,459.18557682848535,1460.5454730295817
1906,2,6,1,62052.805014154226,102409.14002252757,8045.5168500656255,41056.500424660764,2289.7172359862193,4940.83950433983,3349.1850839306385,4616.757364500538,5982.9387779102,3572.6921675269186,5496.52149937203,3900.4381632553896,2436.3058287785702,489.595764196285,4076.421870637141
1906,2,7,1,66620.0474857711,114160.63949312837,30538.410786094268,41056.500424660764,6818.554345140178,4940.83950433983,14097.055705271778,15799.97613694464,22179.406218395216,21141.770014755773,14608.22166493465,22962.82848470882,8149.811698264611,783.0416936575841,6770.166216824653
1906,2,8,1,53754.155294484764,91474.0131205143,33301.08530730477,41056.500424660764,8609.014417031889,4940.83950433983,12367.93241949492,22036.238127142835,23659.545574826217,16386.907498151624,14541.173028491945,13054.210713909666,5939.925073782283,900.1126625982866,8416.604035850356
1906,2,9,1,39758.89050945364,59431.686019946435,73244.16004727302,41056.500424660764,7347.140069098536,4940.83950433983,8021.660451718703,16110.186326659634,20525.355213443738,13904.854833945516,12537.04737982435,8571.15825276523,3700.6863306221817,688.7680497110512,5374.539669675799
1906,2,10,1,33351.815504063685,46496.50556818718,38463.46678497671,41056.500424660764,15668.018176628344,4940.83950433983,15231.818410074677,19096.312985709774,33911.82628951691,21206.707439109974,12384.092677939623,9969.782078026095,3470.9080282756004,561.8148014289825,5132.766641830436
1906,2,11,1,33472.215577933945,38865.96951347284,23016.740137554592,41056.500424660764,5919.070548603387,4940.83950433983,6542.626439284244,9534.484615192605,15619.91251875893,9322.74648117887,13345.821556913545,9476.001654919286,3375.1737338416488,561.8148014289825,5068.542965490528
1906,2,12,1,31339.84071591339,41521.253876611496,17888.43640067781,9458.00673826001,3423.45637453986,4940.83950433983,4486.482201114593,7371.687857842118,9040.003103861665,5818.187071585474,8485.63352277936,6746.520173356974,2411.832400126245,446.2602156439985,3788.5885607076916
1906,2,13,1,30111.958970820964,48956.28706657067,15734.406180181522,9458.00673826001,2473.2259604269457,4940.83950433983,3567.7168353671113,7428.9211664004815,7845.872795486856,4393.583671585758,7018.630310113873,5712.843381218107,2161.4996168527546,409.01083077794,3267.9335607719213
1906,2,14,1,39975.809650807045,62672.29411150564,13718.271934065617,9458.00673826001,1943.8193353018917,4940.83950433983,3058.2181915391234,6334.510931743221,7320.45167911406,3682.7765630988397,5886.136935200362,5106.540050053745,1924.3632902055408,1284.077382477648,2846.3516204132793
1906,2,15,1,35451.35398230135,50034.514987346265,11919.284222319291,9458.00673826001,1604.712526087326,4940.83950433983,2740.6808467657265,4485.413050131784,6581.138138500982,3240.1713247225384,5610.818471807898,4595.866627807948,1641.3992687289774,1544.7508678183528,2510.1115611992095
1906,2,16,1,29529.85944012461,43364.90513455224,12881.386020583697,9458.00673826001,1480.532567783418,4940.83950433983,2662.1958181915,3993.319743103535,6215.734642207027,3978.7056826559324,5649.895255234536,4450.9169282997245,1678.9891754824985,862.8632777322281,2371.84380875424
1906,2,17,1,27356.687858858422,39933.53364162424,34061.89068319754,9458.00673826001,1440.9800570255504,4940.83950433983,2547.4932191397156,4011.7060613390076,6888.130005019988,4338.232247969526,7159.013392665577,6121.1879466107475,2015.1389160890444,1417.0445857242532,2964.978573328073
1906,2,18,1,25175.555942130042,35527.0175566114,23863.136118235383,9458.00673826001,1469.3384609651623,4940.83950433983,2658.5985877151566,4533.406055166682,7204.479074366926,4201.142129888392,8705.636861106788,6653.608678092827,2468.217260256527,833.9797890518172,3184.069084901771
1906,2,19,1,32424.43642268093,62272.994321065366,22967.60479036151,15684.808327505933,1330.0837721459473,4940.83950433983,2156.2944048398563,4169.828398163334,6445.600473295225,3771.215150552659,6887.571178567594,4998.483107285794,1746.0911579637925,853.744347734563,2762.4871445431954
1906,2,20,1,29829.36706190177,49003.681700451634,19482.165162052945,15684.808327505933,3856.220544133921,4940.83950433983,14355.402257662077,10021.95777045906,16217.261224547152,11840.257040587905,9789.939028577128,10994.041508576141,3110.204880491771,1286.3467994453974,3126.62409158553
1906,2,21,1,36041.4138484599,64459.07180879054,25966.445980338816,15684.808327505933,8022.443219754921,4940.83950433983,12118.578943295477,15243.672149309794,20593.407597647536,9875.539190403815,12801.051385817136,10056.188797759685,2932.732533500138,882.6278364149606,3318.59987106443
1906,2,22,1,33040.36737909269,48538.02942257846,19135.047709301827,15684.808327505933,4370.62706612249,4940.83950433983,6135.730619269525,7966.178814119652,12085.914400179847,6582.902549814097,9925.712517373448,8292.617939376823,2617.0572952955017,2327.8028770076203,2874.335414434256
1906,2,23,1,32668.221696220047,43151.62928209118,14913.37037869729,15684.808327505933,2813.2282981869607,4940.83950433983,4346.4354782524215,6035.143955346471,8263.166234736218,4672.299219925154,7422.8078716694745,6208.371355959913,2029.8549646904312,3943.3182920929735,2561.4731210326736
1906,2,24,1,30198.527618975295,40729.76349081159,14295.216010784203,15684.808327505933,2123.8952003183604,4940.83950433983,3367.3347467884128,4705.671713710642,10051.904250090896,3735.9634059032824,6405.973394619621,5467.506548895757,1782.0814942171637,2609.1074256914744,2219.9317840692934
1906,2,25,1,25669.096740805457,34529.36051343214,15597.302711400638,15684.808327505933,1723.7431952548654,4940.83950433983,2878.3566677231233,4664.750369535436,11460.210534306705,3263.3632619918876,5890.641765461301,5072.462793170001,1706.021916935047,1459.6477315278626,2001.536522036484
1906,2,26,1,23483.984656345972,28421.377072119263,14446.584580363002,4873.481995194049,1467.6220312530163,4940.83950433983,2572.8373429501776,3194.7877988189675,7174.895190678293,2848.485273062062,5317.89974134925,4437.616118632841,1500.7170432407909,1147.9123644128556,1768.8886444153864
1906,2,27,1,21947.63991208062,25556.37145405985,13203.935799738274,4873.481995194049,1333.516631570239,4940.83950433983,2430.419718183082,4316.730366423461,5748.725155608975,2645.4269778591943,5129.220687859925,4316.355452399932,1521.1915456427005,970.8153166752654,1756.026527908876
1906,2,28,1,20388.409203361178,24476.958667438204,13494.78535489722,4873.481995194049,1159.9333485083473,4940.83950433983,2216.711525794447,3297.8454697485795,5104.495918480452,2287.446541696848,4940.646397865048,4001.8932442908595,1326.523815774416,834.732822863848,1666.8607742894144
1906,3,1,1,8684.526981214765,8518.948466798845,9731.176261027855,3555.1671235897147,612.2504783180466,625.070917916082,806.2538070767746,1839.8575780878475,3576.8144103072773,1153.2061963096703,2631.9732708557904,1721.7267053433711,362.36670110397864,471.0484382507955,583.2361492353239
1906,3,2,1,8905.32678610644,10547.675770042171,11779.803236738884,3555.1671235897147,932.5437253400471,740.3104171994693,639.3096108802378,2346.5656508928937,3829.7424382643635,1114.4498922505936,1731.426272636056,1635.3199856097804,332.23079288112945,389.26690315854796,622.8393012083815
1906,3,3,1,8684.526981214765,13514.579850944132,10919.934660860195,3555.1671235897147,751.4230770205539,770.9164493847155,1932.9390943556195,1757.0720016229848,3664.620889370177,1057.7584900366642,2223.3956425336955,1625.0288482032731,324.88076643297705,375.6400858203945,712.9262604695007
1906,3,4,1,8878.162141340652,14513.421759969444,9035.356344325852,3555.1671235897147,620.981881636282,731.8535945572708,1268.3507638553424,2648.19555876475,3633.335696076428,1003.3656664942403,1945.4580917800981,1711.435567936864,342.5160311971044,715.5059078037816,659.339902105246
1906,3,5,1,7816.651407414442,44338.86486079103,7716.78552723177,3555.1671235897147,553.8620171539916,970.7812606816879,783.3132872663734,1721.336542078196,3650.726860928537,1095.0717402211085,3235.9348163115,1490.6615447073266,340.31662175939834,436.1200480108374,684.9685383063979
1906,3,6,1,8975.079225596688,59457.7530685801,6948.29284702024,3555.1671235897147,498.74969791873343,2521.7152337701004,1389.348516240728,1810.250891288299,3471.7112835927114,1231.4403313649802,3129.8093964423715,1517.9427674547444,326.352371293087,392.68134414183567,695.0670378878685
1906,3,7,1,6784.89242727918,48875.716188974344,6581.759007071763,3555.1671235897147,462.7345249154535,2075.061254876179,1659.9583543457493,2313.3759892578323,3140.6175310015765,888.5707307746378,3404.813569351498,1496.292544420385,339.5808193293229,328.79725649977524,716.8109672792269
1906,3,8,1,8067.302470290422,34865.86241398197,7770.913659704242,3231.7100248184947,473.10026782916174,1440.2694762180013,1160.7608705181062,2086.7056864994856,4093.0673582528234,784.207013062566,2542.610010097284,1255.9071083974427,366.7735178318701,313.4580609041429,722.2426043175047
1906,3,9,1,7327.88681001592,29115.708458464065,7169.401909389113,3231.7100248184947,508.025881102138,1228.6450330502348,856.1408533642464,2193.9120651334806,3626.4359404559314,902.7332738004638,2584.829698357071,1864.540508408717,421.9027151195606,332.20138195139276,768.8417047957729
1906,3,10,1,6977.632049665384,50535.713240629084,6574.864208352758,3231.7100248184947,529.3096095326092,1191.5393985063668,784.891163361703,2350.054336917073,3259.7092033580207,902.7332738004638,3337.0315884476763,2073.081670192716,521.1320710963704,288.7626780823909,1011.1535510353191
1906,3,11,1,7009.373887322413,68610.841736697,5332.373928848085,3231.7100248184947,559.3172785434303,1088.6222319253616,1250.1193457595027,2091.891571129902,3403.0917961872747,861.7402362359785,3853.6203795391298,2369.8741895472253,542.4463480108752,254.69047697117892,877.5787329913488
1906,3,12,1,6437.324280147692,78504.47155919255,5306.855248531733,3231.7100248184947,568.5934617268349,1295.6798277646349,1144.900354327116,2172.979948988528,3363.9616752700294,825.952500147416,3523.6153720480925,2461.0381331763765,605.6533763243142,262.35491700316,893.1349414688372
1906,3,13,1,7698.042409023013,101061.94755448327,5375.644734601998,3231.7100248184947,574.048723116239,1647.9794788185404,1066.5788362290198,1979.4050190539094,3508.194922901841,1044.3587040587258,2388.398146279214,2586.861850900812,654.904152023921,459.12368363845087,1331.924307964545
1906,3,14,1,8053.769900003943,83965.51824804158,4859.248085714723,3231.7100248184947,561.5038607419234,2709.9345843794044,1978.8855381667709,2394.4643671164577,3171.0520694925635,1072.7044051657438,3344.8888505308673,2476.9602702957545,635.7892845471223,400.3457841738167,1063.2103604096048
1906,3,15,1,8502.633315896523,57435.18706774186,4875.494450512545,4594.706405124043,515.6677246900697,1904.5384376647028,1680.5606743464382,2146.861948213159,3063.3024611700857,783.4648710699374,3179.886346785349,2314.4379682350796,561.5532176351536,339.8658219833738,1192.874399786042
1906,3,16,1,10204.155021008337,40067.42348233611,4839.118443477637,4594.706405124043,459.4583829866222,1843.2937529559852,1028.562650513364,2179.108721733768,3529.9338789669773,1104.7608162359043,3153.381182691731,2173.565889208765,499.8177941818656,321.13281646779416,1389.369301280719
1906,3,17,1,10987.253022133167,33607.53488446176,4718.499091174658,4594.706405124043,418.5327284590727,1360.1865462793878,1231.969682901654,1856.4524089055021,3022.4710306479283,1226.2865675274181,3208.382017273429,2043.9558096083786,463.0596640884191,334.7596338059476,949.0156233180784
1906,3,18,1,9848.328025834051,28532.754461737786,5364.074152843454,4594.706405124043,385.7936973845894,1191.5393985063668,1039.6813628947293,2232.2876113990824,3477.760384410854,1193.5086295199944,3729.8946926036024,1919.9767297208627,428.51693913767843,339.01994838631117,2569.8161155233397
1906,3,19,1,9397.673534462634,24473.404069896806,5170.782037030947,4594.706405124043,425.08501231670067,1178.4912632821536,774.606354408927,2085.7627983847856,3496.002204065317,1448.4137889295,3608.159512062537,2517.3481303060207,558.6180057673721,349.2323247411636,1112.1385468498909
1906,3,20,1,10162.363259830203,25972.25936635888,4933.426609864252,4594.706405124043,802.169694596677,1042.4644535697025,897.9995352705153,1804.9707178464248,2945.912098418756,1482.7378560881712,3904.744964826774,2688.3169319362823,930.5501384622911,340.7220111121199,1255.0123275032827
1906,3,21,1,10116.591330920968,29975.92106339006,4771.0422124471,4594.706405124043,811.9458812179714,1154.4337639624987,977.9561581305791,1855.6038096022598,3110.1829925103852,1582.6177992615828,2083.0125599819908,1872.016145958695,718.1191781898393,335.6055074030102,1157.1559546227106
1906,3,22,1,20223.232242514187,27714.01216145709,4358.226045465489,10945.707442285286,1792.5496384977935,1306.7707427052717,779.3563337424101,1913.1199845951196,3987.869714337815,1619.106447232043,3642.5219382393457,6197.594787543789,1642.0390969290536,310.0539354525254,1456.1132572064491
1906,3,23,1,27437.286255416104,24376.24507044279,4770.328957407373,10945.707442285286,5313.767879250528,1085.4417489644482,625.0678484034987,2063.133483633596,3256.212066947551,1942.659740958997,3219.1726572008774,6749.918190425232,2634.3326566971123,292.1668035340084,2246.6988913936475
1906,3,24,1,41545.985820787806,22191.352448564754,4859.96134075471,10945.707442285286,2735.9889611409467,1039.2024197636676,521.4185575426571,1998.639936592501,3306.5897346983206,11441.3557195548,2940.2922349974847,4111.406480088037,1361.2344956276759,280.242048921677,1642.5270403581712
1906,3,25,1,31084.11493917991,20686.5728228681,4233.723415722985,10945.707442285286,1520.2343332988603,986.4390229507438,2804.858708672865,1995.999849871564,3306.5897346983206,8125.320991142184,3544.2537804531944,3121.321392623658,1029.0037027465053,270.01935703514107,1449.942917531027
1906,3,26,1,24787.489588332468,20570.455969861046,4461.014021770878,10945.707442285286,1136.127214674874,926.4991517644842,1663.964361012566,1792.8074611676495,3335.2284463841575,4000.7637918810265,4341.713500142503,3248.115972367703,879.1239468824574,241.90953323010143,1319.4967224210568
1906,3,27,1,20295.870303609667,16512.2904438672,4794.262626523955,10945.707442285286,993.1411569162522,920.0566349975358,1150.4597105177618,1857.3010082086207,2931.167415174559,3258.3125734310465,3509.8913542763858,2859.2857335665444,843.0536321040867,219.7620867312341,1303.9405139435685
1906,3,28,1,17522.68843685665,15767.009826101126,4777.303006686407,10945.707442285286,2109.0443519394503,911.5753471018156,1544.438202912944,1840.8004662025476,3005.930520598377,2937.0269357927095,5044.886074834372,3358.9884149921827,1037.0815337722947,222.3203385857757,1410.313693700163
1906,3,29,1,15917.685799227442,14284.74265149782,4067.534991426337,5529.231519315516,1808.3706428009402,820.4015022225656,1999.4061029293946,1747.4545428536887,3436.928953888493,2442.780983763319,7106.2125914670205,2670.4530707778736,871.7659225817845,263.2007906002359,1274.3924084556593
1906,3,30,1,13430.080967192209,18885.576735419778,4645.82632766487,5529.231519315516,1640.832177420936,847.068628587063,1313.3979000474815,2299.4212451612384,3572.46661909425,1947.091977859296,5285.52782156669,2511.7171305931497,765.1545487467814,287.9064889536581,1351.3043889169217
1906,3,31,1,14113.67477503531,13711.267581546435,4402.289356819157,5529.231519315516,1275.7550403879918,821.0539089837578,1718.5768600620943,1675.1350244611165,3870.5738687867242,2442.780983763319,4850.445029150766,2327.6416917000397,707.825942021385,287.9064889536581,1230.1571564163728
1906,4,1,1,27204.44644313777,103058.44650668676,13927.493412436095,10021.78471998898,3122.0363916134406,2514.212556016206,4621.705364929002,3227.411727585283,6077.455978193118,3202.8580745379872,5375.833953775418,6793.315722695874,1184.5619338861181,708.6976569005466,2176.1310629930963
1906,4,2,1,26336.76987772416,101127.11517606796,11257.542046412702,19864.3385293687,2002.5510824083758,2225.6856658706656,2370.4113734190387,3470.2997059153304,6105.905655478274,3634.640408855238,5514.855110899332,6901.663924069782,1246.3853337169257,543.7007278136945,1874.4796684383803
1906,4,3,1,68325.54935861453,123226.04808856724,27408.01366653566,19864.3385293687,5901.906251482031,3976.0114553542144,8679.136076504357,3558.082589387942,6705.900842874409,3972.4180907740088,10011.723346310127,6390.50507081418,1324.4443741242296,667.0538555423987,1855.62102464167
1906,4,4,1,69034.01921477834,113466.30810678356,46116.693363097686,19864.3385293687,13354.569434187406,8767.531362222015,22931.526734162693,2944.7338708176467,6203.069337369105,3761.3199239844203,15855.954883733824,6512.348254258818,1325.96396609938,2555.0540397324157,1695.018380695546
1906,4,5,1,56055.68728508342,96906.62302903432,33897.04951842058,19864.3385293687,10068.725946133365,6259.598221282367,13911.471314788852,2935.022123236893,6196.358616149086,3859.859888560028,13710.398517570282,6309.049747379997,1342.359563725916,3064.2286830413564,1842.5850957499374
1906,4,6,1,45829.64134155244,94879.31756480865,20487.854768311114,19864.3385293687,4892.496325989907,3990.690607481445,6204.895550700558,3476.051323414616,6265.0726207547605,4059.4136243534085,8100.103863234398,6028.956054760251,1451.690207411182,1489.6659286921415,1632.7066405930832
1906,4,7,1,38996.68838891788,88172.97687075785,16625.18247445583,19864.3385293687,3414.724971221625,3342.5244902184945,3765.564511564756,6774.933970089353,10473.450963352841,5568.538751290358,6635.300683952264,5788.27936013154,1657.0750596304374,1128.2096989201577,1649.9140667301485
1906,4,8,1,38441.454990407765,94266.74192190621,16205.947012114853,19864.3385293687,3235.8431442657898,3219.4642648850618,3142.589597256478,8383.40680484585,10382.71445108111,5248.490016972997,5997.186239308423,4352.762778130401,3318.6289166613274,968.7625258726168,1583.5177355749302
1906,4,9,1,33041.36242102573,95107.99667328027,13910.850794838396,14977.982201159175,2690.4662600800143,2937.54299319686,2309.0131896072967,5372.859343626577,7893.225912828758,3780.698076013906,6084.873284156016,4410.237809683688,1942.8383294822634,851.6915569319142,1511.385595707379
1906,4,10,1,32393.590122763584,91251.25834127724,14458.472164361396,14977.982201159175,3389.65017194873,3013.7114825682465,2468.1906381844683,4479.284277386668,7402.965194961136,3346.2357845011525,5918.823145466256,4663.438624363709,1613.166849401316,769.9822305613714,1511.385595707379
1906,4,11,1,33961.77620887879,122041.18224156163,15315.963223440303,14977.982201159175,3507.2629209192737,3041.520320764812,2796.6014296248877,3943.1580954049878,6476.224046186893,2981.246229519619,5319.785484249267,4445.771359596471,1520.9516100676617,692.1928062260224,1598.2917883188848
1906,4,12,1,45659.489171041314,183654.2062858458,16336.710436096406,14977.982201159175,3168.902385492582,3574.699746364369,2560.9010781877914,3428.906917682837,6602.782577365675,3056.903482656148,5426.225194601732,4641.400056521468,1458.4084035118194,622.2741325560849,1464.7169702749816
1906,4,13,1,39803.66739643036,139814.16994664332,15755.011325778512,14977.982201159175,2786.810206095892,2797.6832937623035,2159.809880078061,6121.795373081468,8152.959179206305,3851.9230922500287,5490.549980188855,4301.88960830978,1481.522197238993,619.127895396249,1453.245352850249
1906,4,14,1,36135.94283207749,110473.33697724795,14819.85471791043,14977.982201159175,2572.9281384882584,3108.147361253531,1959.2642810232326,4793.643174806044,7187.655012716455,3238.934421401455,5753.611114731847,4351.7919161109785,1388.5071726552635,819.4761515215905,1509.7343780477345
1906,4,15,1,41340.01214069519,114311.11745569792,16335.125424896638,14977.982201159175,2521.5845018818354,3390.884141393242,1865.2457572102765,4279.391997084017,7185.103048308984,3035.773050921866,5384.215033330836,4832.174443348981,1203.9167369379147,1191.1344421167566,1562.2257183851093
1906,4,16,1,63457.804223287996,115802.8635570783,20472.00465631343,12214.628631012672,3648.607176344537,3702.897674942292,3404.5333801231222,4110.426446941322,6679.05795799413,3140.497532102676,5328.166563804472,5697.2125027044995,1461.3676089370801,906.6939718047507,1573.6973358098421
1906,4,17,1,49171.98719387547,95510.85106126193,19139.010237301376,12214.628631012672,3708.0105698601083,3634.72116839575,3625.190767750101,5450.836190706979,7564.684124645296,4213.408087821969,6566.261541115097,6414.485362695264,1409.3015891572113,910.6138738399445,1736.0381036081883
1906,4,18,1,41726.088410627206,87702.58512949615,15311.208189840998,12214.628631012672,2689.197594640628,3147.6995211519256,2181.1479972217057,9311.114420835522,14130.32144229976,8784.693536529456,6053.129945340343,6622.5410934696465,2048.489961017152,752.6933994798056,1865.5283305994028
1906,4,19,1,40086.25930534956,85318.63504532154,13533.618129291677,12214.628631012672,2291.433665698365,2926.5336291014187,1702.3075676805565,7549.139401016494,11312.763701865346,6027.636033947093,5249.803469962092,6626.424541547521,2154.1415925520814,701.6212021738467,1890.904938841979
1906,4,20,1,38128.01678157123,80551.9197428184,13144.497879746566,12214.628631012672,2048.8200572572173,2856.2368005809835,1428.9998067183517,5963.390169822645,8919.682707901504,5011.004579334737,5565.141588231415,5920.607853386531,1738.9730692381174,666.2698751353571,2068.801915117813
1906,4,21,1,37716.069421386,77707.05684415807,13085.852465354872,12214.628631012672,1955.0134421201822,2889.9172996285,1209.650502900858,5218.508559260804,7993.697696729376,4992.554104795958,5858.165082184508,5656.921728896156,1634.761051153339,685.910647438034,2345.771950970775
1906,4,22,1,38866.337895719334,76408.44387584076,13693.704260469074,12214.628631012672,1917.4758705896104,2959.480170542548,1001.5834219409344,5017.861968466369,7971.958740664444,5457.732828781067,5837.631437273852,5441.099101966026,1906.3681220788142,685.910647438034,2458.1416580175687
1906,4,23,1,38117.07132031044,69844.2870834296,13048.604702160184,16192.208511062148,1844.341039376941,2837.2354536606977,997.8226809884604,5134.874383492574,7501.924703657321,5553.592836161172,5833.859951474031,4980.813418531233,1888.5329110021682,690.6248454119394,2458.1416580175687
1906,4,24,1,38267.32265216501,68873.88195473222,12615.896644621049,16192.208511062148,1759.8628465884408,2769.0589471141557,915.0863800330737,5272.158892983531,7966.949329049337,5301.2645586704475,5681.848121039314,4869.649717300984,1924.2033331555012,607.3372426956435,2567.1220235524293
1906,4,25,1,37028.4954458118,66653.44335744454,12875.838481384379,16192.208511062148,1697.996749572849,2708.3035674763873,841.097889554203,4466.272421404649,7948.518474994192,4509.749508486054,5612.808978202361,4853.3392353737245,1645.1582594043132,583.7662528260894,2499.074474737566
1906,4,26,1,37541.93708314377,66389.2182735622,13031.962084562483,16192.208511062148,1649.1904438452343,2745.653854555767,799.7460901241153,4490.5989347623245,7154.101406616157,4788.4650568255565,5259.1274209675175,5177.412977475652,1771.6842859661897,611.2674602625208,2285.9804904540674
1906,4,27,1,37309.09727086544,68551.59844434688,14257.175741989759,16192.208511062148,1697.996749572849,2986.636601977995,765.8994215514806,4550.755196475997,7599.088385548151,5307.345999998822,5405.691549691288,5724.979156461533,1851.2629183486442,583.7662528260894,2317.0929074089768
1906,4,28,1,41136.02854446813,69190.24113588297,15236.71266345162,16192.208511062148,1814.2662057252182,3220.9321800978364,704.4767111683118,4571.027290940623,7680.37317779151,5145.517815497091,5326.3855843989,6209.2451317775985,1814.8726894702354,599.4871230935722,2544.960944436497
1906,4,29,1,43961.947633660595,72576.58772662429,17023.81279119955,16192.208511062148,1985.0136483931176,3434.1060893234253,639.2932598325953,4420.825214279232,7109.772839683325,4924.833647969428,5858.165082184508,6027.98519274083,1620.6048522270294,693.7710825717754,2489.254074972478
1906,4,30,1,45633.61808078811,71999.55805913259,17022.227779999783,16336.098115354107,2050.685741726938,3298.5685846819238,570.3490675444048,4232.341880163695,7114.782251298433,5446.291473061581,10921.59429553529,5839.152529952347,1825.9897044462848,749.5471623199829,2681.838197799622
1906,5,1,1,43906.22528542308,34872.97160906369,27919.179778463465,21439.55103951318,1937.625262862464,7060.6721732041615,6099.104272601494,12989.226667216686,7811.563051784239,9237.812453134537,15825.573470345727,11620.247511139865,3267.7625747565708,986.3092452459641,4620.454636385399
1906,5,2,1,40655.42329091905,34127.69099129761,26892.09252100829,21439.55103951318,2507.703809427197,7060.6721732041615,7008.386030729652,11569.237166575725,8598.32422693946,9090.827108485164,16394.439245163725,13187.21881057831,3364.776525590675,941.8183571464691,4594.643497179801
1906,5,3,1,37231.48400010582,33944.036785011594,25486.187586806365,21439.55103951318,3379.9486127062232,7060.6721732041615,10184.250009892161,11147.766179333687,8640.573415466015,8425.06389593914,15563.66473424185,14977.488374496867,3172.6681085226546,947.0070695772702,4633.838190047576
1906,5,4,1,35368.765501877584,31342.071384987397,23573.07906867619,21439.55103951318,2732.0337100651773,7060.6721732041615,8392.992743160681,10261.451351576507,7834.247179852173,7912.882845754791,14217.453830667419,17114.35567936939,2953.6069285270855,968.5149531125054,4671.294759063129
1906,5,5,1,33917.99436383458,30010.282172953648,21869.98453451625,21439.55103951318,2939.7217052333485,7060.6721732041615,11974.68972424262,9501.483531180458,11254.16303768992,7498.726383762229,13271.43947585988,17994.927531036592,2629.7738807717014,1221.3589499144796,4977.812900404067
1906,5,6,1,32785.63664429225,30286.355915306234,20913.430275451163,21439.55103951318,2875.318277338949,7060.6721732041615,10267.64035275229,9444.910244302298,10334.510678936855,7795.995481917126,13141.532742752284,17009.502581265664,2633.6128499720776,1032.9973415915172,4468.021174544719
1906,5,7,1,31895.074114423496,31637.10298089193,21062.421328230175,19017.830097101072,2507.703809427197,7060.6721732041615,8532.794200308585,9357.881671321471,8679.892570783739,8262.411109223318,13889.54409306529,13745.464471778581,2764.2977598343273,952.9385002884187,4129.000117167094
1906,5,8,1,31403.52339961363,36886.05868312594,20770.77926747122,19017.830097101072,2292.7769585165393,7060.6721732041615,7498.018151699758,10564.118436374398,8695.015322828891,9039.598695939068,15001.084769090576,11593.063374594372,3039.103971760102,926.2419043223824,3619.2083913078127
1906,5,9,1,31551.78464760265,36875.394890502845,21552.18978896124,19017.830097101072,2185.8359247127396,7060.6721732041615,6434.873035470804,12867.594100428685,16322.175316861241,9082.993387451994,16148.245033225801,11247.436495660007,3188.0239853240764,953.6812185687793,3765.8191382434484
1906,5,10,1,30762.71639488117,36474.910234215444,20311.918525136032,19017.830097101072,2154.6416803791703,7060.6721732041615,6364.89055165875,13074.086597533864,12954.52747078006,9519.517184499813,15437.948540911859,12178.49317233995,3337.9037411881245,883.9688555322724,3904.955952614529
1906,5,11,1,30716.944465971937,38812.6505503573,19698.51919082251,19017.830097101072,1903.371295998575,7060.6721732041615,6099.104272601494,13508.75801838071,9570.811700650727,9881.311405901919,16821.87430248535,14032.83962954427,3399.407226918894,840.9634039934722,3735.054346058984
1906,5,12,1,31475.16641877607,39543.712777959954,21093.329046625793,19017.830097101072,2337.404131032022,7060.6721732041615,11079.469867067353,14551.592273167435,9670.054760947833,10007.166318817115,16177.578811669444,15545.442655891913,3510.8173122543467,1064.1502472396774,3775.8133503937584
1906,5,13,1,29400.50398885857,37864.75787275326,20606.73060829453,19017.830097101072,2590.764082018701,7060.6721732041615,11862.685048048093,14746.770112896958,9212.96958037935,10432.248760145345,16147.197398281562,14092.062212732368,3639.58273751645,1053.009473034374,3578.4493869729704
1906,5,14,1,28905.968148250115,40108.89378698141,20665.376022686225,19380.499216690925,2155.6864636822297,7060.6721732041615,9442.730000341486,14818.429609609204,9338.299387954617,10813.62728413059,17665.220432740036,12471.693502222543,3930.704568543761,889.900286243421,3125.320498696397
1906,5,15,1,27467.13751340094,41343.52399956114,20098.734518766003,19380.499216690925,1899.192162786443,7060.6721732041615,7987.6502726698645,15232.357491934135,10311.826550868922,11005.347298890692,18765.237124376756,11340.639249529926,4048.9128285048505,825.3869511693987,2974.538254515361
1906,5,16,1,31056.253765061156,45598.377256157284,21190.807235411943,19380.499216690925,1772.5495009824801,7060.6721732041615,6952.465447870491,15770.746605390921,21548.976492508096,11539.277232469973,17707.125830516696,9959.102595811893,3865.3621136126158,824.6442328890381,2974.538254515361
1906,5,17,1,31690.095476263923,43075.797867883375,21762.203772931472,19380.499216690925,1785.0122732401571,7060.6721732041615,6826.562381199276,16243.13355082317,19015.91552492503,11633.075734314903,17314.262726360772,9123.481655646485,4022.9997864024144,726.7601528574703,3014.5151031166697
1906,5,18,1,31986.617972242497,40861.2835998292,21259.755222602264,19380.499216690925,1627.1753671026595,7060.6721732041615,6546.795956427191,17744.211429322757,19447.859130218145,11489.801099628672,18922.38236603908,9046.006866492098,3707.8044193478563,741.5835718695263,2975.4073164414717
1906,5,19,1,30565.698092183797,42811.57278400103,23124.52089913937,19380.499216690925,1549.2643836475243,7060.6721732041615,5371.72791924185,17668.780380151835,19447.859130218145,11728.935741695008,19263.911357918685,9508.428446369768,3893.2746188402384,734.9094228780172,3209.4456931443474
1906,5,20,1,30753.76101748593,37390.81153395015,21419.048848179908,19380.499216690925,1515.0104167836696,7060.6721732041615,5203.802660188162,16400.59586596729,19447.859130218145,10999.162782285597,20796.601281599087,11138.699949478407,3674.213438844669,740.1084508404884,3194.410921822526
1906,5,21,1,27135.78854977392,36580.36329459939,20103.48955236531,11948.727373958378,1464.1145444499716,7060.6721732041615,4700.272148741367,16511.856663494334,19447.859130218145,12577.245269370052,17135.11715086555,13139.646571623838,3582.8779632861297,730.4634287275634,3446.7865051665112
1906,5,22,1,29925.886129384377,34568.46108638317,19685.839101224363,11948.727373958378,1393.5170441161097,7060.6721732041615,4518.366743972926,17548.090701478533,25268.22832364183,10170.849858300473,20668.7898183804,15266.805256301583,3388.8500616179213,683.7443857869998,3446.004349432978
1906,5,23,1,26245.226019905163,32944.01001013915,16532.459319268983,11948.727373958378,1336.427099342984,7060.6721732041615,4196.659882056508,13287.179311441447,26314.533730773914,6818.4295571941175,13747.065740624676,17612.407895361954,2603.860838669266,674.8420819544353,3571.7576101418817
1906,5,24,1,24508.877847144373,34031.71685769073,14858.687492304887,11948.727373958378,1302.173132479095,7060.6721732041615,4168.699590626928,11285.427844070473,25453.482036196478,7145.693560884108,12107.51705261403,18856.082142314233,2598.102384868743,696.3499654896707,3705.0717096079857
1906,5,25,1,23212.338208687564,37113.55292575152,15097.231677871214,11948.727373958378,1490.0848722683156,7060.6721732041615,4686.292003026614,11315.600263738766,25238.92799155412,7742.499413282519,12980.196961312357,17851.239952153748,2853.6337722677204,754.1891515721838,3929.1158741605495
1906,5,26,1,21197.378294739214,38149.12567603469,14724.7540459238,11948.727373958378,1674.9368895272503,7060.6721732041615,4070.7568153852926,11023.304948201836,24407.176629064194,7871.652735053655,15816.14475584607,16783.29173072729,3027.5870641590154,762.3487371244008,4115.703469697562
1906,5,27,1,20535.675409417687,39888.50873943863,13901.340727639785,11948.727373958378,1476.5773167076138,7060.6721732041615,4042.796523955712,10942.216570343207,24556.513805511346,6668.042728411872,15859.097788567185,15985.243150715805,2862.2714529685045,684.4871040673604,3799.191116206313
1906,5,28,1,19671.979011735177,55031.094264168176,12579.441387026112,7656.862305586952,1780.8331400279908,7060.6721732041615,8071.531146958606,9475.082663970592,23733.268991046796,5008.015396308857,13321.725953191959,16509.508641234257,2201.2489437815025,675.5848002347827,3614.254738328946
1906,5,29,1,17944.586216369626,66570.50274815396,11574.544286367958,7656.862305586952,2648.973437473673,7060.6721732041615,9288.212600335948,8371.24354816695,22835.355588358867,4607.155645017406,12017.420447394192,17117.268265427843,2063.845837818615,675.5848002347827,3695.859653191141
1906,5,30,1,17457.015669290857,56291.79152538157,11739.385451144659,7656.862305586952,1742.4000399519698,7060.6721732041615,6127.064564031073,7910.076971298905,20874.1236824879,5343.113121032019,11381.506036133705,17618.23306747886,2178.2151285793284,747.5150025806747,3583.4030399518365
1906,5,31,1,17610.25212694402,48692.06198268833,11218.709272017983,7656.862305586952,1563.8167225112845,7060.6721732041615,5427.648502101011,8352.385785874314,18130.28935827386,6378.607351290147,12385.140312884078,18232.788725808776,2461.6590212059286,766.0623285261642,3640.0658775345446
1906,6,1,1,8721.34353272876,24250.649290659763,6295.902237192206,3003.0854313322857,531.302160546248,3970.6290995742124,4142.783180149788,4256.951259955619,10088.765958201186,3299.3365335786334,10547.588620378681,14779.432522523219,2045.77069116693,530.3111677039955,5088.618295983794
1906,6,2,1,8898.261988383394,24176.00274229909,6498.387417963734,3003.0854313322857,501.6601656914786,3970.6290995742124,4243.832654439153,5522.307109796309,8348.704300992162,3308.5102332096094,12798.956115928442,15857.089364144646,2185.97304550508,524.482892309549,4955.912539865935
1906,6,3,1,8427.905666742134,25228.16361443994,6589.525561950811,3003.0854313322857,471.4584654958033,3970.6290995742124,4243.832654439153,6050.041587557642,9780.6398852787,3641.134151290711,13400.298574023018,17451.244800128585,2650.168404648612,509.4944247907566,5335.0842582301575
1906,6,4,1,8512.28522264473,22299.17524064188,5746.537355349642,6276.1952721226335,492.15263763382603,3970.6290995742124,4243.832654439153,5553.328128767721,8519.874950704694,5053.6777439102925,13142.580377696739,18321.137169581398,2039.3724091663305,467.0356964305566,5603.102956244142
1906,6,5,1,10950.436470619172,21832.338096921572,6129.159058975625,6276.1952721226335,813.7369383089048,3970.6290995742124,3098.687034397768,5395.39436956631,12301.413616824802,5144.693213283,11993.324843672606,18608.512327347085,1904.848530103705,453.718345042549,5918.398623038835
1906,6,6,1,13180.325442055379,21084.687747461234,6171.16185576988,6276.1952721226335,795.8263673996747,3970.6290995742124,5102.671430660732,5803.193479146127,10613.336419771424,4427.8046634677075,13164.58071152963,18045.41235604952,2200.0492659063902,419.5842507413025,5825.408996944485
1906,6,7,1,13269.879216008827,20397.46555619814,7847.945204013457,6276.1952721226335,677.825556059423,3970.6290995742124,6045.799857361451,8907.652596583004,10424.302019205586,5644.19600442678,18373.421655165068,17838.618745900516,2415.8313263766195,399.60306589346936,5730.855059383135
1906,6,8,1,13086.79150037136,19428.24529334789,7913.168414884048,6276.1952721226335,652.1014985910637,3970.6290995742124,6466.757578329063,8284.969285677907,11501.798102431181,6647.221522507755,16038.243364062193,17100.763611096736,2196.85012490609,373.7936056511897,5350.8142790928005
1906,6,9,1,12673.849098253095,19931.813278324968,7285.266228092787,6276.1952721226335,646.5044451819358,3970.6290995742124,5641.601960203989,7420.340884557219,13413.881064155094,7587.680347599869,14832.41554303968,16050.290906020806,2238.438957909986,349.65526153969495,5185.779419323477
1906,6,10,1,12638.02758867214,20973.31035784271,7405.093074795751,6276.1952721226335,652.6612039319696,3970.6290995742124,7056.212845017114,6958.608574820303,16882.662314539175,7434.922787452285,15275.565124527475,15668.74213236578,2278.1882848387345,355.4835369341414,5020.657653361576
1906,6,11,1,12953.45588137423,21046.77204035733,7942.491122080154,6811.531916863022,644.2730865561634,3970.6290995742124,8386.452324112812,7860.198190034607,17926.132205662667,7375.3452774891975,15928.241694898585,14463.902366192802,2644.409950848089,357.97989559866176,4692.065339097283
1906,6,12,1,13744.514217961258,22313.393630806386,7322.434740727449,6811.531916863022,621.8997983953884,3970.6290995742124,8723.283905077411,7829.177171063194,20072.617824088284,8305.496574905972,15573.093448741509,11437.725451477718,2534.279521912748,355.4835369341414,4172.627025858136
1906,6,13,1,13017.13856507394,22049.16854692404,9069.434085121264,6811.531916863022,601.7653315982715,3970.6290995742124,8487.828819354583,7540.276252738859,19809.860007301868,9251.933766049739,15573.093448741509,10471.717742096534,2249.3960158359964,347.98414540891,3652.406556885388
1906,6,14,1,12795.244214056398,20850.08430975503,9115.39940991455,6811.531916863022,601.2056262573656,3970.6290995742124,9598.882505109064,8143.064624425282,20080.179200111066,10011.392405163973,14178.691337724116,11553.258031795833,2410.712700776132,367.96533025674324,3440.0078221427784
1906,6,15,1,12253.941402605666,26010.175073462786,9250.12536189565,6811.531916863022,602.8847422800833,3970.6290995742124,9565.362857488839,8924.624582646487,20753.14166612566,9921.4076885588,19046.003289480166,13876.530844408195,3030.546269584317,350.4908196051007,3761.9083595759153
1906,6,16,1,11582.288097956392,20935.39465073881,9040.111377925155,6811.531916863022,562.6158086858841,3970.6290995742124,9784.46689559199,8607.814176128966,19609.483542702066,8578.542983023988,21104.60595525723,16069.708146410365,3414.0432969952813,349.65526153969495,4053.1310110172317
1906,6,17,1,11115.613431466161,18431.77311601684,8647.821105980507,6811.531916863022,521.2349271476896,3970.6290995742124,9582.531457489464,6000.06851748201,18581.13640362352,8442.071316603395,20923.365109873317,17908.520811303002,3212.3374569263624,325.50660189654326,4415.790552785211
1906,6,18,1,11123.57376692889,19707.873633240786,7976.568862875307,5924.212690395511,493.8317536565782,3970.6290995742124,1397.7693057648357,7526.321508642265,18355.240294947394,8419.80705682475,17863.22343723457,20310.433447493204,3080.452869189,311.3536924431432,5010.663441211265
1906,6,19,1,11190.241576427192,17521.796145516702,7651.800068041002,5924.212690395511,472.5778761776496,3970.6290995742124,875.6803552697195,7129.554190003732,18267.339298684255,8644.305009592277,18798.761442598,23403.599841552135,3099.6477151907984,299.7074571859338,5291.978786694783
1906,6,20,1,11226.063086008677,16896.18697829691,7461.2024712678685,5924.212690395511,457.4732947108691,3970.6290995742124,875.6803552697195,6847.630643727756,16758.84478216834,9529.00010996106,18249.800731724197,23184.185025149898,3161.791029121603,270.5660802137413,5392.355439161176
1906,6,21,1,10398.188197907122,15284.769426370263,7780.740729142962,5924.212690395511,457.4732947108691,3970.6290995742124,269.4489137240232,6831.695834590429,16917.633678643666,9443.035329149301,19966.874405621664,22963.799346728247,3086.8511511895995,263.9022467539025,5506.028739097037
1906,6,22,1,10149.427714703865,15861.799093861964,8215.113048441634,5924.212690395511,451.32399869868635,3970.6290995742124,589.4225645926922,7338.403907395475,17013.096050929587,9512.817291510897,20568.21686371645,21163.821162614913,2903.1404792473663,257.2487288257338,5137.633388616724
1906,6,23,1,9054.483571835144,15094.00602500254,8112.087320456161,5924.212690395511,417.7715291954268,3970.6290995742124,16.84076149584717,7609.295662730166,14505.554727423045,8216.542611068335,21145.46371808944,18046.383218068942,2700.7948109783706,242.26026130692807,5058.809471918018
1906,6,24,1,8370.889763992041,14981.443769536883,7464.689495907514,5924.212690395511,367.9950675435405,3970.6290995742124,101.04129876550718,6450.8633250892235,13466.810696313536,7121.470870847225,20308.403397501268,15819.225745384949,2637.371840647413,236.4319859124949,4828.160436727009
1906,6,25,1,7374.156259891939,14122.416030458022,7120.662814995907,4964.023056140172,341.15159939336957,3970.6290995742124,101.04129876550718,6651.792782318032,11793.856251305513,6511.780608854696,19880.968340179643,14026.043595407944,2789.8109093117255,227.27179378813562,4329.492703521949
1906,6,26,1,8007.201937548382,13184.002279628876,7095.38188635938,4964.023056140172,318.2186058916887,3970.6290995742124,185.24919400665735,6752.681810583995,9891.225009609772,6518.892802950604,19862.110911180112,14979.430098535895,2811.5650681137467,205.62980834117448,4280.477610889018
1906,6,27,1,8700.646660526407,15193.534756150824,6541.816724837442,4964.023056140172,304.2408978446056,3970.6290995742124,185.24919400665735,6501.779283279431,8952.763728000402,6898.003670847232,19286.959326695818,14624.094599406753,2814.7642091140465,206.46536640656694,3985.95252412848
1906,6,28,1,7650.180892054342,11746.523034041755,6507.501232362468,4964.023056140172,416.6521185136151,3970.6290995742124,185.24919400665735,5953.112689373146,15378.893658037448,9453.23978154781,18667.80707454595,11888.20542851581,2892.1834213213147,189.81609828864657,3501.4505003191302
1906,6,29,1,6491.454561292553,11492.961742782518,6567.810908513958,4964.023056140172,491.0332269520142,3970.6290995742124,185.24919400665735,5606.2241519987865,14668.124311909762,6605.785261253175,17796.17480079208,10770.743244096033,2974.161409453994,191.4768988877745,3262.4584706373885
1906,6,30,1,7403.908013682888,12026.388347105163,6054.822033706301,4964.023056140172,395.39824103465185,3970.6290995742124,33.68152299169441,6508.850944139247,13354.33522797687,5817.15631881794,21563.47006091162,11052.293229744817,2981.19951965467,187.30942409245597,3278.1884915000987
1906,7,1,1,9037.269346397636,19987.50197313477,2985.2100936590878,4569.378468929941,327.688820259913,972.5753792750218,869.7939781266654,3331.695153063968,7689.163277417803,4610.144828043286,11419.220894132766,11647.431647685173,1906.0482079788171,231.6765258118953,3990.037115181235
1906,7,2,1,7758.24244595841,18359.49629934935,2717.1846997768594,3045.158415043428,295.8527804687993,818.4442819389152,0.0,3263.6186311872366,9218.451577995855,4666.733154980494,12015.325177505283,12030.92214537923,1971.9505125849985,222.82579963768188,4075.7266210962525
1906,7,3,1,8394.77077037917,14550.152601226215,2645.7006946669635,3045.158415043428,273.897405629241,885.3975258081939,1028.7261609895681,3313.780278885907,10302.374830840548,4586.5405896669445,13748.11337556913,11780.439744353816,1984.34718396116,218.8027422857727,4003.1599502656127
1906,7,4,1,6229.161507802814,17110.647696605116,2495.5208834880546,3045.158415043428,255.78534079727095,899.1796186387946,1084.8920095629985,3295.8654047078458,10201.24142653785,4507.791078227814,11189.788841305679,10264.924131947531,1895.0911500527661,212.36585052270482,3908.43220031904
1906,7,5,1,7467.8892099632,15425.768462163845,2282.5746287981065,3045.158415043428,237.12103336231525,807.1413348009925,1842.3542905428028,3186.01893935279,10406.34375115184,4287.00383542343,11002.262186255251,9847.453463571841,1923.8834190554633,195.46900964467304,3591.7460344425695
1906,7,6,1,6710.761803284933,17178.185049884076,2112.7406787420164,3045.158415043428,230.53143581529346,781.3141821415254,888.4341724130525,3424.7582099784545,10536.777487542251,4154.036728412324,11105.97804575235,9474.059930880254,1833.2677502219585,197.0782325854367,3523.3508608572624
1906,7,7,1,7153.057942420722,16120.099848508647,1865.161929336984,3045.158415043428,210.2253260469447,818.4442819389152,1992.048131500577,3218.265712873276,8967.88648004576,3652.0601306264834,11058.834473253632,9931.9184592664,1610.1276654510561,183.4101531206025,3285.488611679432
1906,7,8,1,672.8374045494282,14611.765625270595,1733.9230019952695,3045.158415043428,187.71770860436612,606.1674320099564,738.8220866933434,3107.8535146494746,8592.08609172084,3663.501486346076,10806.354451649411,12206.648170904866,1468.0058265127186,166.51331224255748,3322.163024961518
1906,7,9,1,674.7976371567065,13808.426581001537,1568.8440855387455,1503.3518539657048,170.70266624061998,789.3877158114913,729.4692874549386,2961.6115680695502,7679.333488588474,2901.775191143226,11289.314161025173,12105.6785208792,1303.8898931973206,157.66258606834407,3596.612781228792
1906,7,10,1,6029.0585751140225,13819.090373624642,1431.2651133979573,1503.3518539657048,155.881668813218,707.0621376312288,794.9388821239199,2502.6136338651527,7048.525693899988,2558.740670110172,11946.181271173886,11046.468057627912,1169.2860356096953,147.2129524850372,3521.9603617754847
1906,7,11,1,6064.382563728724,13791.838459142768,1504.4133802676497,1503.3518539657048,143.80695892524946,754.6796761151061,804.2916813623988,1736.894195969693,5864.6032431558715,2354.754697416492,10400.919728160465,8952.318681612564,1169.2860356096953,147.2129524850372,3217.0065319015466
1906,7,12,1,5129.640172042855,13200.590401487645,1458.844308274241,1503.3518539657048,134.47853657671442,699.7959573282153,897.836024794311,1422.3467209274008,5078.976274404129,2234.0535483389626,8426.86120239763,8269.220164707278,1009.3289855946705,129.5115001366236,2914.9206063838087
1906,7,13,1,5458.203018258527,12210.042553391177,1370.796936126673,1503.3518539657048,126.24713669633418,676.3908647698265,757.5276851702268,1626.4819977458915,4439.189345688873,2082.739042065905,8911.601891178962,8115.04727601408,957.1030087647619,121.465385432792,3020.685442792092
1906,7,14,1,5559.299278632376,12804.845208587692,1401.466902842206,1503.3518539657048,122.40382668874591,762.7532097850719,570.488051449182,1693.8984979422964,4406.108325589769,1872.6716280438504,9434.057437959145,7567.675269432045,904.9570104598937,124.68383131431935,2828.4489447353244
1906,7,15,1,5518.104542613853,13468.370082910305,1685.9764132020782,1503.3518539657048,115.81422914172414,633.6092914034018,841.6701762208805,1566.137158409303,4770.283098280007,1891.0190273058017,8132.894836994526,7397.483157417357,828.0176694026618,119.85616249202835,2823.6691041416807
1906,7,16,1,5216.009811811528,10964.748548188338,1517.727474345757,820.3895239798406,107.58282926137845,710.2833960147029,841.6701762208805,1619.3160480747413,4648.54494431565,1771.039405165642,8274.535081479575,7397.483157417357,816.4207832765754,117.4423280808696,2823.6691041416807
1906,7,17,1,4891.327629134129,12219.52148016715,1400.6743972424517,820.3895239798406,102.09025418254603,710.2833960147029,776.2332836471104,1687.958302820095,4581.4377321146485,1529.6371070106898,8464.471296902244,7768.352448858184,784.1094591735406,111.81004778819675,2729.636603735997
1906,7,18,1,5158.098371321752,11891.31364054616,1572.0141079382825,820.3895239798406,97.14992170673386,702.2180174292198,776.2332836471104,1308.3515478679624,3687.5885690388263,1392.0316125458414,8309.421325128611,7768.352448858184,764.2028042991873,102.16089946260362,2729.636603735997
1906,7,19,1,5043.370036468066,12366.444845195312,887.3685201946864,820.3895239798406,92.76183183397644,673.161451301796,794.9388821239199,1381.1425103178228,3188.254199944195,1340.0816730623756,8299.57355665117,7825.342049401667,720.2546048075459,98.94348513423668,2827.7536951944357
1906,7,20,1,4641.174087224404,11589.409822729342,1649.0456522472384,820.3895239798406,86.17223428695469,701.4106640622675,411.49863991964116,1501.737900179666,3128.330294964813,1319.4666177118072,8196.591041615191,6839.625841024968,722.3180507527327,93.31223639472424,2498.031600426233
1906,7,21,1,4750.131178867624,11570.45196917739,1188.4413975922303,820.3895239798406,81.23190181117705,702.2180174292198,486.3128583032431,1267.1473372583844,4106.299766292383,1267.5166782284477,8664.360044296798,7484.957825372482,729.18020819841,88.48663067876728,2574.074518961317
1906,7,22,1,4490.126721823506,12881.86148864263,1145.1705918383168,820.3895239798406,76.84381193841963,657.0143839618644,467.60725982643345,1153.152164198946,3315.285317124375,1298.1300354240827,9211.854066248576,6986.517264572035,687.3034525044758,84.46460488001851,2494.555352721789
1906,7,23,1,5449.446649249472,11817.614984862112,1414.7809969203133,610.9333818724441,73.55125198628826,685.2635967222622,523.7240552570101,1036.7054820414855,3913.9572637165547,1251.5400103318348,9211.854066248576,6993.701643516243,674.2509572232383,85.2681847972267,2634.9088537894254
1906,7,24,1,4148.827338868209,13958.904543571092,1199.4572254308423,610.9333818724441,71.35571450231171,701.4106640622675,523.7240552570101,981.2636609009409,3603.468260787078,1199.4869955716474,7630.239590663883,6460.795481024359,661.8942751095972,81.24615899849118,2480.0420185556336
1906,7,25,1,5211.03460214739,13958.904543571092,965.9850757036711,610.9333818724441,67.51315076848782,700.6033106952414,561.1352522107032,1112.5136864582373,3455.8323939450356,1023.8054938742542,7630.239590663883,6460.795481024359,589.8016326678145,71.59391601339036,2487.6028573128333
1906,7,26,1,4931.527323219612,11628.984342019226,995.8625368194499,610.9333818724441,64.21984454255752,672.3540979348436,533.076854495415,1204.4452776351081,2962.7361600690247,964.217676383537,6726.02587013856,5837.113719711392,558.2181131423346,72.3974959306118,2217.3245982909602
1906,7,27,1,4301.864788135185,9813.7698644064,1438.3976637970457,610.9333818724441,61.47579582452082,724.0084032537038,738.8220866933434,1122.1311452275331,3205.2672959951447,929.0690070107751,6062.034842367774,4885.086423410557,557.5302978272997,61.940641475129155,2217.3245982909602
1906,7,28,1,4176.290496214067,11027.072491740999,1041.4316088131188,610.9333818724441,59.82876957467348,696.5665438602584,392.79304144275756,2216.1642246388396,2636.179233091395,1013.1165876750264,5153.421055075958,4664.409486383131,549.9803250665876,65.96266727387793,1904.809929659823
1906,7,29,1,3931.112163968481,9989.248496348824,1414.7809969203133,610.9333818724441,55.98695211461397,710.2833960147029,439.55703763492943,899.468116956383,2673.702561603764,1174.3366280439523,5172.278484075488,4493.440684752868,636.493095567198,61.13603000474731,1680.765765107258
1906,7,30,1,4007.6308886017046,10959.179678707356,1345.595258050172,443.7269300076608,54.889183372660234,702.2180174292198,355.3818444889905,739.5071483083855,2459.8101373634804,1460.0612952026418,4707.1285687548025,4466.936151621214,766.2582523918536,61.13603000474731,1640.0067607724156
1906,7,31,1,4792.22145262583,8062.7751157016455,1237.9729975854505,443.7269300076608,53.242157122778345,682.0341832543053,336.676246012107,811.7323778895001,2541.283964007317,1237.006396309641,4707.1285687548025,4092.0863259004013,576.0693199240216,72.3974959306118,1552.8398495830431
1906,8,1,1,4606.546627962672,12063.119188361932,414.5200540215513,1508.0640281412027,69.55943349488948,158.63270398836997,2.539235940091842,486.5774115574835,1292.9952998705517,1104.3485151289121,1905.4384369034517,3448.113548380191,456.181510937783,85.9469467812188,1760.5456499246534
1906,8,2,1,4013.8996527784248,8931.874214480591,401.48333690314973,1508.0640281412027,65.89896056530971,78.76425277247583,40.62744802051703,472.28322773959275,1277.3999618237967,896.5075270846368,1983.172949779159,3256.077040927298,434.96320825327734,89.20252857677212,1612.978934870262
1906,8,3,1,3658.172161797495,15079.787634838036,251.31937583656526,415.36973898640196,63.70193053376984,25.764358508667048,0.0,451.50197369302185,839.1520592718723,828.6943025090152,1908.5813417366003,3022.7788976466404,385.6644454386709,91.15629027537356,1844.9315629504706
1906,8,4,1,3878.2754373362004,14244.45721269857,257.04919132375716,415.36973898640196,63.70193053376984,21.71535904690236,0.0,452.79373041009023,993.4702921738822,756.4797636159831,1832.8373352553554,2768.898479552968,368.18913772454215,83.99318508263062,1680.3312341442359
1906,8,5,1,4124.846828287196,14514.606625816576,469.26634086166365,415.36973898640196,61.5056467760289,15.458778206890514,6.34804897261055,408.6194222394734,1421.7277266558474,713.3324527673383,1832.8373352553554,2648.511589137744,351.9694928530047,82.04045493720281,1616.3682763821287
1906,8,6,1,3585.0365797357586,11843.5635469116,610.5621642658921,415.36973898640196,60.77280591632783,17.298565273505027,10.156453228938783,503.47396657177774,1013.5079386339033,658.733478671365,1726.0833344195541,2543.8526634378636,332.6226876536875,76.83111144304804,1615.4992144560174
1906,8,7,1,3609.7136196697415,14192.323115431247,467.69717977395266,415.36973898640196,60.0407113304257,97.16783199780969,0.0,558.0389017657419,1147.8168802359432,657.8470312912839,1715.7117484696741,2425.1162384555246,325.1286998604954,74.22747124914432,1242.7585543450834
1906,8,8,1,3159.6561534579378,10877.66090843332,455.7065700477055,415.36973898640196,59.30861674448902,73.24326055578494,27.931677096248293,659.3805163267264,1220.7841588544068,619.1010347599432,1869.0855043321808,2344.340518434992,313.2758824543703,65.43657515863133,1406.5767274178518
1906,8,9,1,3390.4063776773614,12138.950602570818,467.1820511339043,415.36973898640196,57.11233298674807,55.944695282279916,0.0,452.15256649215365,692.1400059517734,546.010356014566,1540.5471857633788,2227.351645087838,300.16740220565384,72.59968035137427,1576.304521588175
1906,8,10,1,3718.869719699147,11790.955503305426,371.2413232116089,942.43483512901,55.64739754114488,82.07277056026824,7.617626065037445,348.2085807347657,951.5046552482469,584.7563525459066,2143.880150252417,2249.584385333925,279.5729320162247,65.11163591097355,1452.6370095019377
1906,8,11,1,2518.5506361454086,12768.114367329841,343.08359924756724,942.43483512901,54.183208369306065,67.35447402740574,7.617626065037445,367.04748526513634,1083.8287356444548,531.033518302385,2001.8208517897986,2218.2255421047867,282.70009234400453,65.11163591097355,1452.6370095019377
1906,8,12,1,3666.0329930668663,13123.574121431628,469.26634086166365,942.43483512901,53.45111378340393,76.9236501974581,7.617626065037445,289.08949594712624,996.211290982033,503.7391850182663,2370.9026427074737,2050.0722403310538,277.7014345310363,65.11163591097355,1452.6370095019377
1906,8,13,1,4126.637903766561,12546.544453939929,478.6496071643346,942.43483512901,52.7190191975018,68.45867247075503,7.617626065037445,255.9564075988648,859.2369643321148,462.3441538744183,2585.4582793237428,1984.927398823941,254.6116343613832,65.11163591097355,1452.6370095019377
1906,8,14,1,2532.6802315915,13430.454375806403,527.6660785175064,942.43483512901,49.789894580025255,157.53176757886268,7.617626065037445,329.3696762043949,1109.4428969210167,477.3106840588633,2831.1286737892265,1951.1414005461547,253.9878018663067,64.13475506167946,1188.1814653850422
1906,8,15,1,2806.515771502169,12298.907491916352,530.2654968850538,942.43483512901,49.05779999412312,179.98271524902165,22.853041705588467,0.0,949.6143112426537,495.81269623600326,2755.4894308024273,2004.7329840213804,248.99714190585894,64.13475506167946,1188.1814653850422
1906,8,16,1,3130.600929019428,10335.110837089378,494.81672140212913,942.43483512901,46.86151623638218,180.34969405221528,16.504747467263588,432.01247636351934,1190.7276891643753,463.2202937267634,2849.8813392943116,1795.3180464198836,239.01582198492227,64.13475506167946,1188.1814653850422
1906,8,17,1,2988.0114200475145,7968.222821111317,362.89623924480327,987.368781732427,45.396580790778984,164.52067500828653,16.504747467263588,557.3883089666101,572.5190372738281,416.54780841315966,2671.573871754868,1794.5413568043086,232.14566668676562,63.80878426086129,1328.882591223123
1906,8,18,1,3154.3824312137276,11024.110327122626,278.43099240870674,987.368781732427,43.932391618940166,130.29378529829447,0.0,372.24279877687184,845.541422011038,435.0395130625636,2371.9502776519275,1749.2021004946357,234.6409966669895,53.3911288257254,1069.6414186628936
1906,8,19,1,2586.4124959634637,9973.489780583588,414.5200540215513,987.368781732427,44.6644862048423,104.53187331498356,21.58338285792349,348.8591735338975,961.5234784782574,432.40078597768576,2682.8883291545435,1765.7067548257414,223.4120117559409,54.69398047585092,968.1349856925881
1906,8,20,1,3156.173506693093,11859.322262676838,432.7635329308161,987.368781732427,45.396580790778984,91.27986097789312,13.965429771933637,330.02026900340303,1446.3967159298163,361.0726944648413,2984.607193146179,1742.6002387621556,217.17368680534017,53.3911288257254,1127.6078491348014
1906,8,21,1,3406.2275444089323,14499.20336980494,486.9946911311403,987.368781732427,44.6644862048423,102.68882421453257,16.504747467263588,286.4871247507227,895.7584105213809,268.60386368997894,2562.7246010299464,1687.3581898538566,217.17368680534017,55.669829771984624,862.3527680457896
1906,8,22,1,3521.652408615588,13379.50514438513,489.0789808588996,987.368781732427,41.00326700149816,93.11475499378774,16.504747467263588,328.7190834052631,1082.9780808418973,171.7234110699699,2839.5097533446447,1621.436658731169,205.9367040418122,55.669829771984624,862.3527680457896
1906,8,23,1,2674.473707017617,10726.590512939652,453.6222803199461,987.368781732427,39.53907782965935,94.95780409416501,17.774406314928566,486.5774115574835,480.29860495771356,0.0,2719.2412617256014,1642.8927093616817,198.45071410109944,55.669829771984624,862.3527680457896
1906,8,24,1,3194.084604332956,12381.84810120695,309.1960597963247,921.566635208202,38.07488865782054,93.48988888146407,17.774406314928566,395.6264240198463,829.1048808818106,141.79035070097342,3145.3143936196493,1659.3973636927874,190.3328938128308,48.50775613240206,754.8758796430916
1906,8,25,1,3019.6537535106568,8554.25746904014,293.0289455585301,921.566635208202,38.07488865782054,99.74483870457428,17.774406314928566,352.7533014473694,599.9101219157777,127.69996036887355,2431.036888516995,1624.737589597503,180.97540638697066,54.36800967503275,823.9663027692876
1906,8,26,1,2896.368058035159,11697.114128222294,560.5075105768549,921.566635208202,37.342794071918405,135.44779871182368,17.774406314928566,309.2295860757606,1045.549269529767,295.0220571216459,3060.246436132978,1610.7571765169685,180.35157389189416,46.87996523463203,664.4586768500434
1906,8,27,1,3431.8001220825977,9030.336566366997,576.6746248146495,921.566635208202,36.610699486016266,167.4646605182448,17.774406314928566,441.75251058773483,820.8913361772393,288.85815557180905,3264.5352502942383,1600.8543839181546,180.97540638697066,46.87996523463203,664.4586768500434
1906,8,28,1,3238.065457763354,11891.31364054616,542.7791603073782,921.566635208202,35.14576404037853,138.02480541866203,910.3445762233749,385.8863897956308,950.5594832454503,149.70653195560698,2351.2071057523804,1626.388055030576,170.99408646603405,46.229055186156096,800.9361617272446
1906,8,29,1,3371.0030599875886,13217.178523345332,486.9946911311403,921.566635208202,35.14576404037853,103.05580301772623,910.3445762233749,333.26380411774306,761.5345343994948,241.29922287812423,2142.8325153081755,1565.417920207295,164.74776366295384,59.577353169174266,741.2316074031147
1906,8,30,1,3357.868506474536,9325.605135440957,503.15388031290615,921.566635208202,33.68157486857668,96.06689558822868,910.3445762233749,328.7190834052631,1008.1204582178405,289.7342954242607,2758.6323356357884,1454.060046573011,161.00476869257696,69.66903780347873,783.024795429999
1906,8,31,1,3429.2130130569067,10296.24723730777,311.8034032199009,235.26371031584895,32.949480282662286,90.91288217469945,0.0,363.7945212697247,782.5362563024825,202.5532263467836,2228.8433442446426,1417.846893246577,154.76644374201723,37.76412989646126,619.2587660727771
1906,9,1,1,4141.961549531877,12640.148855853633,398.7650426956913,664.2061938473097,27.550189427320266,116.56877805929356,139.531664862133,274.57844786285824,786.2980408737026,15.039713630993234,358.55305972612695,1054.4532393557283,170.7941401535153,45.526567479329145,924.942607964635
1906,9,2,1,3773.895538583691,11712.16192447925,471.50120665344906,664.2061938473097,27.550189427320266,122.4649041637665,99.21815695590843,243.32170686267764,815.5889212413304,0.0,326.73638646425604,1031.3467232921428,202.55361243399364,38.8864597423251,912.428116228569
1906,9,3,1,3992.008730256847,13289.45534001282,461.93566406263676,664.2061938473097,28.041983853535925,127.87988028177261,210.83858353138857,224.31308247165848,560.2034460768099,62.036886066407796,614.7836144314073,994.4539665518691,172.59365696618386,38.8864597423251,945.2786570357674
1906,9,4,1,3992.008730256847,10493.52740083418,539.7755640836647,664.2061938473097,27.550189427320266,131.81063101811247,108.52190305153329,220.02294155008934,844.879801609162,57.33768419925014,1054.1302810711318,947.4157017080673,181.58324317700627,41.73251493051173,838.8620241829179
1906,9,5,1,3992.008730256847,11495.449961062037,602.9382603948417,664.2061938473097,27.0576487273167,129.8452556499794,155.0324580055776,224.31308247165848,534.5703813600783,65.79707216234806,952.698265752858,828.4171439805543,382.3373387983313,38.8864597423251,1076.8546326496487
1906,9,6,1,3992.008730256847,10319.707581077742,634.83661079041,664.2061938473097,30.00990783218651,133.77600638624554,139.531664862133,235.95775068741688,512.6045840143277,0.0,1278.5336861650542,978.8230880382616,300.2393828781327,41.73251493051173,1133.9520011954455
1906,9,7,1,3893.400074714803,12616.451538913152,458.10786201531437,664.2061938473097,34.92934464190183,136.72814698068646,161.2295050533974,207.7653960598564,797.2809395466797,93.05532909961175,1131.550503463503,1865.317198024292,269.07175168273113,38.8864597423251,1001.4200574628085
1906,9,8,1,3474.9849419666702,11046.385805046546,449.1763239044616,519.0880584309294,35.91293349434669,154.93029561850267,161.2295050533974,210.21690515787824,547.386913718546,37.59773794833173,1173.665428229057,0.0,269.07175168273113,38.8864597423251,1001.4200574628085
1906,9,9,1,3156.273010885921,12461.23411295615,473.4190702051247,519.0880584309294,33.94500951569977,27.542982441418033,161.2295050533974,235.95775068741688,800.9482069176609,36.65872217711414,1183.0941427287157,0.0,242.70283198773814,40.78348601673381,940.4988164421231
1906,9,10,1,3294.68334374055,11633.13137248365,559.5485788010171,519.0880584309294,32.96142066326845,40.821906557412916,93.02110990808866,255.57925235303435,555.6288135831686,24.439148118076165,1184.0370141787241,879.1543931185195,237.31227940225287,43.629541204920436,1051.7387429848723
1906,9,11,1,3669.018118865456,11949.372067049146,668.6528247376538,519.0880584309294,39.3569870254152,132.29993608898823,96.11963343203551,269.06255239234,413.74904423846704,74.25646012544587,1135.0076987799875,878.2320742001535,183.9746010747516,42.68051229112926,866.9240337771806
1906,9,12,1,4239.475658947525,11143.426317916394,549.9830362102049,519.0880584309294,34.43755021570334,176.07642976627716,89.91441086035748,255.57925235303435,505.2795009924504,44.17806361622704,1362.8682991903947,964.0271508614205,183.9746010747516,52.16564366314629,791.4546961133095
1906,9,13,1,3614.489820947167,10809.412635644996,444.06466278516274,519.0880584309294,31.977831810837095,125.90634982915691,201.54301295962196,231.66760976584774,571.1863447497872,61.09683954242278,1257.8952777599523,967.7164265354477,141.42602577074132,46.47456483994667,829.1893649452451
1906,9,14,1,4104.149956084842,11840.719868879569,348.36168654268954,519.0880584309294,31.485291110833522,103.77345045507455,117.82564914708425,259.25651600012895,670.0418845256478,62.97693259039291,977.642453779282,949.2700481653111,137.23515106036845,48.37159111434213,709.2153660449964
1906,9,15,1,4739.583734379734,12204.118224155514,474.69500422081205,626.7696529411706,30.00990783218651,102.30553524229988,136.42496581440182,244.54746141175045,95.1977241249796,20.678962022135895,1215.780352994398,968.6387454540017,128.8454037870612,50.26861738875084,669.5426891178098
1906,9,16,1,3756.08428798657,12641.333721700763,247.55497423709588,626.7696529411706,28.533778279751587,100.33200478968416,145.72871191002668,259.8693932746035,868.6792326404031,50.75735853135483,1374.9161010511882,752.7675754228156,125.84620909928026,48.37159111434213,811.7733639459263
1906,9,17,1,2887.8106974128186,12086.816505302413,273.7155840892849,626.7696529411706,27.0576487273167,154.93029561850267,99.21815695590843,253.74062052948702,62.24430224633162,48.8772654833847,1543.3758001134042,760.1461267708704,125.84620909928026,48.37159111434213,811.7733639459263
1906,9,18,1,3522.2494337752,11152.431298353516,500.8556140731507,626.7696529411706,26.565854301101,114.59524760667786,111.62042657540623,255.57925235303435,191.31226509270368,57.33768419925014,1348.2014099686796,699.2633695293771,109.666553490263,50.26861738875084,700.5073655453035
1906,9,19,1,3382.744554794703,7257.421799493002,608.6839259941,626.7696529411706,26.07405987488534,236.5708466994949,21.704380610308803,202.24950058921448,593.1521420955377,78.01664622138604,1581.1954216066977,635.6136555324102,109.06671455270681,47.42256220056421,621.1707023102214
1906,9,20,1,4133.5036931028935,8083.391781439581,468.3153341418546,626.7696529411706,26.565854301101,207.5550559947055,158.13098152952446,208.37827333433094,593.1521420955377,42.29797056825691,1562.3379926071673,739.8551105638138,104.87583984233395,41.73251493051173,640.5160207855671
1906,9,21,1,2444.2210037644486,13763.40167881484,457.46593247932617,626.7696529411706,27.0576487273167,227.2251198451489,117.82564914708425,233.50624158939507,282.8521735665389,132.5341908486419,1640.5963229551014,761.0684456894242,104.27600090477776,40.78348601673381,542.7986978131863
1906,9,22,1,2764.126985163893,14539.488808603106,308.1658025164882,716.0990119567633,27.0576487273167,159.8478115811504,37.20762641086952,259.8693932746035,317.63450327075725,63.91697911437793,1323.2676982915298,821.0385926326876,105.47567877989015,39.835488656116276,646.321354452029
1906,9,23,1,2732.5841558941074,14643.75700313992,354.10735214194784,716.0990119567633,27.550189427320266,100.82946494511629,93.02110990808866,264.7724114706471,794.5399407383251,51.69740505533985,1602.776701461808,680.8169911592403,111.46607030293157,40.78348601673381,628.9053534527102
1906,9,24,1,3966.834169356609,16794.288515454366,354.10735214194784,716.0990119567633,28.533778279751587,134.7627716125534,77.51541145037342,246.99897050977228,367.9743641413903,36.65872217711414,1171.1511043623677,688.1955425072949,108.46687561515063,36.041436107312116,609.5600349773646
1906,9,25,1,1719.7309724823635,11495.449961062037,526.3742943897615,716.0990119567633,29.517367132182944,76.72629715218179,89.91441086035748,217.5714324520675,76.89068760217646,38.53778447231675,1185.7132300898502,666.9724987615488,107.86703667759444,44.57753856553797,622.1353610482685
1906,9,26,1,3484.437840328165,2455.2790081643843,523.1804968221383,716.0990119567633,31.485291110833522,64.92181231654085,99.21815695590843,204.7010096872363,0.0,38.53778447231675,785.0347692484693,726.0203267862584,115.65694501334548,47.42256220056421,470.2320269825461
1906,9,27,1,2836.4665336798325,3983.04503129324,381.5438960099739,716.0990119567633,32.96142066326845,82.62731630730008,114.71895009935307,216.95855517759298,272.7766400164258,4.69982031881822,928.6236147300327,808.1164191533619,111.46607030293157,42.68051229112926,572.7900248834088
1906,9,28,1,2755.6691287349095,7796.7727330491425,290.9446558307708,716.0990119567633,35.91293349434669,89.51020763808086,37.20762641086952,227.37746884427858,376.21626400621665,40.417877520286886,831.4659499850454,943.7264260340402,118.05630076357023,47.42256220056421,540.8606897179352
1906,9,29,1,2396.0609742162364,13147.271438372109,211.18689225822376,1365.3524673931781,37.8808574730008,114.59524760667786,238.74982181811532,191.21770964793058,352.41683297497553,175.77426944637855,559.7513508012483,944.6487449525939,114.46526499071253,40.78348601673381,565.0466831216959
1906,9,30,1,3059.7539434033124,13494.437131545048,224.5881619523341,1365.3524673931781,39.84878145162036,114.59524760667786,238.74982181811532,255.57925235303435,990.4457417648108,0.0,250.21713012415785,794.2816353758063,114.46526499071253,42.68051229112926,565.0466831216959
1906,10,1,1,2278.845034530745,20275.424373956514,1408.8372049211162,207.1842009870467,2.6153164896401075,319.88319010613895,105.80762914663296,675.4379009189737,1351.2178952448178,401.0555943171585,1086.8164913368141,1028.919568243307,72.82044701929674,37.40927560696653,601.8166932156516
1906,10,2,1,3092.291814606138,14559.63152800219,1269.514720460765,371.42871479838294,2.6153164896401075,310.847356463387,105.80762914663296,600.2991470637444,1404.7146306048976,324.22328302574994,1350.2966798575874,915.2316257624864,63.223823803666164,34.672565054497305,498.30272719603306
1906,10,3,1,3994.396830895295,5042.552071685228,1334.341678531738,371.42871479838294,2.6153164896401075,349.99991722050936,105.80762914663296,641.7767952265,1038.7440311095095,324.22328302574994,1107.8739537196977,814.0386774721903,63.223823803666164,33.759640501558465,471.9093164999303
1906,10,4,1,3002.539032266505,4449.289742089441,1004.8971006581563,371.42871479838294,3.1383051601893404,339.16180989994075,0.0,546.2999447385258,1042.8082707216163,324.22328302574994,1049.7302143046386,1947.7433834778974,523.2914912715563,238.14436416997384,938.760692589901
1906,10,5,1,3023.0368960821447,13125.943853125891,1261.9066667020325,371.42871479838294,4.184431756045381,250.00227089594085,44.08651214445162,546.2999447385258,1051.8819219488303,292.3627149814025,980.6386897202497,1486.5839242256059,321.7616039576767,220.8039554300571,1070.6842929742268
1906,10,6,1,3422.0487111410334,14129.525225539734,1280.6890494191719,371.42871479838294,4.184431756045381,220.48086495116294,48.49557213508735,483.6827450456356,1055.9461615609368,225.82762383748866,1052.7683556433417,1306.5861058142161,197.5709503260252,128.6553110078775,862.6395584814635
1906,10,7,1,3615.882879653105,17033.63141655018,1059.262984810449,371.42871479838294,5.230558351901414,256.6323546067274,39.677452153815956,423.4227656391858,1290.3488182626397,316.71940287810855,1228.0376818440823,861.5041216044173,194.18785871820668,104.92958816325711,782.45990517801
1906,10,8,1,3233.4882648726425,18664.006822029864,956.8712613049374,371.42871479838294,5.753621649829431,265.06471199540425,48.49557213508735,248.10214960392543,777.177131046471,166.79641284121618,1029.7203868662089,817.6211583239703,193.06016151557313,93.97965129387251,779.4181884365878
1906,10,9,1,2291.681075463727,19063.30661247013,633.727102950546,571.0481933142881,5.230558351901414,298.19882038037167,264.51907286669325,250.44994100941815,758.2642392698431,217.39606619914153,1046.7549310624322,876.7272380698716,193.06016151557313,83.03074597766154,739.8411083213371
1906,10,10,1,3520.856375069262,2112.4973186252905,678.2976178882332,571.0481933142881,5.230558351901414,298.7941415500379,529.0381457333865,227.75462409010908,815.0123663196081,217.39606619914153,1038.7405237375733,891.0571614773678,214.51040192259723,73.90665821415463,787.5352268265522
1906,10,11,1,3029.5046686455785,3543.9337483925783,1233.297214545912,571.0481933142881,5.230558351901414,278.9202005866436,52.90381457334199,181.58139311636793,633.2557901756311,217.39606619914153,954.5944850021492,1094.3556683561899,259.1064274667944,71.168916108525,866.698077676412
1906,10,12,1,2445.614062470386,10025.742364436166,1120.523667682008,571.0481933142881,5.230558351901414,54.82010912764276,83.76641695539156,261.4063009013874,255.77299568556103,217.39606619914153,941.572382643099,1017.3663102116082,258.53857993923793,66.60738800335173,826.1041951075676
1906,10,13,1,2944.727095970085,8545.252488603017,817.548776844586,571.0481933142881,5.230558351901414,27.710977182429865,0.0,214.4504727926471,639.8341873152747,80.58631287083209,920.5358729591896,664.4870919917093,228.05876405887125,62.044828345018075,829.1459118489228
1906,10,14,1,4100.866317706712,14186.398786195585,737.4898611438302,571.0481933142881,6.276684947757483,253.01149708205523,0.0,370.1967315680188,234.38375326153272,266.11974952018323,767.2878332901025,947.473953429259,195.88340344835564,54.74555813421519,793.6273509286206
1906,10,15,1,2647.110053865116,14900.872891940551,630.248003366928,571.0481933142881,9.938128033253633,40.361959790759265,57.31287456397764,183.14658738673768,316.6326209476543,223.95165380060496,1154.9127627239718,888.3678736833579,182.33504131208161,57.48330023984481,736.7907009606236
1906,10,16,1,2435.3651305625663,13121.204389738445,375.36235233095493,870.3217410480307,54.39813522021946,28.916298673766835,57.31287456397764,296.6326008642307,13.980984265852847,176.16595549811169,986.6521143013722,775.5342897795756,165.3955897155096,53.833665134436735,750.9998634526563
1906,10,17,1,3564.53871591959,14684.042441938085,207.52551638673987,870.3217410480307,321.68131626745406,98.79884890082712,17.634604857780662,296.6326008642307,375.8476469249385,176.16595549811169,865.4512275818081,761.2043663720792,147.89628844386056,51.095923028807114,757.0919875547249
1906,10,18,1,1588.4849415441372,14627.168881282232,501.4103679930827,870.3217410480307,171.56088109667567,110.8439087296935,101.40102181312677,350.6318031894492,643.1328376051814,176.16595549811169,890.4897027534032,671.6520536954574,134.34792630758648,52.92074058151115,652.561219081513
1906,10,19,1,3260.453901251716,14944.712928279034,327.31273780964966,870.3217410480307,77.93337166872334,0.0,39.677452153815956,233.23280403609368,307.5873248806954,0.0,932.5627221210087,677.0209206631536,125.88619836180041,51.095923028807114,676.9123342512715
1906,10,20,1,1070.1675987413796,14403.229236198053,497.2338634817956,870.3217410480307,48.644364315630966,362.6566083880073,0.0,143.22470461303269,1195.8316179797212,128.3802571955119,936.5646876086947,615.2352617435663,116.84862503593742,52.00884758174596,669.8120983149008
1906,10,21,1,3623.544702535763,13294.194803400267,477.0408207967401,870.3217410480307,35.045017079008566,152.41037450333778,74.94666186935171,193.320350143584,195.7356700659453,184.5975131364588,511.8534811426497,591.9442818962699,107.81904956259487,52.00884758174596,658.6446525643573
1906,10,22,1,2880.6463954964156,13484.958204769073,549.459982514388,870.3217410480307,27.19869447322681,43.9762932478673,0.0,187.05957306247637,0.0,120.87637704787052,621.0379950496689,591.0510888383119,102.17256569707088,50.182998475868274,667.7784934078479
1906,10,23,1,3487.522470320111,15597.574009979618,652.5332608357716,1561.5808634219195,23.53747526986702,47.59062670497526,83.76641695539156,302.89337794533833,177.64507793179013,104.95124678964615,643.0802342800836,557.0223750556232,99.34932376428834,52.00884758174596,560.2060081932808
1906,10,24,1,14471.889870848576,18236.27025126059,607.265340970155,1561.5808634219195,21.44566984242768,31.92797138520631,0.0,254.3629266851568,56.74623670587299,104.95124678964615,562.9466373818325,505.9744500714282,86.93665668312725,43.796652818004226,495.25231983538674
1906,10,25,1,8179.941217084672,11715.242575680713,900.4448625929715,1561.5808634219195,20.922531917120843,56.62727585619669,216.02186562684605,200.36372435993835,62.503279375107056,104.95124678964615,573.9572806476592,565.9737228750994,84.11341475038577,49.27110547610308,651.5444166279865
1906,10,26,1,3493.990242883016,16073.890080475901,1190.1849099120536,1561.5808634219195,20.399393991814037,218.07511501919748,515.8101482090836,230.88501263072476,320.7441191599824,107.76520184494368,515.8659229796099,535.5274899443788,85.24111195297827,49.27110547610308,541.9383265062995
1906,10,27,1,2478.947967219537,15659.187034023998,724.2629426817791,1561.5808634219195,20.922531917120843,172.29247055121476,308.60967277303433,121.3119848289845,0.0,268.9337045755088,489.82171826150926,526.5761421247146,82.41787002019575,49.27110547610308,553.1057722569101
1906,10,28,1,2437.9522395877284,13719.561642475277,463.1085723504707,1561.5808634219195,70.61242580959838,127.70862350697348,1049.246725752192,143.22470461303269,327.3225162998297,144.3053874537643,463.77751354340876,517.6150856849144,78.46533131432484,52.00884758174596,553.1057722569101
1906,10,29,1,4524.256660118983,14732.621941665093,496.5364585538662,1561.5808634219195,227.53141518798955,93.97919395241354,771.5160064088384,134.61613612643237,367.615198780401,169.61036789654173,605.0091803999511,505.9744500714282,75.64288916681079,46.53336337047345,547.0136481548416
1906,10,30,1,3280.951765067885,14903.242623633736,933.8885989081643,1949.1571893687853,172.08327274818782,95.78146763023011,396.7745215381478,183.14658738673768,0.0,179.9178955718791,585.9841298094783,462.09148679098126,57.01429112207334,46.53336337047345,450.5999180715939
1906,10,31,1,4152.210481439697,19404.547976407408,1053.0021905714027,1949.1571893687853,314.88276205984124,71.68727043029716,171.93944124428933,57.916902441476545,0.0,179.9178955718791,819.3657663770293,442.3926964157889,67.74021111083331,43.796652818004226,490.17699818684457
1906,11,1,1,6630.063902533368,18104.75014224298,9547.31496185367,788.6580796648349,167.47876347695373,880.2598225637038,299.63294762981775,1424.1382083452195,2619.5442058416043,175.47535114384382,1783.3889658790501,696.6711679374783,84.0654276353862,27.947869957797597,98.24745074733868
1906,11,2,1,5797.910334121171,10649.100286545867,7838.118134574736,788.6580796648349,133.583008031265,880.2598225637038,252.8198982947921,1028.1252001983473,2030.6075308787188,189.40082103312554,1983.487240262495,757.5442165586477,78.21659810157912,23.95472764772539,87.39286729014142
1906,11,3,1,5588.454007263714,11238.097099091978,6059.814818985429,788.6580796648349,115.64258617052681,791.736380151857,149.81647381490887,765.6157202026831,2046.2973861257126,164.33291372689257,2308.044546042372,713.5835843167373,73.09957207158732,21.95867226926949,98.24745074733868
1906,11,4,1,5463.576244695564,14015.778104226945,4346.813964826999,627.5269666480192,107.66491937801702,854.979060566786,280.9109981053656,919.6176359660889,2042.8947669154818,61.277221276740114,2227.1671283335163,785.7283409841594,70.17555719731801,23.455455914821318,73.115048905969
1906,11,5,1,5695.022998267957,14982.628635384019,3773.911666667731,627.5269666480192,101.68726633706616,868.9242550876294,168.54659886321934,588.1453192660406,3200.4469187807194,172.6923186715134,2179.49973836257,862.3876060422393,74.56157950872198,22.457944002173562,76.54262914255628
1906,11,6,1,5801.591989272729,18598.839200444087,4077.6790631049075,627.5269666480192,99.68725258554174,868.9242550876294,421.3664971580854,781.7485358441212,3194.8704039639747,130.90560147593223,1655.891793143489,786.8545409266959,74.56157950872198,22.957215735077636,95.39692762965423
1906,11,7,1,7307.985971359892,31101.543618045533,4125.7049024581265,627.5269666480192,95.70215055826421,811.9691448339623,421.3664971580854,1088.2814619120206,6080.85859740335,116.98013158665054,2210.5097327173394,786.8545409266959,74.56157950872198,22.957215735077636,127.3784065107415
1906,11,8,1,7271.2689240387235,18786.04800427149,3764.322348909093,627.5269666480192,95.70215055826421,856.202323244049,299.63294762981775,1088.2814619120206,7818.084738603781,84.95258159407837,1677.5778364930445,817.2910652374686,65.78953488591405,20.461888623730907,4815.906663568743
1906,11,9,1,5588.454007263714,18806.190723670577,3441.2970663946126,627.5269666480192,95.70215055826421,856.202323244049,355.8151472508909,365.20885344158904,4931.718476363246,194.97719350541593,2185.6807845346343,694.4187680522174,73.83057579017516,21.45940053636541,5886.938581313481
1906,11,10,1,5553.528035421911,24667.722068805928,3556.6858817383822,627.5269666480192,97.69470157190298,780.3518821687393,365.1842975370122,573.4739802023194,3766.2268796742733,161.54988125456214,2329.8353528863736,657.2153354657139,70.90656091586483,22.957215735077636,1831.8956340587383
1906,11,11,1,9795.391795008412,20010.014424228117,2601.161879953131,1760.3336384731726,93.70959954459089,906.845398083006,318.3630726781283,500.1455715271753,3182.961236728371,128.1225690036018,2338.1116689471332,801.5145574208819,68.71354976018337,21.95867226926949,1088.7607810374034
1906,11,12,1,7528.487263671496,15511.078803147624,3383.6026587227275,1760.3336384731726,89.72449751731337,806.9129924345199,383.9062470614644,705.4783162512766,3768.3062580805486,254.85362177114493,2426.2177677725076,851.1061893758507,65.05853116732621,22.957215735077636,669.4644735444563
1906,11,13,1,7741.525741487155,14039.475421167426,3877.729900253217,1760.3336384731726,85.73193275211564,440.1380663663345,271.54184781931815,805.217021017358,3183.6228571302468,272.9639478965518,2561.04838511882,895.076530238085,65.05853116732621,21.45940053636541,550.0814367540034
1906,11,14,1,6935.044254940924,12958.877768698649,3216.383977146503,1760.3336384731726,85.73193275211564,896.7330932842684,280.9109981053656,431.2110214661296,3184.2844775323274,94.70144126935311,2334.968764113984,653.8367356379164,61.403512574510096,21.45940053636541,494.6700483448823
1906,11,15,1,6841.410809063019,13239.69097443868,3381.7006452831097,1760.3336384731726,85.73193275211564,884.0927122858095,477.54869677915843,802.2846389808528,3199.974332779117,116.98013158665054,2172.166293751819,836.4558815019886,63.59652373019156,14.971962668120126,403.8443864465519
1906,11,16,1,5792.33809929742,15647.338375553762,4219.933818284973,1760.3336384731726,83.73938173847687,822.1140699707781,524.3617461141841,1320.04336048945,3188.348717144434,753.428735424113,1461.9745649323215,910.8530380544837,62.86552001164475,14.971962668120126,362.1467952315366
1906,11,17,1,8116.358037577788,21110.75479609598,4041.1445549502046,1760.3336384731726,121.62023921147767,1130.702468023477,2331.577635322362,3480.482897553372,3190.428095550709,2902.2905675270463,2721.7555855922906,4381.791552512814,1321.6451257489673,642.7917250508482,362.1467952315366
1906,11,18,1,7776.45171332843,15468.423632655195,3199.1073550688448,3614.4900306223035,1190.3066916752546,2193.0653278101695,2331.577635322362,2961.2344128237196,3193.0745771586203,3290.884360884921,1545.8901239798806,4381.791552512814,1321.6451257489673,642.7917250508482,323.8819986246431
1906,11,19,1,6889.172821838332,13499.176594932494,4667.8579833418335,3614.4900306223035,980.9768941737249,1507.548923467913,2078.7086838846417,2440.5715959220797,3191.0897159525844,1852.2627232468315,2261.320027521434,1738.3284458764,331.14308494105705,123.27060347531604,323.8819986246431
1906,11,20,1,7236.342952196921,19081.079600174948,8097.822219658246,3614.4900306223035,626.0490806560122,1459.515475673725,1591.8562410099323,2183.917451118354,3191.751336354665,1746.4044140217668,1974.1632892570688,1751.82342794713,351.6095894904874,108.79791254009999,333.589420339414
1906,11,21,1,6971.761302262092,32291.14892843965,6873.004815030847,3614.4900306223035,544.3097126690598,1272.3562860513675,1966.3769867377807,2569.6529788157272,3792.5971785531538,6656.910598522551,2274.834518304463,3554.422939513145,932.7095586374769,348.3451890174069,296.46309485572255
1906,11,22,1,11638.010446193906,24281.455802681954,5846.393060935577,3614.4900306223035,1284.0386794335025,2428.339516071836,6264.249853559859,4288.632300607359,3190.333578350266,8145.729895939203,2096.5270507648065,9730.950021234303,2954.646649352199,1717.226557367096,286.18209226980554
1906,11,23,1,28060.182505358083,74670.24567828288,5573.374881773961,3614.4900306223035,2189.19415675821,1911.0625052767725,4569.46376778425,2739.7499946959138,2601.0188345862207,3331.2898693719667,3681.808248655087,3469.860857616662,932.7095586374769,493.0720983696072,301.02566996782224
1906,11,24,1,19587.400447445867,45443.1598301992,6196.2842832863535,3614.4900306223035,1066.6491250228587,1348.198572042121,2097.430633409168,1396.3230089634894,3189.6719579483897,2086.2436014754985,2627.363677100406,2645.7931754831384,546.7811840662879,246.03574589872588,251.3327090325854
1906,11,25,1,12321.604254037007,37682.28853231438,6100.153354019888,22389.5590117102,659.9448361017354,1329.2787759670302,1058.076291466773,1944.8010252468596,2608.580210608797,1544.4799468631543,2964.387838719071,2272.5938151955875,408.6262799683251,176.16864988715275,299.313617973407
1906,11,26,1,11674.8269977079,41886.19255748925,6901.852018866789,22389.5590117102,500.4437394172224,1086.4203591062733,1058.076291466773,2569.6529788157272,3187.592579542115,1277.1026789665223,2545.4386244470966,2272.5938151955875,408.6262799683251,176.16864988715275,217.63048753779157
1906,11,27,1,14726.620605649012,39830.45031293456,9195.442475503247,22389.5590117102,410.7192418999091,1128.1743918237557,702.2693197396666,1754.149048467551,2596.954594974114,1001.3247760145384,2164.9376126353,1652.6013295564608,279.97282464126215,117.27727957413309,229.05865186620198
1906,11,28,1,12886.788071875397,34453.52909922434,8383.916741217887,22389.5590117102,358.8830645934822,1076.3080543075357,636.7261453563304,1192.3763097677904,2611.9828298190278,994.3568873059763,2426.2177677725076,1498.1371822574927,249.26906889085652,104.30034073128198,226.77301900050648
1906,11,29,1,14288.80215521058,44990.5410766434,6607.673940188251,22389.5590117102,336.95007796758074,1076.3080543075357,824.0110447916445,1363.9819466314225,3195.1539555646914,757.6135916603448,2289.3966440319455,1497.0692340359599,228.80256434142618,105.30094730343743,236.48044071521034
1906,11,30,1,41494.24364028139,111653.46336086502,6230.916778001438,22389.5590117102,319.00965610684256,1106.6449687038223,561.8138206869468,1063.3892156857244,2006.8837136075465,817.4900199259672,1953.4201173577344,1438.4291680594035,206.1366503543309,86.33790543157913,235.91555046328847
1906,12,1,1,3992.9042679960007,3558.389111726509,913.0457016310919,6500.023545465785,57.70636692192106,432.12977337245104,51.57202174472238,306.16519970314044,1687.2265422506173,307.2880150552228,1573.0238690403835,513.8190151888277,155.38227838457328,111.17048482455142,249.63803827661857
1906,12,2,1,2848.307532680304,5161.394116140143,2710.289901057854,6500.023545465785,52.59289892734825,317.8117986392891,40.71492612528211,293.7379343522591,4880.773705410839,1980.5914428039828,1213.894610094594,572.0901535979625,181.16735484696895,101.06745310541636,341.24585590848244
1906,12,3,1,3034.3803741163606,4948.947669771524,4137.433985336465,6500.023545465785,48.210032971079706,517.4890429924233,34.74352353458994,299.95156702776166,3850.536222326704,1006.6125377119237,1299.0673310754978,540.3041310802108,181.16735484696895,79.84324669114481,245.97059694843674
1906,12,4,1,2719.748114960597,6482.993481889638,2160.291014735331,6500.023545465785,44.557769053184536,464.13848009438954,52.657731306666406,425.07281983981784,1718.7007699448436,536.3625101105014,1580.7763676289162,471.44088803847484,181.16735484696895,71.75793296696646,189.62931227836663
1906,12,5,1,2560.939422483684,8702.721159670113,1588.4189738558991,6500.023545465785,43.09731125030582,445.0882026669866,80.34414268855014,622.9756062206628,1183.9224507441177,440.4509650921424,1302.0007089199685,610.050858559581,183.814644024712,87.92856041533643,253.757391806405
1906,12,6,1,3221.4482574854574,16280.05673785418,1829.1821751019534,1851.3795752241779,42.366709211967006,320.0952223035725,94.46000209864091,941.5586423936132,1457.3607111626231,408.79654760134434,1651.3869628825503,529.7120264476096,154.7184566269766,523.5235478641009,318.3460741553393
1906,12,7,1,3140.551348347706,14381.901650951839,1552.5977207409237,1851.3795752241779,53.32350096568707,381.0626341387007,106.94402695620381,488.972347368705,1189.3099311601804,382.7185025829432,1663.015710765562,553.5466890259023,155.38227838457328,275.9095256196087,271.1647021864996
1906,12,8,1,2447.0071211763243,14913.906416256841,1287.7423492582327,1851.3795752241779,416.3610717363164,647.0488706843305,103.69016847991108,343.43756687471307,918.9245763107973,404.1375450921302,1309.753207508501,655.9532148405223,153.39881096438583,391.13401439110646,264.29042235096466
1906,12,9,1,6366.875311303947,15985.025141949645,1040.7976043331594,1851.3795752241779,344.77849000248113,571.5980287502924,98.80120524165065,905.1725900498164,649.1157763831364,335.2317225828781,979.6224838242572,941.1148072016816,158.68539146735148,253.67955486736653,379.71922737756205
1906,12,10,1,6291.849149570017,18280.11028760015,1279.1832887794308,1851.3795752241779,194.29984341350226,609.7067386895072,130.28514743322023,791.5828588797942,921.3442166380952,316.60602007365105,624.369474172947,736.2920469523057,147.4484087038235,162.71719658741927,677.4511526455208
1906,12,11,1,4808.341131937472,13771.695739743684,1076.618857448135,1851.3795752241779,141.70992958131518,556.3561757915471,96.08693133675033,514.7037640170483,378.0971562917248,268.1812550552507,997.0446529500136,1105.3264091763488,147.4484087038235,127.34523848558946,2566.42677401154
1906,12,12,1,7558.239017462445,12734.938123614469,1209.8390487892348,1851.3795752241779,117.60528623265752,554.8311749871729,77.62986878372372,532.4583472156565,650.3255965466834,253.28687756442545,786.9938465944703,1002.0266903037706,147.4484087038235,110.15956272073902,1435.0819585944278
1906,12,13,1,8936.670606990041,10736.06943971563,1636.7618154489678,1236.6932832045627,105.1872904022598,533.4893188110775,55.915677544879486,902.5136455666126,651.5354167102304,372.4728200737026,1339.7155669188164,780.4371429779268,147.4484087038235,89.94937306978757,993.9461248981864
1906,12,14,1,8872.390898130187,13330.925644658118,2145.471160017483,1236.6932832045627,98.61261833100934,564.7396026731069,113.9995040041139,564.4033965395024,652.1403267922078,324.0583625829317,1273.92409240967,723.9329734444362,127.61373450194911,95.00295203570238,737.9117908453103
1906,12,15,1,9248.317740347216,12603.418014596862,1792.5684163872236,1236.6932832045627,92.03794625972436,548.739326854379,306.1733666776885,471.21776417009687,653.3501469557548,341.7460800737169,1047.3835120291046,1127.3649770185896,130.91684758476836,106.11587430548946,631.1909863183386
1906,12,16,1,6278.21707509071,9659.618817711274,1390.6095761239092,1236.6932832045627,85.4632741884739,551.7811733785715,190.54693343539122,473.886137534496,379.9118865372491,320.3270375644234,1211.9041037001318,6597.49285336703,101.82865803955342,92.982139381238,530.4145653660203
1906,12,17,1,4018.277837282952,11689.53098680173,1666.322274324897,1236.6932832045627,79.61995042936118,542.6393236371026,233.4357313417389,535.1172916989841,929.2080477015583,323.1203775644899,1018.3430713698234,1724.1538603920187,101.82865803955342,81.86405934560922,464.9133679947197
1906,12,18,1,5013.817291063301,12380.663235359814,2181.292413132198,1236.6932832045627,75.23932329445489,483.95533546618424,2348.419214370651,837.7278032099496,1479.666770429397,351.9917625828509,1471.4032794319803,1233.3831095455853,101.82865803955342,85.90671620769838,463.088337949853
1906,12,19,1,3899.469830504809,16731.490625563933,2189.0589680112457,1236.6932832045627,71.58482055519748,490.0553386834606,1747.5182143488998,867.0139080505917,931.6276880288561,318.46137505527577,682.4503554912964,1106.2001849938467,101.82865803955342,81.86405934560922,409.0326861454784
1906,12,20,1,4174.101403961804,19283.691660012908,2603.5393967529135,976.3456600001748,69.39376071397994,505.2971916422794,956.5362857488691,847.4866951964318,720.4951660366897,504.7080926198098,881.857190811359,998.5315870337779,101.82865803955342,74.78966772524325,382.9260658849822
1906,12,21,1,4933.019886118907,23423.612929450224,2899.540238311042,976.3456600001748,67.20195459896348,463.38005723448055,435.37934496812386,911.386222725319,929.8129577833317,436.72994760137004,743.433185605655,1027.6574476181154,101.82865803955342,76.81151193288129,427.8131143688351
1906,12,22,1,4661.174430074317,27794.583039053425,2236.6093040045603,976.3456600001748,63.54969068103377,470.2384833116659,407.1492612527731,882.1001178848006,2042.327663713641,458.14899011055707,777.3136997081851,929.6392181314462,152.73498920678918,96.01387413951478,697.1440958912438
1906,12,23,1,5110.236854353082,18738.653370390533,2632.3866005888563,976.3456600001748,61.358630839816236,405.45449192347104,295.86403115348566,1827.2228773517843,3163.3016590695092,415.31090509207655,973.8185862322384,1098.2391164340638,149.43187612401093,99.04560889779157,548.2824785669435
1906,12,24,1,4310.521652950354,15175.761768444921,1953.050800364497,976.3456600001748,59.16682472479978,451.94662874424563,213.88805391248155,2153.74503145006,3741.652407600747,349.198422582891,665.0177100162657,1204.1601627593245,144.14529562100424,93.99202993189,429.1862322120972
1906,12,25,1,3228.2145426284324,17660.42544961602,1477.7851921114354,976.3456600001748,55.5145608069046,474.805330640159,301.8321635346787,1155.4150956740525,1510.573894921986,367.824125092118,739.5569363113888,990.5705184739952,132.2444910998796,88.93948251914883,449.8003810995449
1906,12,26,1,4459.5789344862305,22037.3198884538,1430.3141066781484,976.3456600001748,54.05410300402589,432.12977337245104,785.528854218877,930.0176918705076,2644.2131951155734,351.05377756440913,836.3584051753041,914.6296913102984,125.63026708176167,85.90671620769838,409.0326861454784
1906,12,27,1,9092.494173668892,20049.11499717915,1664.8165136851562,808.6595761212282,54.783958768565775,596.7483093949717,372.4032850610525,894.5273832356821,1805.7511114054246,348.26043756444915,985.4368577657632,865.1933972784445,122.98297790401861,86.91763831151079,917.4686754000801
1906,12,28,1,6505.186139965218,23446.125380543566,3047.58028437025,808.6595761212282,67.9325566373023,528.1558935381928,364.80822344175,1159.846669812932,957.0811700649912,1187.2210376380704,712.4546202993472,921.6975668121233,144.80111952608044,87.92856041533643,855.1743165361327
1906,12,29,1,4734.2105079426965,28420.19220627213,3134.04264531805,808.6595761212282,123.44860999177023,570.0730279459917,4238.682074438981,2140.45030903367,960.6728236756998,4833.818178596721,898.3155357881327,913.7462068726643,1945.2376852324883,87.92856041533643,590.8838941851009
1906,12,30,1,4205.345720652049,20244.617861934323,3076.4274882061927,808.6595761212282,989.7829248707823,556.3561757915471,1175.3133028996112,254.69293752525846,961.9015472794168,2252.504022877742,1274.8669638594656,924.3383115050775,1153.7702017582337,91.97121727742561,698.5172137345058
1906,12,31,1,4355.298539927078,15576.246424733403,6088.107268901439,808.6595761212282,2579.9431120943823,1012.127539173416,528.2124178285815,2578.8932823390687,786.4398166741628,1839.0690878224423,5514.750347404887,924.3383115050775,1153.7702017582337,93.99202993189,824.9396521265587
1907,1,1,1,64812.80816155334,287857.0282557073,30070.926861287826,13707.79957708228,101.64767569739892,5051.591070227411,50.51375193568137,417.8211335974292,4724.5796565162655,3062.929350095882,2136.3427859732187,980.5614810711573,276.5949634791622,134.1351134792601,556.9179261375558
1907,1,2,1,47024.290337118764,159920.57125317043,27565.08674160892,13707.79957708228,100.47245960771669,9926.838305896907,46.12140073131721,472.7921106664088,5812.533320539733,9221.630649379735,4960.215706976902,799.6657897015909,203.5184805058097,77.21107767971792,525.3705739473626
1907,1,3,1,31966.319609774615,94431.44297426035,18484.37529576854,13707.79957708228,164.70057372551113,5630.66377865423,94.99059059357138,588.6148749460326,4403.244889828356,2878.7252073628406,3448.559602632515,965.4748092849628,185.7668416131705,63.46869566935153,499.0788386300128
1907,1,4,1,25872.920141164494,76037.26857867121,13438.032625605716,13707.79957708228,1262.5056905278147,2968.197487408448,1382.545647223885,1183.8362770299912,4058.904054241411,1743.0138513727652,1719.1265042854313,1160.085656823858,191.23057224885505,82.44493395391488,396.35541793276604
1907,1,5,1,20274.236319267104,58591.58860568734,11223.864179776108,8.732727269614358,2106.8729027762815,2064.2853830588047,2149.5796767691627,1916.8104431983918,3704.5605800026456,1514.7577876837697,1379.8789374141456,936.0233160371985,135.9057281681156,77.8661452593773,394.73095453569476
1907,1,6,1,16893.17355584433,47385.01671255954,9866.956827520833,8.732727269614358,1082.7316930435534,1517.6023585303296,591.3399813706517,1169.9058473326725,3710.3120972274737,1158.0586027634918,676.6212075494927,969.5893561357839,152.29692007516928,62.159897382650854,323.95758913969877
1907,1,7,1,15517.277278688387,39205.90666832874,8812.711675955572,8.732727269614358,758.6701143477216,1257.6280173987582,477.13713697172017,1372.1890330568694,3276.697711673549,1054.461621714824,1373.2532698030832,992.2554563312676,160.4961731442532,71.32215382586774,349.43709275851296
1907,1,8,1,14763.569391569989,28159.25534645424,8110.75518089161,8.732727269614358,2740.041861229867,1088.4818903737994,2813.914231001755,7098.930290592126,3803.920123943618,913.6668273467966,1348.4237477456575,1379.3837854674555,672.0315539577208,161.61453000955137,319.9100815999448
1907,1,9,1,12999.184753805375,29029.443834170066,6917.268508506087,8.732727269614358,5952.724975911971,1007.8504286055879,3518.42064004809,8773.668236895004,3729.0670446995155,808.2135254798079,1446.403317266146,5579.903009923931,2361.6920816000347,1128.0531096208072,303.7337023938114
1907,1,10,1,12020.88203321,24914.522100752143,6599.135027724998,8.732727269614358,5428.5615678041395,1007.8504286055879,7016.455562728106,6401.407816767061,3742.2371855910724,808.2135254798079,1122.88334522916,3482.350336413289,1404.8443684007516,1158.8011796863173,349.83979586952887
1907,1,11,1,13285.49258206638,22177.123081094414,6178.95873235385,8.732727269614358,5718.192721496217,754.5511043409243,6141.839764214818,5717.565525399247,3743.1540941341245,699.683014871905,867.6947533016862,4623.306959632627,1877.4168401161292,1381.925218553008,275.83115463231456
1907,1,12,1,11226.706608528317,20627.54789067622,6629.401247794079,894.1455772101724,2528.5029650901565,756.6761418030015,2151.207107987623,3348.80856663227,3755.490681804662,710.8423588677192,854.4434180796725,2248.275021307708,790.1563863087929,522.1423358907273,317.4870374572621
1907,1,13,1,11787.18200378148,17091.648915244055,5284.245305006817,894.1455772101724,1590.373947427114,673.3455397099092,1622.4632705355898,2280.7533460085433,3388.893975217531,737.5305404776054,1659.2277920443823,1718.5812530434885,531.3423186467003,327.81453307669375,543.1645910741051
1907,1,14,1,14189.942046608528,15620.379659714661,6165.770100144874,894.1455772101724,1126.3339131818548,600.3145143485515,1156.846633505078,1813.4583330490323,3021.7971366977886,1029.0443058958315,1237.795176422252,1526.7134367385486,430.2669590021453,247.33480186175083,600.9968531051861
1907,1,15,1,12430.615851039413,11981.910938582301,7410.574078625141,894.1455772101724,885.9255783177628,595.156157283273,964.7240954514768,1612.2595520318305,3398.313126614568,921.0921106197061,1641.090863533363,1131.3560139008307,359.91868423107803,206.7674024644466,600.5941499941285
1907,1,16,1,10700.62862020384,13478.546905413215,6167.29186539987,894.1455772101724,730.0902216164641,594.8562528027117,836.2255526124329,1335.5695202597306,3031.216288094826,744.9558237505773,1453.0959108126635,1211.4813999424814,340.7992841217391,187.13542816392408,14089.83105284458
1907,1,17,1,11244.917000431758,12182.638828016865,5691.148425655153,894.1455772101724,618.1295989293064,0.0,660.5229390103834,1232.217410110371,3036.80109467545,809.498670661689,1393.1971985716145,1259.484446534908,338.06376168833975,182.55663946938648,457.8256589161229
1907,1,18,1,12967.822412193633,14352.04409460341,7214.519988289779,894.1455772101724,613.7097645051451,594.8562528027117,611.1089879613003,1473.3723337923273,3037.8013585405342,1175.4080627186347,1482.074840868977,1232.7759845210994,332.6000310526552,180.59143673041453,487.75537318570696
1907,1,19,1,11990.53138003736,13271.201613029907,7238.614604825236,12958.14723149498,1393.9084750461532,0.0,1155.8187822092536,1580.3947367960898,3040.6354394918626,1068.7410126243278,2039.634809226601,1245.7692903656914,347.6234617430092,185.17022542495212,557.7233323596294
1907,1,20,1,10547.86366590189,13725.596615487655,6335.362383548249,12958.14723149498,1902.1468535331726,604.5560205733236,2795.8411790493574,2229.452661793967,2666.7034645601752,808.2135254798079,1859.4032650197016,1345.0958950442455,372.8941302119265,211.34619115898417,531.8411256297993
1907,1,21,1,10324.280520864013,20345.205364877143,5221.261131958291,12958.14723149498,1594.2061738064463,656.0710416308198,2630.528428963092,2438.4091072533947,3042.8026778663757,810.0698462980665,1699.1825755169,53.44868544201932,390.65308333567987,214.6148446942092,494.22592486818525
1907,1,22,1,9191.594144464552,22505.78742753203,4726.433796584439,12958.14723149498,1773.0434048424431,1058.491442319719,2428.469995049395,2365.086665912574,2671.0379413092,543.9876760897585,1846.085003862233,439.23870407608547,391.3333068284595,209.38098842001222,506.3616220110268
1907,1,23,1,9239.042332257344,19104.442312050996,5029.856879901753,12958.14723149498,2258.2884250533943,1510.0619030195535,2949.5906020570096,2388.192827745813,1918.3393827640487,643.2365826064935,1592.7703381278375,1151.206897830087,395.4292762474444,202.83699698650884,492.6082869475761
1907,1,24,1,8793.798250215952,18947.830442272054,5205.705309352985,12958.14723149498,1253.0528654587736,979.7450944292158,1867.9484216999497,2456.009829805029,2298.5230068531764,605.3961966961931,1436.7659825592673,1280.0571807887893,391.3333068284595,194.98955475674623,478.85495188412546
1907,1,25,1,8778.319417097939,23714.566366107916,4868.8033904285285,12958.14723149498,870.937315145214,1717.5958035537399,1381.4321416533653,1887.865179096848,2297.2726770217164,605.3961966961931,1688.8759814553587,1243.6759244239768,377.6776373548052,188.44556332323668,480.069886693677
1907,1,26,1,8762.840583980276,68572.83805286807,3863.5928970755176,13788.183985223579,703.5712150713982,2890.050948478953,1149.7373287086577,1537.1019642637204,2294.3552407482166,1161.771244400009,1864.2219323732522,1677.435784535726,432.31494371162466,192.36928443811487,466.32337710668844
1907,1,27,1,7729.299674610828,49123.18788700827,4718.655885281786,13788.183985223579,598.0998290532723,1867.6337308185393,954.7881995913813,1410.310029294334,2298.8564281415847,563.2148759494227,1177.9633901166585,1703.494581257294,530.6620951538945,221.15883612771876,452.97274515429535
1907,1,28,1,10411.285726625536,47829.48561059484,4012.97951959496,13788.183985223579,528.5662104147582,1396.0982004141167,775.8307235524106,1363.4303796543677,2299.6066260404327,563.2148759494227,2079.5226667635525,1557.5364456031787,441.8746437662941,216.58004743318116,450.9524041226286
1907,1,29,1,9716.154600130027,38813.27409338993,4773.862147027857,13788.183985223579,478.1852076143502,1183.6801411968943,728.0613345767499,1327.478192830805,2301.607153770741,495.6090996881968,1844.8803370238177,1336.2171360504744,439.8266590568148,244.71453154311948,436.3936628371044
1907,1,30,1,11656.67419513937,35324.79983908777,5441.409838828913,13788.183985223579,443.4141402657659,996.7111193283613,513.9256479364991,1321.9727535492,2301.107021838129,545.2299830988643,1812.822813936233,1152.5784134469527,360.5989077238577,185.17022542495212,516.4701526457395
1907,1,31,1,11528.189763375463,33017.532011077055,7538.148732491224,13788.183985223579,416.30752567589565,948.212280475187,261.90507561591164,1263.7485623593238,2307.608736961806,512.3516855296494,1715.5125037702962,1280.7068460810303,327.8165239097765,170.12372418202676,447.31442517035265
1907,2,1,1,9996.493466600623,8866.878790668517,7934.5685813838445,13903.7930216515,600.8334838705429,783.0163238939359,497.38580750038585,1155.4749231552162,2211.1666292943332,449.8079533458595,1355.2501931630854,750.0024873623139,196.37247671588284,64.55089404840051,1149.2054712819752
1907,2,2,1,14098.890087090958,9403.219299637012,7614.152452720459,5959.194230060721,535.8559565941468,836.322203135189,276.3292554679519,1018.0891883561264,2214.7509081446487,376.99733909813466,1279.3561823459163,988.8627598051835,188.60476328203728,554.7753963385192,1127.3639466154787
1907,2,3,1,11470.523522347834,7861.474702707094,6557.371025730403,5959.194230060721,489.4434371109787,772.9309646483082,206.61524132537465,1090.410640736759,1856.4063784451275,368.15125642968115,1215.5757658479115,1025.2440161701084,217.56180422804357,292.3071965140869,1016.5182089328753
1907,2,4,1,12994.126311609876,8272.194845704866,6519.411436872901,5959.194230060721,454.84269093484636,727.5511323927894,175.84822586893952,1019.6740875432591,2218.5018976390293,385.1580110029349,1349.8291923904385,991.0283107792822,190.0164098853696,152.24305300262535,953.7238255166144
1907,2,5,1,11645.545622309273,10412.704119416696,5963.206236219553,5959.194230060721,438.81546861057194,850.7261869006035,149.46670927484956,944.8501627620248,1854.405850714819,444.3675054093468,1195.49798520847,961.7933726290063,263.4805471073017,116.31460156738254,944.3729227687404
1907,2,6,1,10459.846771701621,21465.752264141112,5578.791424337645,5959.194230060721,432.90532392776356,815.431713890655,163.2827437768874,875.7819245023766,1854.405850714819,904.3852232555662,1143.2957555458772,1035.2055506508725,521.3071935701861,97.43796029238216,921.2345575751466
1907,2,7,1,9472.438855154347,39795.958431228406,5235.210646794568,5959.194230060721,432.90532392776356,803.9068131384698,2844.9210784272564,2022.331362761741,2227.170851137218,766.2321162058009,763.6249236537767,949.6662871740314,490.93119178975945,99.26279140714009,856.6655502797308
1907,2,8,1,8910.243589554855,25630.304519671943,5263.025133952887,5959.194230060721,432.90532392776356,747.7218508840447,2452.3675376784186,984.7228896799721,1853.9057187822073,603.5969934415723,733.2405489527937,949.6662871740314,358.1340118413683,98.04623733063069,831.6843064424024
1907,2,9,1,8453.263921619977,41731.54879363733,5003.6487005124645,4166.802567629338,422.77973022766747,810.3847499181499,5704.917309194073,938.3437345201439,1856.7397997335356,773.7287964332733,925.786465285112,953.9252040898446,313.6269155654425,113.87480905131034,811.2078770675411
1907,2,10,1,7997.093604436518,27714.786448419607,4869.14156048526,4166.802567629338,401.6854530240423,886.7747054615893,1847.6483586064558,948.1033768829212,1861.4076977711072,557.3246271992703,853.5064549830777,944.6855199335932,297.38200828048895,118.13943268214045,747.5944364762825
1907,2,11,1,6980.1443854680265,21962.05748527157,4554.051610213768,4166.802567629338,387.335894248053,813.2724016307616,1015.5170803225309,953.8590634045952,1854.739272003227,500.8424964565461,1384.4299010257644,948.2225865246696,260.6499396695229,119.3559867586437,729.7799429201534
1907,2,12,1,6250.0088389804405,19803.68122359893,4620.924738913819,4166.802567629338,372.14324566863075,792.3819123862849,738.5454177946527,977.3823039712534,2592.267161926652,462.73794181444447,1146.9097560610123,1082.9920421460354,260.6499396695229,123.62061038946764,688.8270841704307
1907,2,13,1,6144.692072471636,17293.479705170077,4189.081576588493,4166.802567629338,358.645292754729,828.3961561494547,591.5883787671985,1022.0931441973178,2588.6828830763366,436.199693809084,1188.2030582428558,1133.5937499074255,259.2382930662167,124.22888742772236,715.5146971223344
1907,2,14,1,5779.573714805747,17093.854716226302,3990.6602958568005,4166.802567629338,345.9904296442602,797.4203076593502,498.0196491328883,1012.4169175811714,2592.600583214921,434.8360119772401,1149.3190897377322,1092.2317263021746,267.0060065000623,105.35224615272199,712.3749779515442
1907,2,15,1,4994.199979543736,15168.190458239826,4179.612815002775,4166.802567629338,335.0132300821012,855.0533801198299,448.4001278246059,1365.2655260815695,2589.68314694156,477.02447241947317,1136.0008285802633,1167.8094552981395,283.2582280161039,90.733544145486,703.5018585557696
1907,2,16,1,5414.556525983697,18436.08461426186,4126.9428286815,4255.8576535026805,625.3086363466037,1067.574263730386,439.6119992448965,1764.5767054884268,1858.5736168197789,434.1577409090495,1224.6776930711487,1042.3518688654094,269.12713352060473,86.47560487772161,649.1710659477636
1907,2,17,1,6225.323641066689,18882.759313279406,4367.381738950287,4255.8576535026805,988.2034423530913,1179.9099134414776,1497.8363009110076,1774.336347851204,2230.755129987395,485.192284019736,1067.334818793253,1136.408966173765,289.61429484664336,82.81925828514618,705.2764824349246
1907,2,18,1,5368.929377381073,20978.270246941644,4354.3621917697765,4255.8576535026805,1909.6409851194346,1232.5217280277711,863.4807428079768,1845.8236427649108,1858.1568402091998,459.3323070825661,1343.1365988439209,995.2872276950955,305.1570359454748,81.60270420864295,707.5288896661372
1907,2,19,1,4564.83940599607,19590.821428759005,4308.793776637888,4255.8576535026805,2846.407433403181,1151.8045792651053,814.537890269487,1849.9110143527334,2590.349989518376,491.9964137880926,2062.3896272845827,1021.6347645465358,325.6368830403992,119.3559867586437,531.622710383136
1907,2,20,1,5692.973184419935,22018.30541033256,3868.0736503260755,4255.8576535026805,1415.1986215980712,1540.8235340236083,692.0779737936917,3115.9952176193965,2228.7546022570864,506.9683551567744,1477.3900253864479,986.6972088310848,323.5157560198567,110.22514682180064,716.4020090619118
1907,2,21,1,4835.162556919509,22286.310229743358,3830.7904015818394,4255.8576535026805,975.5145150081764,1508.4338501252084,1796.1701395381278,2306.111733002403,2233.8392769050984,532.8283320939443,1331.5584120085089,894.7334774644438,378.61385893629273,344.0709040330689,625.1249123852476
1907,2,22,1,4785.893329936197,20230.503713771584,3563.6360568387636,4255.8576535026805,789.0213472721199,1423.4323516405148,973.4608314664149,2004.3969772233188,1858.907038108048,521.2620254572032,977.4532874639519,898.3427290879042,483.1561641247735,344.6791810713236,710.1908254848696
1907,2,23,1,4784.375797277547,22208.004294853887,3772.1178967554056,2907.296307483062,682.689839333301,1329.7764667174254,690.1935797512608,1798.693745884788,1120.1288183533015,609.04458107361,987.157548106397,902.6016460037175,375.08108531241794,640.0277627766778,626.0122243248252
1907,2,24,1,4883.622433151753,21971.98358969402,3701.0176423474945,2907.296307483062,620.241581467253,1155.4034330316133,547.0053288086682,1618.1820700467667,1487.892499449721,1614.1423484141678,1163.306610249864,899.7142447048819,1058.1498140080894,506.05307401079824,633.1380217472517
1907,2,25,1,3833.1863268498346,29304.06605652894,3610.9798647679486,2907.296307483062,2338.339376088565,1127.2980988552413,638.6896644005475,1512.4943189900675,1493.3939507083126,1141.2089214902885,1606.1555252207615,866.2203896389049,855.3993277683509,345.2874581095722,575.7016373507662
1907,2,26,1,5460.082505742482,23936.249364879506,3087.32353206578,2907.296307483062,1720.6696443247606,1141.7792009156128,545.1209347662373,1396.9635098238723,1485.5585504310045,2176.2505715681477,1807.8702947117722,891.9182611981042,594.061850374908,268.5576545700079,589.9532321956611
1907,2,27,1,21708.810525889778,21234.143160946405,2743.7427545227024,2907.296307483062,1062.4634735261259,1149.6624044040914,455.31242778936524,1701.0973222570146,1859.6572360070354,4609.030400826172,1283.5725162802592,1302.578910919505,1296.2280364866022,248.4577748554447,654.9590699844035
1907,2,28,1,39716.86474160619,30102.566012303367,3235.4420168727256,2907.296307483062,830.3668118759127,1113.6738667392408,392.5107136114902,1931.2413673758485,1863.9917127560605,1816.9096993296077,1451.8912439742478,6319.583037643113,875.8791748632754,233.8457572112683,647.3896165921882
1907,3,1,1,6451.739513733832,19704.420179373108,13426.196673623272,10886.216531763417,1996.5899436374086,2031.9813861548016,495.0131840924568,3898.2680900819096,4643.308217470658,1072.8106390335968,2270.730064386656,1453.9509240088112,677.1734584247747,149.8099448496127,849.3622904693722
1907,3,2,1,7690.75434508155,20422.408399275155,11589.933266085416,10886.216531763417,1820.7333331187058,2085.792818663284,676.66876978306,3452.327508275067,3856.267266221159,1036.755176986992,1981.877726920451,1719.8805836279703,634.5680622362283,201.60038982082688,757.9009059283136
1907,3,3,1,7457.560159872228,17156.720044236707,12579.926106889654,10886.216531763417,1687.7976580486195,2392.8093197424782,571.6394981997935,4063.598100022268,4567.9550062940825,984.0642245308105,2056.63399683466,1554.649044304343,601.507737640123,183.19165395986715,815.4396724716895
1907,3,4,1,6487.856791009201,16622.916206398026,10859.485943749867,10886.216531763417,1579.2179106339222,2007.5605927393917,466.61022661646984,2726.5270963220355,4116.419226489135,933.4437837565133,2311.421033149292,1393.0989416366724,570.9854512375963,171.2065909973755,879.4626416504261
1907,3,5,1,9532.12847306053,17172.16065111577,8887.109088415578,8661.013539205034,2306.148674502084,1766.1803294013114,597.464262008595,2594.3131378177627,3692.474058298484,1018.6917474864084,2548.2719187593807,1423.2001001766776,555.0916270457037,170.77879176167997,872.2276366046472
1907,3,6,1,10824.054609772249,16542.404470525642,11966.147454093903,8661.013539205034,1915.7725473264009,2086.6496886076548,2456.9928685098866,3203.9154146311116,4473.680137001262,1145.6355326722467,2831.100922033842,2154.7954042592087,681.6205109368208,362.11199992585694,846.1543165340022
1907,3,7,1,9291.24545571447,16995.696572491936,11927.257897580637,8661.013539205034,1641.4702991516774,2138.8330682217343,1356.7637105524307,2838.6378598738966,4072.9077483538485,826.6339397531434,2480.8775017462413,1755.5399896681581,534.1070980045041,305.18127976325513,829.1588801528295
1907,3,8,1,9982.127490765548,15178.11656266294,10216.117410998302,8661.013539205034,1528.8028435990186,1999.1632672842447,883.26688025353,2438.6593544934635,3713.4795994672095,729.5340815682559,2372.122856615914,1639.4664574565593,502.94847349580414,255.52983097051256,885.9468442857872
1907,3,9,1,9835.938511317747,17105.986621631666,9404.509275069893,8661.013539205034,1458.886002322574,1965.5739654636561,835.0692199045659,2536.2557781212367,3325.793996389321,839.7709793898917,2070.6215173467917,1636.939981320092,481.3349205795454,244.40036647941204,861.1703647421978
1907,3,10,1,10832.148117285045,17236.128879616965,8164.946932467682,8661.013539205034,1416.050227460134,1939.4394321593893,565.6094372639687,2657.9593525425253,3651.8800164366967,839.7709793898917,1938.576646674619,1636.939981320092,477.51689194258466,238.83897641538846,969.627185664429
1907,3,11,1,10155.328551536819,20084.92084890655,7451.91536804897,8661.013539205034,1393.3123509426946,2056.402179570269,600.0510211032042,2805.60522418453,3417.06807408661,801.645005661465,2510.927246769948,1629.5771080081793,492.1453541532449,231.98750428122483,955.9079779832474
1907,3,12,1,9798.910714447118,16667.03222605432,7252.648662175745,6202.063526118968,1375.5989490115294,1923.5016511935237,515.6815605669448,2724.1080396679768,3369.9723171011465,768.3740248422483,1747.1015453096945,1571.2516017725075,527.7510311739908,209.300776063322,1073.510937359572
1907,3,13,1,15734.790293091664,20738.94084030741,7167.007095332326,6202.063526118968,1375.5989490115294,1857.008543507924,600.0510211032042,2261.2340612829885,3212.6808243022865,971.56975748494,2170.006531512061,1543.6047343364735,542.3721791535369,206.30618141346554,1066.3441870783727
1907,3,14,1,20605.058438847795,26728.793409107435,8679.979928725466,6202.063526118968,1389.9059274943934,1922.6447812491524,589.7125501521913,3203.1646729109048,3212.6808243022865,997.9152337130621,2192.694423634699,1636.3625010603475,531.5617455798636,205.87838217777,1140.8101352382998
1907,3,15,1,34914.379721268684,39481.63179117907,8046.418327616552,6202.063526118968,1407.6193294255831,1930.185236759871,2291.680118423621,2787.0035126725325,3551.1867873423707,728.820112022815,1952.5641671867506,2044.8575998075378,525.2056787493242,218.29124437595718,1093.1000547948559
1907,3,16,1,26418.220209831514,32693.279266604604,7222.128814564165,6202.063526118968,1452.1583160121734,1853.666750724779,1800.1102361723224,2630.598987628026,3364.8876424532727,1027.759160714013,2129.315562749425,1927.4847370114574,567.1747368316974,228.5651103956728,1130.3671562571094
1907,3,17,1,23756.467926598096,37075.10291894186,8043.121169564259,6202.063526118968,1469.8717179433384,2010.9880725169912,1715.740775636063,2929.727855259789,5069.420624035823,1140.7805397629743,2226.7597247862723,1673.2490526524089,550.0009221963966,211.446456604847,1175.4153008818212
1907,3,18,1,20563.57921284541,42105.432060222694,7804.288567064501,6202.063526118968,1475.747798391676,1891.5404022673379,1745.8910803150147,3117.663532553248,4188.188158815535,1110.294040171083,2714.3820905831267,1918.8947181475587,567.1747368316974,228.13731115997726,1162.9929337277367
1907,3,19,1,20729.4961168553,46655.99948774359,6912.5341277132275,6092.867178430476,1468.1685062191877,1783.831850256034,8188.03473147408,2291.096898598177,3233.686365470873,1347.403326223994,2425.5297531168103,3906.0042919791695,593.2426564911163,261.95350386898065,1150.570566573652
1907,3,20,1,17620.57754354649,33727.79992753891,6885.395980668173,6092.867178430476,1449.6886590121367,1840.213892597687,5557.078031137685,2603.1552069668955,3885.2749183112583,1379.3177649068296,2058.6417748985377,4691.666185381671,637.1134146608688,547.4426500641956,1286.5340576227431
1907,3,21,1,15089.333068955531,26849.00956267028,6265.361181824568,6092.867178430476,2126.970801121257,1793.0860456555524,3605.4453830986918,2263.653117937047,3180.0888933618717,1472.2765997278852,2058.6417748985377,2995.101367241426,677.8097965309219,327.01240950976694,1357.7237770826791
1907,3,22,1,16377.212451910851,27675.082030729147,6686.974699936481,6092.867178430476,3622.050052582096,1528.2275458408874,2879.696713937676,2602.32104949997,2935.857799614609,1506.2615500926056,2657.026563889708,3569.982965831732,686.0748776799547,526.467118789075,1341.4108883473864
1907,3,23,1,18595.845198824565,39117.67462901682,6098.220631331756,6092.867178430476,2735.272868402246,1541.6804039680367,5184.310627834343,2470.1070909957853,3211.263783826623,1807.199713511125,2632.3308937031925,3579.8723152801126,821.5344377506821,646.3177484139915,1465.498050359072
1907,3,24,1,17019.634610730038,42017.2000209101,6109.718413257468,6092.867178430476,2239.7234172601416,1727.5354949087782,5048.29163968048,2430.568027064538,3100.401205436133,10643.857983969763,3258.0214643640747,4542.965018493712,997.661122767032,833.8074478199743,1443.3152518696354
1907,3,25,1,18917.562122453706,49100.026976689005,13673.906240109913,6092.867178430476,2220.3919641910275,3101.783511740713,4595.523143848434,4878.069450707221,6823.299956300519,7558.795577964029,5786.951787774131,3530.064642875955,1857.9609853759573,591.9605080286102,1535.4591840565324
1907,3,26,1,16187.015025362916,37376.19475309438,12218.084146288209,7019.997458846636,1985.6042280166441,2655.182896718369,3677.737590908455,3536.994491165798,5586.890463620447,3721.923240571123,3462.1455675318048,3061.4394120812512,1567.366583561194,474.2488745821653,1553.751460964719
1907,3,27,1,14528.857673702367,27660.744324341536,9994.61602390115,7019.997458846636,2015.0697908444597,2520.6543154472783,2322.686965849122,3142.68825656032,5586.890463620447,3031.229102276735,3532.8862813181477,2944.716214577412,1297.1057442192287,425.02522502511823,1719.0645007844876
1907,3,28,1,13391.719868170445,25331.418486501676,10748.73525020139,7019.997458846636,1799.6986683254167,2575.3226179001317,1719.2526008969544,4708.735484925673,6188.382467879835,2732.2900535855374,4945.759704916472,2834.1287448335,2120.5418820573163,386.93103995917176,1835.984912514974
1907,3,29,1,14589.558980047297,22010.585106893028,10698.009741705877,7019.997458846636,1634.742612841277,2629.990920352985,1292.1803874617244,4057.9258292473132,6269.57055160327,2272.565063252969,3923.8006703683845,2897.43501830961,1414.7185803929374,374.9526613597335,1806.5671089797167
1907,3,30,1,15157.116194374157,22234.47390664753,10698.009741705877,7019.997458846636,1654.1592264966168,2426.3986215630666,919.4129841584398,3320.8642914910015,4898.375503090761,1811.3407368748942,3523.51665035309,3354.4384588765874,1164.8644458348595,423.7418273180316,1703.365904930412
1907,3,31,1,16841.57744545095,23111.27979731143,11078.451055422225,7019.997458846636,1702.956242393571,2524.8529781748516,730.0399483212996,4535.397563303108,5467.275576409736,2272.565063252969,3421.454598769169,4020.273198379038,1304.785686879835,518.3389333108844,1648.4890742057687
1907,4,1,1,14691.739512394963,30652.913357512567,11697.302259067566,7855.814664396479,1425.417891942974,4383.832322554938,5925.819683532137,5478.495995384562,8547.254727931924,3515.514644973729,5013.957233155185,4338.970116733686,1236.7633376002714,365.78171524454535,2396.015255917513
1907,4,2,1,14223.327765098467,30078.302201492643,9455.234783565405,15571.995289482658,1349.5398096319902,4383.832322554938,3039.2706276219533,4231.347166616596,6523.637573358151,3941.9686544870806,4338.808396185817,4726.387185999746,1007.3159078260547,372.0382790665672,2516.28015111257
1907,4,3,1,36900.32412719297,36818.127104444975,23020.081180410103,15571.995289482658,1315.1349328041258,4383.832322554938,11128.203363318993,10253.463583182582,18097.273980703405,11829.761399006884,4905.336439895769,5167.3655493584165,2158.575883805033,378.2948428885953,2434.169669319344
1907,4,4,1,37282.7423571674,33748.755036875926,38733.998287181654,15571.995289482658,1247.1767850104359,4383.832322554938,29402.542861195387,20143.23451079499,29607.81040922045,14138.738909079211,5944.562365793848,5420.735013327735,5386.053501343021,368.0610830472248,2449.0492079984215
1907,4,5,1,30273.764851185028,28823.201442278216,28470.53706825397,15571.995289482658,1184.5837541478504,4383.832322554938,17836.646154383794,12292.978589762537,18738.276407637186,10268.310003048899,6132.891948191935,5782.237655937108,4641.684201753561,363.5090318049193,2554.434564514401
1907,4,6,1,24750.957662219065,28219.914873481724,17208.628757106126,15571.995289482658,1175.982534940872,4383.832322554938,7955.740338606794,7052.551135432209,11016.239368475657,5603.804168539157,6210.860663008436,6116.02124607795,2596.698327014289,366.91805696435836,2619.7543742201933
1907,4,7,1,21060.318236436346,26225.870785028226,13963.041638534218,15571.995289482658,2226.864168742799,4383.832322554938,4828.074499539691,5817.497589934361,8461.398746171057,4388.271017364712,8160.948570583124,8978.37433860723,2097.794623319723,409.01617550187945,2333.903420147091
1907,4,8,1,20760.858458467046,28037.936292400605,13611.344779631954,15571.995289482658,2902.443099127769,4383.832322554938,4029.262734097001,5870.4665890827,8749.808160630144,3795.1051189824625,11288.397534855374,11727.180375061376,1877.124270871929,865.825546866458,2020.2727768887262
1907,4,9,1,17844.16068858436,28288.294703948748,11683.775456802057,11740.639566613538,2232.314446260081,4383.832322554938,2960.4686949383495,5385.821100811625,7596.420568759751,3365.4382465144713,7592.078119131908,7526.011485312659,1714.8946249556866,593.8989733153501,1840.489726977441
1907,4,10,1,17495.12817709988,27141.278192891135,12143.6867338282,11740.639566613538,1854.7124070155387,4383.832322554938,3164.5828314438095,5188.376028395457,7628.595723089587,3112.693027415675,5865.790539751773,6519.102467389838,1580.5321995507752,505.72554022096546,1787.4557748965321
1907,4,11,1,18341.911400614397,36335.056689211335,12863.988954464568,11740.639566613538,1647.4315401862164,4383.832322554938,3585.7448999277763,5541.641715629186,7588.835234448819,3065.2854495959555,5659.257102907211,6085.486977343193,1434.247577444172,448.26675537680535,1632.2444402350557
1907,4,12,1,24658.894014262045,54754.59779610267,13721.250048038899,11740.639566613538,1525.4815807369193,4383.832322554938,3283.5566189410993,5367.553052286415,8038.787263134037,2968.9709579111336,5670.032178517051,5636.1351502180005,1291.912640134454,406.7434920622534,1603.1679105227383
1907,4,13,1,21496.355953682,41472.367178158194,13233.4397413404,11740.639566613538,2406.723326813262,4383.832322554938,2769.202699631297,5347.199610093934,7017.017724856346,2843.3837148617395,5649.285138522946,5798.84021340516,1376.6845786452207,405.0322951194774,1610.2664060393581
1907,4,14,1,19515.469989953206,32858.7143403152,12447.194359659748,11740.639566613538,2484.900744951855,4383.832322554938,2512.0685671137435,5830.760693658103,7430.043345852124,3460.1820051992854,6280.530561827386,5209.01631309354,1714.0900595341232,378.8696981115583,1557.846746839708
1907,4,15,1,22325.940473731822,34000.216348914866,13720.404622897368,11740.639566613538,2106.4470998452252,4383.832322554938,2391.553002672631,5751.348902808909,7504.729714451883,3333.024029149821,5473.470706056755,4804.92450132693,1743.6395531996438,372.60644992647684,1747.3902280863867
1907,4,16,1,34270.94587401075,34443.58234645871,17194.256529699083,9574.776524784254,1911.769999774641,4383.832322554938,4365.198799298216,7562.555010697231,9378.307289249324,4335.365874044841,5096.878467196148,5220.999028483522,1566.9277296948674,360.6614931423303,2143.7456460191947
1907,4,17,1,26556.821525986066,28408.510857510926,16074.913642231266,9574.776524784254,2186.2425691217672,4383.832322554938,4648.114868487224,7183.847520722924,10815.35304221934,4190.787041085796,5424.547847232022,6086.425382765306,1682.8582927143602,357.25246798289123,2478.740030591956
1907,4,18,1,22535.359980622303,26085.802422620483,12859.761828756707,9574.776524784254,3283.1960800620077,4383.832322554938,2796.5264132465736,5772.703333961576,8408.051340028293,3382.7877064695517,9694.221752082754,10078.474233448565,1407.8432031539467,452.81880661911697,2990.9237840219334
1907,4,19,1,21649.12090798395,25376.637406649425,11366.741028705,9574.776524784254,2929.7796473004273,4383.832322554938,2182.6422267864273,5361.380287031321,7070.948618253755,3096.914300460602,11429.611258686125,9251.233761343436,1387.8753522363857,511.9821040429935,2941.7803535222333
1907,4,20,1,20591.90648913985,23958.307374707318,11040.406924050492,9574.776524784254,2436.4443713997307,4383.832322554938,1832.230589168343,5146.584739303588,7220.2380001313795,3175.879332190343,8049.182258356869,7286.3571775125565,1503.805915255878,436.32179859266495,3054.94675320067
1907,4,21,1,20369.335032541076,23112.38269780289,10991.372265838241,9574.776524784254,2126.0340346729927,4383.832322554938,1550.9419511977385,5261.615053989559,6775.0372248057665,3494.952322064009,7236.032142458929,7230.0528521859915,1622.954739961703,403.8959533996644,2894.616311195468
1907,4,22,1,20990.511734139167,22726.36752581216,11501.16362621817,9574.776524784254,1911.0035544987795,4383.832322554938,1284.12888564406,5246.349972345264,7610.590973516393,3434.9074832893557,7791.51740681722,7598.19651778254,1684.4674235575133,406.7434920622534,2793.735769141956
1907,4,23,1,20585.836358505254,20774.23365603204,10959.24611045763,12692.607725949743,1767.0821638079044,4383.832322554938,1279.3322462633162,4876.818214506789,6924.409962005425,3220.8594135554263,8122.800787368118,7928.803966494786,1431.8338811794295,415.2727393239013,2739.404976533992
1907,4,24,1,20666.771433632177,20485.273727284886,10596.558724714652,12692.607725949743,1667.0184750139592,4383.832322554938,1173.2922542390727,4759.702506153549,6379.016089517958,2946.837902001344,8537.741587250208,8076.783283058009,1428.615619493071,402.7596116798514,2651.4245849866634
1907,4,25,1,19998.04537539675,19824.636332935956,10814.678411245477,12692.607725949743,1534.849245219759,4383.832322554938,1078.4729721947767,4811.670516341613,6923.493053462373,3103.982598960822,7429.448095952387,7415.568385633628,1351.0847697765846,387.96711623311586,2681.1836623447775
1907,4,26,1,20275.248007706206,19746.330398046484,10945.71930819232,12692.607725949743,1412.1328404945757,4383.832322554938,1025.3673219079885,5046.819506261826,9718.397003409276,3430.1952842892088,6715.34836454244,7594.58726615908,1443.0246547705683,371.47010820666384,2685.688476807286
1907,4,27,1,20149.7986412596,20389.321384533436,11974.601705509824,12692.607725949743,1410.5147893566511,4383.832322554938,982.0262589320204,6236.995380040348,8997.373467261346,3871.71405121213,6906.75653997191,8250.02736098579,1458.238255469655,392.5191674754213,2652.107132632502
1907,4,28,1,22215.66643387136,20579.020269054094,12797.200368278947,12692.607725949743,1306.5337135971477,4383.832322554938,903.2243262484159,7021.937556396901,9753.406238690439,4734.974628648256,7232.016586331063,8112.875799292949,1767.6302312251266,393.08733833533086,2998.022279538553
1907,4,29,1,23742.30428845105,21587.07131819475,14298.675419746376,12692.607725949743,1202.5526378376442,4383.832322554938,819.6771467488961,7026.024927984723,10648.642398023303,5844.697493183024,6968.32840059956,7945.406523962839,2190.5390737353223,358.95698056261386,2794.9643549044736
1907,4,30,1,24644.730376115003,21415.018841536075,14296.984569463113,12805.507175586345,1132.9764389060294,4383.832322554938,731.2819353038042,7352.847823517598,10774.508934391315,6293.284558606228,6918.133949000956,8007.485651886964,2716.5785748306666,354.4049293203022,2630.0608436722246
1907,5,1,1,28115.83341061625,18785.704070035827,21469.57147073023,16855.43623295193,1071.9162985951916,5735.887407826875,4940.5385621631385,8430.82951799754,6306.2468933264745,6268.581212332738,10111.839589383384,8867.209388603571,1992.9816915803585,306.55825855314504,3101.564757410756
1907,5,2,1,26033.77860297889,18384.248291166034,20679.944388483247,16855.43623295193,1081.028481319403,5735.887407826875,5677.079669930856,7509.4191800554545,6941.331092391361,6168.839666829588,10475.916678312095,10063.315376629987,2318.0261219012173,284.98113460282923,3318.137125432279
1907,5,3,1,23841.44975548142,18284.987246939538,19598.645632386964,16855.43623295193,1111.4308105955074,5735.887407826875,8249.277537853171,7235.815530910989,6975.5067744515045,5717.039738451744,9944.524750721223,11429.778041285346,2612.058212335502,281.80606215040746,3613.4072370178355
1907,5,4,1,22648.669085800066,16883.20072236862,18127.605886016685,16855.43623295193,1173.001914423627,5735.887407826875,6798.80805082702,6660.41371024072,6324.501708865903,5369.550760668134,9084.526479997992,13060.437924780632,3039.721305064172,312.90840345798244,3948.538131119756
1907,5,5,1,21719.939098719875,16166.315402958033,16818.042341690598,16855.43623295193,1274.7688149416983,5735.887407826875,9699.490062055407,6167.259815807124,9085.730108685277,5088.460950613893,8479.51602339576,13732.480577075507,3047.6206746579155,336.39057087975254,4161.492996618389
1907,5,6,1,20994.558487895567,16314.104068805978,16082.522468505653,16855.43623295193,1305.9375894936888,5735.887407826875,8317.287031930131,6130.390055770004,8343.034188791806,5290.15734721114,8397.197122774005,12980.31253873898,2710.288336080102,347.1791328549073,4144.156286414318
1907,5,7,1,20423.966208251757,17042.018393130475,16196.654862620459,14950.596718682471,1313.516881666177,5735.887407826875,6912.128656197017,6074.00101100733,7007.1817968487285,5606.731443675608,8875.04830199296,10489.20706820235,2207.5080898996885,340.8356723131356,3684.2556826548316
1907,5,8,1,20110.34279213506,19869.85525308304,15972.617200098708,14950.596718682471,1208.6842000446104,5735.887407826875,6073.658961588526,6856.690962203174,7019.351673875062,6134.140746919364,9585.13247727504,8846.275729187322,1795.7900209806576,342.1057012941031,3237.937777047367
1907,5,9,1,20205.44150540938,19864.34075062642,16572.869050628946,14950.596718682471,1076.5149702503857,5735.887407826875,5212.490884196226,8352.418716108534,13176.809317256662,6163.556292193,10317.971470615104,8583.52221099676,1721.4042906394402,338.9306288416813,2940.073984407658
1907,5,10,1,19699.597285866545,19648.172254311452,15619.22949091318,14950.596718682471,978.4951355254213,5735.887407826875,5155.78775437391,8485.88391081315,10458.592263639826,6459.710859656873,9864.213628163456,9293.101080176048,2042.8647477187035,305.2949139352371,2859.260343141529
1907,5,11,1,19670.258321133006,20907.684615491708,15148.327687046323,14950.596718682471,929.1019955250082,5735.887407826875,4940.5385621631385,8767.8291346267,7726.454871232723,6705.3163833009485,10748.974495008657,10708.649566910939,2177.8854539231043,283.71110562186175,2979.3887288074266
1907,5,12,1,20155.868771894195,21301.42009092197,16220.326766585153,14950.596718682471,945.7934704217074,5735.887407826875,8974.85489846491,9445.16499775272,7806.892757057311,6790.635743985407,10337.379991899883,11862.888236104855,2484.936875724845,251.97374982380606,3305.032210632356
1907,5,13,1,18826.510162936138,20397.04168797297,15846.648854001458,14950.596718682471,987.6073182496569,5735.887407826875,9608.696530919942,9571.956932722105,7437.545324840885,7079.293631221745,10317.30221126044,10753.404287042275,2162.0135724245283,242.4552168296126,3239.507636632783
1907,5,14,1,18510.86336994159,21605.820626548855,15891.456386505846,15236.006527363996,1102.3186278712963,5735.887407826875,7648.669763964678,9618.669750868723,7538.738685867962,7337.465018866191,11287.72827550071,9517.596531157458,2021.8729044464158,257.0538657476699,3004.028698821815
1907,5,15,1,17589.21520193475,22270.86962286362,15456.062438585926,15236.006527363996,1086.3935982504831,5735.887407826875,6470.238253246253,9887.26845521172,8325.029439218613,7468.121445688484,11990.45059788161,8654.263542817278,1763.973115672468,264.03902514298795,2797.4215264294667
1907,5,16,1,19887.771335536636,24562.696843995258,16295.56960418669,15236.006527363996,935.9148424216347,5735.887407826875,5631.682904363124,10236.780433844504,17396.255721858975,7830.104005245286,11313.829390332006,7600.362068756638,1646.945417987186,302.11984148282147,2537.302618604069
1907,5,17,1,20293.458399609648,23203.923438589176,16734.345252673138,15236.006527363996,1284.6474429417956,5735.887407826875,5529.754317522351,10542.916224198198,15351.549670794304,7893.647294792707,11063.526391693427,6962.174196690222,1316.1227450931,327.5070523760397,2495.8037217376673
1907,5,18,1,20482.644137718486,22011.688007384484,16348.831388107,15236.006527363996,1111.4308105955074,5735.887407826875,5303.113106782357,11517.212145541904,15699.97491716404,7797.261406153322,12090.170241724156,6903.054655097318,1304.5662599466718,321.1569074712084,2365.7783952072996
1907,5,19,1,19573.136230980836,23061.649275198517,17782.672428247275,15236.006527363996,946.5599156975691,5735.887407826875,4351.237152529231,11467.996854994599,15699.97491716404,7958.61852343107,12309.018050694247,7256.039463875175,1466.3570519965879,286.25116358379057,2337.4526679054006
1907,5,20,1,19693.527155231946,20142.271674459666,16470.572608496386,15236.006527363996,930.634886076756,5735.887407826875,4215.3038186500635,10645.51759262735,15699.97491716404,7463.837628415589,13288.813745899575,8499.787573331761,1685.2719889791028,306.55825855314504,2503.7212744292847
1907,5,21,1,17376.76062972697,19705.523079864564,15459.444139152256,9394.137405365549,1000.5517273532007,5735.887407826875,3807.3325084631133,10717.255134781126,15699.97491716404,8534.077977085486,10948.413782693859,10027.222860394933,2030.576839461749,323.6969654331372,2751.2130508068176
1907,5,22,1,19163.402413151423,18621.371896817356,15138.182585347336,9394.137405365549,1000.5517273532007,5735.887407826875,3660.0071560546075,11389.586053105679,20398.71442383008,6901.72940526161,13207.164104632482,11650.664240643298,2349.11160409888,298.30975453991897,3007.168417992647
1907,5,23,1,16806.16835008316,17746.77180713637,12713.503279261291,9394.137405365549,967.0836169736252,5735.887407826875,3399.4468525508005,8624.354050319234,21243.1038366831,4626.808242508504,8784.02902976081,13440.131195572298,2579.5098839167863,267.2074132323502,3386.323635250584
1907,5,24,1,15694.322755528377,18332.411968070206,11426.766213758161,9394.137405365549,945.7934704217074,5735.887407826875,3376.7484697669347,7325.320627109836,20548.754003606413,4848.995565060972,7736.638139735976,14389.364372551576,2809.9813060457295,243.09023132009327,3755.0358735272894
1907,5,25,1,14864.738235478555,19992.2772076288,11609.37804434205,9394.137405365549,951.9250326286492,5735.887407826875,3796.0261442084707,7345.006743328741,20375.3749336425,5253.959091255473,8294.131182158146,13622.759327721209,2774.5804274959446,217.06800593639437,3723.0243889379212
1907,5,26,1,13573.823787205934,20550.344856277537,11322.778921342338,9394.137405365549,859.9515995244495,5735.887407826875,3297.4326114353894,7154.818840874662,19703.531037532375,5341.563154485441,10105.816255191528,12807.790311135936,2405.4311836099155,222.14812186025816,3590.3371265888213
1907,5,27,1,13150.938019668225,21486.707373477468,10689.555490289957,9394.137405365549,809.834594541251,5735.887407826875,3274.819882926218,7102.100088966303,19824.396254574545,4524.853391414406,10133.255888732041,12197.826786765187,2334.6294265103197,214.5279479744594,3416.7652602545368
1907,5,28,1,12597.54444348876,29644.862308371914,9673.354470096232,6019.52769594643,837.1881748311446,5735.887407826875,6538.247747323156,6150.076171988909,19160.054337453323,3398.3522425609362,8511.64047241891,12599.17556729784,2364.98348559743,213.89293348397257,3379.4981587922834
1907,5,29,1,11490.757291129477,35860.80947790869,8900.63589068109,6019.52769594643,793.8840167445726,5735.887407826875,7524.0427943400955,5433.618323665148,18434.863035200437,3126.3298457342385,7678.412575881529,13061.881625429993,2515.2177925009178,205.00941498026592,3477.5802554978623
1907,5,30,1,11179.157251891333,30324.249011074957,9027.44966191987,6019.52769594643,733.871351644066,5735.887407826875,4963.1512906723665,5134.239208793403,16851.111915337886,3625.7515427953654,7272.84140696461,13444.462297520495,2553.5443634928606,218.33803491736185,3552.046203657789
1907,5,31,1,11277.2910304826,26230.28238699406,8626.71814480516,6019.52769594643,701.961679992079,5735.887407826875,4396.548263822325,5421.3562089016805,14636.361007193098,4328.440369453747,7913.991868717859,13913.665008574944,2430.0070001238246,239.91515886767763,3577.7782499055356
1907,6,1,1,6387.193791320184,16895.332627774653,8735.777988070573,2359.056580047441,530.2438739630434,2651.926790929678,2389.754262904838,5416.434679846932,4328.225099940188,4551.484455460718,4349.8511755374775,8772.646996067968,1234.4227836465657,208.92645173209073,1881.5108404917432
1907,6,2,1,6516.689911523192,16843.49630467816,8919.235243796189,2359.056580047441,520.5696313698687,2949.26066163714,2447.999169670978,5771.452097761232,5103.096174163493,2953.1922309561232,4970.656152909465,9088.817438286149,1320.072429889985,192.39602189034701,2078.152817255042
1907,6,3,1,6172.311166858495,17575.822230969152,7895.087227271543,2359.056580047441,508.485344187018,3192.268977869566,2447.999169670978,5536.05286060095,6137.369010755787,3779.4691859365153,6209.722922105588,8498.343872682286,1440.8303854389628,181.7745689916322,2265.6486555642055
1907,6,4,1,6234.024161642877,15535.456321876445,7219.5925391393685,4930.273805852281,492.3644452179122,3375.7248329659874,2447.999169670978,5070.092499588503,7006.181532983644,3714.997735979966,6348.125756646891,7675.434502525355,1624.9295823601453,158.76030698390278,2487.4766404585716
1907,6,5,1,8019.654256628232,15210.100676913202,7188.734521471255,4930.273805852281,485.9177888420057,3601.1673153381453,1787.433403523247,5035.474964711916,7801.224595154655,3642.458430159505,7806.24111261947,7689.149658694684,1601.3777582009627,151.08665819363978,2650.742037340825
1907,6,6,1,9652.82290384351,14689.531644972016,6864.8521497273105,4930.273805852281,473.8335016591304,3769.2851984298236,2943.423494281776,4643.420955267146,10524.44296809733,3034.5133621859372,8603.329004005724,6794.993661489873,1563.270614142209,135.73936061311377,2685.620222042665
1907,6,7,1,9718.177977008227,14210.872831703538,5986.624512641547,4930.273805852281,459.33065382797366,3834.2359402155325,3487.4137926225894,3612.2354946805394,12326.58503185664,2526.8096183972725,9385.693189589727,5910.510458636066,1488.3728876236285,130.43197634528616,2564.5362696726515
1907,6,8,1,9584.432765361142,13535.897730966328,5825.909193224857,4930.273805852281,431.925977186374,3533.131841752654,3730.3293155472443,3498.8734949283335,11107.096669562507,2303.836929344864,8889.77200779532,5843.089638309135,1382.609105840548,110.36551844600851,2266.126438916305
1907,6,9,1,9281.73558438686,13886.620087231755,8588.674013433623,4930.273805852281,400.5017208757547,3325.2551932407077,3254.2628570087536,3572.1125205224353,10736.999039447232,2103.9254566113127,9883.622149448234,5146.50407497455,1288.4018092038957,107.41102997449715,2204.0828579104623
1907,6,10,1,9255.735191502492,14612.328610574004,8353.561281556926,4930.273805852281,373.10556029276046,2985.1635123075935,4070.291131657292,3580.7877581783055,10526.11007453923,2413.7882393483114,9350.222443793373,5400.523204236222,1180.5169004002726,87.93948038736123,2098.0149537486445
1907,6,11,1,9486.298986769874,14663.062033178376,7237.769179683703,5350.801675858692,348.92846986842903,2517.4838966529846,4837.753432575816,3814.602096151455,10010.974183973463,2775.2710202232365,8355.033783431132,6236.570250302627,1142.4097563414928,95.60644481456467,1974.9516132056958
1907,6,12,1,10065.591786990222,15545.382426299564,6670.066197104643,5350.801675858692,329.58850074068494,2044.406000348671,5032.017327495819,3795.66672165267,9625.039042659508,3037.083652549637,6324.166271750493,6758.323664995188,1084.9930421646675,99.14915723515817,1967.2388248078587
1907,6,13,1,9532.937823811597,15361.198044235523,6599.557740295765,5350.801675858692,321.5323092854348,2553.3867473234386,4895.998339341956,3821.6090188733856,8531.417216733384,3352.515397741349,5758.575191137026,7423.508739205397,979.6681142479133,80.85405554617421,1695.4483522387945
1907,6,14,1,9370.764167026231,14526.302372244334,6002.433962789353,5350.801675858692,313.46760177157915,2437.966365812507,5537.1205851427985,4177.460594254611,6887.4001989939525,3529.4370511105435,5795.786011255548,8133.087608384573,830.2383727660152,92.07041675703073,1542.4211700439928
1907,6,15,1,8974.283467748955,18121.757974212524,5958.133685369962,5350.801675858692,293.3271231334782,2201.81300913528,5517.677064795854,4565.5106478582775,5225.128365714952,3653.16797334168,6251.618557706528,8115.041350267047,843.1114195113962,85.57321586492583,1425.1594844905665
1907,6,16,1,8482.097042133968,14585.858998780363,5809.254317935518,5350.801675858692,274.787663516091,1934.2982124929904,5644.017119913592,4496.275578105279,4481.598892600602,3653.16797334168,6288.896303760505,7637.176435316316,899.5772836445318,91.47550844489517,1451.7788426778905
1907,6,17,1,8140.7533627865705,12841.07042138355,6135.503880075991,5350.801675858692,257.06574552627154,1906.0215043277096,5527.441652106673,4048.3330183778853,5533.543057477682,2471.0485968955763,5240.83615438101,6555.411538722266,965.5516482146163,82.03718780739189,1615.9998062643426
1907,6,18,1,8146.21648035778,13731.111117944274,5939.111619684095,4653.805633582023,238.52628590888432,1727.1927469310183,806.2893836201042,3439.064404551325,5850.710058060632,2031.3861507908514,4733.136007944712,5755.384823858195,991.2245993943416,80.26583159709823,1662.5495557098486
1907,6,19,1,8195.182200809575,12208.00553931905,5219.316654132529,4653.805633582023,224.02343807772763,1928.9856188376825,505.1460847842706,2851.9009635976395,6754.115038959212,2031.3861507908514,4552.168278447807,5207.428242379185,971.1104638546803,79.08269933588053,1787.0462463090125
1907,6,20,1,8221.890775601174,11771.25694472462,5060.123099970833,4653.805633582023,210.3210997569278,1822.733745731873,505.1460847842706,2564.533716249293,8673.954817520957,2117.7764657935645,4432.370853965709,5180.575410300384,879.902001971197,84.98499191584986,1581.6676596791401
1907,6,21,1,7615.383556369676,10649.055694723464,4425.039733606922,4653.805633582023,198.23681257405252,1705.0855023654735,155.42824679088395,2637.7727418433947,7825.314283240946,2453.6991369404336,4848.248616944282,5659.811840868094,850.3525083056763,83.21363570555002,1551.0895251459865
1907,6,22,1,7433.178468490345,11051.062923839658,3911.1057900331675,4653.805633582023,189.37159554984007,1494.1241220536879,339.996077819857,2942.407048756763,8146.482339284651,2395.367825074976,4860.228359392425,6116.093431110335,867.0289552258159,70.2326026474594,1553.54669667098
1907,6,23,1,6631.111873983541,10516.376765608351,4089.32140988073,4653.805633582023,178.89684344630848,1533.8828874739554,9.71405128874697,2886.5184984741386,8354.703933885528,2349.3881863462625,4995.954156515188,5947.1804551307505,850.7913621720027,80.85405554617421,1513.8224236837332
1907,6,24,1,6130.528434324239,10437.629670521897,3683.0100868316254,4653.805633582023,169.2226008531337,1549.135172484301,58.28602081792263,2852.6517053178463,7773.884049506456,2349.3881863462625,5065.824833140391,5816.8864715225745,823.3629955269982,73.77531506805292,1533.6845601773773
1907,6,25,1,5400.494056680493,9838.644413642496,3685.4618197421883,3899.5469904495676,159.55687431856438,1536.1107493294235,58.28602081792263,2846.395524316122,6796.626253229136,2349.3881863462625,5127.731323445429,5315.4170509541345,784.8169976019182,76.13489522742873,1586.991531316605
1907,6,26,1,5864.150868313359,9185.065582437956,3341.7119571708436,3899.5469904495676,153.11021794265787,1325.235056012092,106.85370763344524,2892.7746794759505,4780.261011677747,2349.3881863462625,5389.880212661242,4763.490292689183,690.2220467166864,64.32964163119028,1433.8960943571817
1907,6,27,1,6372.01846473404,10585.197756271686,3101.7803019870544,3899.5469904495676,143.4359753494586,1428.4021973180625,106.85370763344524,4372.653441510159,3776.496222973248,1915.7944813781908,5877.636430329006,4795.612632138295,235.49629889830132,66.69055866317186,1444.0660542800535
1907,6,28,1,5602.730575653786,8183.852516343534,2818.3092520111736,3899.5469904495676,138.6073701115012,1384.1020211925188,106.85370763344524,2725.109028628253,4895.958198749873,1888.7350356045654,6168.429619923744,4862.383787172986,1057.1989639643998,51.93616408586969,1362.1603367805665
1907,6,29,1,4754.025144104907,8007.16785762154,3311.614822130228,3899.5469904495676,135.379783894233,1358.053174882649,106.85370763344524,2583.469090747991,5309.483951678125,1960.2747840613968,6040.668009121369,5255.214733874236,586.1771092433667,56.06710045553918,1326.8043687266272
1907,6,30,1,5422.346526964624,8378.735033174578,3374.176282607988,3899.5469904495676,132.96122324592702,1304.5844903519842,19.428959120240492,2759.809979251471,5686.916850138096,2061.515665609991,5421.201550458819,5462.097036932986,569.0471799946723,55.47687119754533,1199.9187613670501
1907,7,1,1,7572.38679770864,15173.704960697114,1724.75183136188,4110.894760169302,143.12939723912382,105.88341902973072,340.06460123959005,1325.726462150322,3085.4806027806426,1736.9451102361745,4127.121662310542,4115.413071174387,407.5562714200969,29.39448654632261,1468.2282409423842
1907,7,2,1,6500.705234185626,13937.353509836126,1620.5109114035588,2739.572885102774,132.96122324592702,121.81263129615675,0.0,1206.6087758764425,2985.6209269071974,1478.7023256372277,4515.225162071216,3605.425816774432,371.02168704897764,29.39448654632261,1302.164398712239
1907,7,3,1,7034.067379271481,11045.548421382371,1427.669436606455,2739.572885102774,123.57652664585173,85.97833022127794,402.23247378496274,1126.696490547022,3008.7103511284035,1349.5452348604417,4131.204144373863,3386.632983358195,358.1340118413683,29.39448654632261,1156.7134953861146
1907,7,4,1,5219.502994928293,12988.8590872315,1510.0138453973827,2739.572885102774,115.75026877336491,245.21047198946036,424.1685335243982,1019.3404245564714,2507.1613780644925,1216.4613115835125,3498.352498618277,3140.987317863045,325.900195360195,29.39448654632261,1094.5334048511124
1907,7,5,1,6257.495333429497,11710.597417697132,1345.3250278153303,2739.572885102774,108.71600435262957,308.9016149569027,720.3610152851173,983.3048219862773,2386.879648277105,1160.8430839908797,3388.861668197832,3018.41713272915,328.7673739534661,18.443494548857167,1062.8631940846424
1907,7,6,1,5622.96434443543,13040.695410327326,1114.8621342172594,2739.572885102774,100.11478514565123,281.0362043649567,347.37947629520977,995.0664422696063,1824.648000725872,1103.868314261803,2888.3895227916946,3000.9483548714807,308.71175226266587,21.90198399492472,1026.7564236202852
1907,7,7,1,5993.646988516014,12237.783852587065,1418.2852175347714,2739.572885102774,97.76435296633584,450.6107663620724,778.8628848752278,1727.706945451307,2342.284550954561,1116.4341782622364,2763.3049494079714,2917.5024573362425,335.9280062055951,19.59654717631295,1034.5374667827434
1907,7,8,1,563.7836164487936,11092.973142513038,1282.5944823093032,2739.572885102774,96.19739818009285,248.3980281826335,288.87760670509937,1727.706945451307,2278.934506160115,1098.5849396252786,2594.183110488298,2825.322170872225,297.9671467689153,19.59654717631295,970.651007133166
1907,7,9,1,565.4225517201918,10482.517720522077,1874.5611664518913,1352.4450870872076,93.07200466628592,241.22602674799393,285.22016917726086,911.9843585660083,1650.1019562525278,1006.5542652132897,2316.0389226963657,2629.267622683856,306.56136831769294,19.59654717631295,929.5616388542838
1907,7,10,1,5051.866220571718,10491.120344354911,1475.5204996204416,1352.4450870872076,87.59617897313905,300.1444041251162,310.8136664445349,1129.8662889212874,1723.121218410387,902.6002993918704,2316.507404244663,2436.677956054179,297.9671467689153,29.39448654632261,930.1076769709213
1907,7,11,1,5081.407522992938,10469.613784772828,1075.6344076474588,1352.4450870872076,81.34028231033248,251.57701567636695,314.4711039723161,1156.475912115492,2052.2913853756054,856.1922789359053,2250.98691342449,2612.3041400534353,275.7611411331422,28.8182944507477,945.1237251791584
1907,7,12,1,4298.259502297159,10021.284735018093,1244.9730635083358,1352.4450870872076,74.30090825440443,304.1202806671429,351.03691382299104,1132.201929828627,1396.7017770746036,801.9305934796538,2173.553606091741,2734.8743251873298,275.7611411331422,28.8182944507477,1072.282351597096
1907,7,13,1,4573.539926572258,9269.216889931615,1182.2425180023088,1352.4450870872076,70.39033413574512,272.27899353317025,296.1839163332382,1107.093790074836,1723.121218410387,880.0388617548283,2349.033408880545,2628.690142424111,250.6952711351859,28.8182944507477,972.3573762477412
1907,7,14,1,4658.218248923709,9720.52377101315,1546.0289564293194,1352.4450870872076,67.26238580434182,216.54817234922115,223.05229663188823,927.6665189438096,1723.121218410387,795.9332492976262,2127.709340298279,2656.120454762769,260.72308198058596,28.8182944507477,916.251959760622
1907,7,15,1,4623.618504306991,10224.659585632557,1392.4152082020162,1352.4450870872076,64.91621165432915,386.12273434639417,329.10085408361283,1279.5141384838441,1723.121218410387,733.675104932025,1907.7237904253386,2450.1043720936354,248.54488719021293,35.73460490656451,930.72196985218
1907,7,16,1,4370.494056847895,8323.810588702536,1374.3231101719143,738.0643460764787,62.56918589845101,409.21537934802,329.10085408361283,1172.1580724932933,1723.121218410387,641.6658496064238,2075.440184700231,2376.6200090392736,246.39450324523997,27.66524182328575,861.8529123880362
1907,7,17,1,4098.552204421614,9276.385743126088,1161.8677720899104,738.0643460764787,59.44123756704773,369.4052017311146,303.4987913889151,813.2951886565332,1723.121218410387,1008.5533799406738,1727.6260980894608,2659.0078560614925,214.1606867640667,8.06936308327876,1045.6629934097723
1907,7,18,1,4322.034180615651,9027.130232069401,717.3516868920901,738.0643460764787,56.31243762977899,358.2573237544482,303.4987913889151,1051.4554870322806,1160.3894389266814,706.5585415948244,2300.043624120245,2410.474789267619,196.97224366653757,6.339984672985643,939.0490511312756
1907,7,19,1,4225.923778902583,9388.109562904847,1233.9825366676216,738.0643460764787,53.184489298375716,421.94846672183326,310.8136664445349,527.3126427032292,1086.2865575814271,621.1392251739536,1975.1182074384783,2359.6565264088526,196.25544901821326,4.034547854378565,812.4364628300586
1907,7,20,1,3888.9303598434562,8797.94750995577,1202.617263914509,738.0643460764787,50.05568936110698,402.0519466128202,160.8929895139393,452.09666391252125,1005.7653164348069,390.03442299853253,2297.2327348307945,2164.1794584803406,178.35021127235984,3.4581552279113787,802.9490505530252
1907,7,21,1,3980.184657048704,8783.609803567491,1242.6058731118073,738.0643460764787,44.580715273801026,369.4052017311146,190.14392430899454,767.850289859676,1076.1172082855417,437.0493175681879,2583.67573862028,1949.5011719148124,167.6056057786354,2.8818294450747697,718.5861615285864
1907,7,22,1,3762.368136113909,9779.198077155881,1128.1353089402699,738.0643460764787,41.451915336532295,389.3102905395673,182.8290492533748,817.9998367699526,1160.9729261813256,442.34697159563746,2561.6571058523045,1754.0241039863001,181.2173898656571,4.6108736372151675,634.1618432159885
1907,7,23,1,4566.154600967041,8971.32346720406,1332.8127357198177,549.6306486549798,40.67014115516624,386.12273434639417,204.7736744202912,561.0042627914645,537.5167945490732,368.84380688879685,2604.288926743474,1552.7000484277326,252.83834084904467,2.8818294450747697,666.924130215775
1907,7,24,1,3476.3638143844228,10597.109081578894,1246.5793712773664,549.6306486549798,37.54134121789752,358.2573237544482,204.7736744202912,637.0043496011195,648.6711165667459,323.14975597827254,2557.106142240686,1477.9885398213848,321.5994274702491,8.06936308327876,569.7429964026979
1907,7,25,1,4366.447303091496,10597.109081578894,1266.9541171897642,549.6306486549798,36.759567036506915,362.24176899591464,219.39485910404974,720.8455165996314,751.2315048761566,362.21816950675367,2548.8742521785884,1458.1376558921286,204.13287591864042,2.8818294450747697,481.4486329382782
1907,7,26,1,4132.241429443426,8828.056693371356,1155.6116260420554,549.6306486549798,35.97779285511633,346.3211254289283,208.4311119480725,662.0791230562579,955.2519912433704,335.0730473877653,2558.9131424983093,1646.0352954112393,190.5284060627329,2.8818294450747697,519.7668577750754
1907,7,27,1,3604.54473961646,7450.092819414849,1251.2292095561909,549.6306486549798,35.19516706786028,355.87522530900804,288.87760670509937,1070.3074457843475,532.6821858674364,272.1580510402988,2264.7067301948014,1530.5392434593853,193.388270424916,2.3054368186075838,577.5172140886523
1907,7,28,1,3499.4303107953333,8371.125019783789,1318.694135855275,549.6306486549798,33.63076709923819,285.8089699552767,153.5781144583196,1328.8962605244997,550.9370014068663,288.715004799913,2076.377147796715,1405.659137286512,187.66122746943563,12.680236720489969,526.4285227983685
1907,7,29,1,3293.956388817414,7583.323198775692,1324.1893992756318,549.6306486549798,32.067218736457,95.53243010135768,171.86530209739752,0.0,730.2926479652513,274.80687805402357,1764.7699922724166,1249.3063569566557,190.5284060627329,17.867302453282257,459.7913961361342
1907,7,30,1,3357.996267011513,8319.509276786119,1439.4208460744699,399.20342195917976,31.284592949225505,59.71012520570592,138.9483643470801,664.4314471129237,278.15670984103093,210.57817774295088,1768.450918723007,1199.065574357634,173.33264873408962,21.325123463037684,431.4724943106972
1907,7,31,1,4015.492583573004,6120.766857128543,1379.8183735922714,399.20342195917976,29.72019298057887,128.97606403135663,131.6420547189413,1059.2965672212254,488.6455692029414,254.2802536215534,1826.1410750937016,1122.0441447121952,169.03919507528406,23.054368186074544,397.04479105506664
1907,8,1,1,4752.204104914738,9327.670615976187,343.6399573028621,1307.917544150536,13.987626284600031,104.22109133756925,1.6634916680958869,355.5512786930902,305.78899911655134,171.67397720992057,893.5281643910506,961.3602624341416,184.47222270750774,0.0,522.032915959254
1907,8,2,1,4140.8407811754205,6906.362877153723,332.8354239931823,1307.917544150536,25.876895725020113,51.74894655226873,26.616209306632822,263.9524472523526,0.0,220.7236849841479,949.277468633323,961.3602624341416,215.9599876159524,0.9414925366798462,567.4837636949815
1907,8,3,1,3773.8002154755245,11660.96689558422,208.34657189391024,360.2395639004822,40.56454202826769,16.927465751661103,0.0,267.0555130292254,280.17390863582926,221.98741107964128,872.7141984614909,907.3658581466674,157.4753956977417,0.0,468.55530790855636
1907,8,4,1,4000.924270049896,11014.446627524741,213.09786118953687,360.2395639004822,27.97525256919314,14.26688457429297,0.0,246.09313588594256,237.1959045621337,210.6638540883763,724.8078810842193,907.3658581466674,129.19126401342706,0.9414925366798462,560.8016222423436
1907,8,5,1,4255.2627436361245,11223.115400498335,389.0308331550003,360.2395639004822,22.380202055360034,10.156479450996638,4.158771997377045,291.8967223936209,281.824344013379,255.31550946249573,837.7119342134341,907.3658581466674,108.6236461452374,1.4122053832044774,540.0794757149704
1907,8,6,1,3698.429426763649,9157.823940300426,506.17294077386794,360.2395639004822,18.883508385675533,11.365522942547823,6.653966672383525,350.8966800277372,101.65181529854813,198.09085039254302,503.5306606567608,903.756606523207,110.55460315704717,2.824410766408955,522.7018126521681
1907,8,7,1,3723.8228065846306,10973.749599392233,387.72887843677137,360.2395639004822,18.883508385675533,63.840238337704584,0.0,274.8215190460702,77.68799374858541,190.54419229683307,579.4514418480899,930.3928835046318,84.84508082182971,1.8829182297291087,570.1593504666381
1907,8,8,1,3259.558981888374,8410.82943747425,377.7866787717867,360.2395639004822,17.4843199542845,48.121816077615115,18.29832269478011,253.85914190278743,452.9028070874196,248.39714456686363,761.1486640416019,913.8625110689634,82.27047147273255,2.824410766408955,521.3640192663398
1907,8,9,1,3497.6092716051653,9386.12434202009,387.29771161472013,360.2395639004822,16.085983128755537,36.75629313506729,0.0,259.28950701238045,37.1906440604782,182.3692410011077,757.8692932038539,913.8625110689634,75.20492422498297,1.8829182297291087,565.477073616239
1907,8,10,1,3836.5248986986526,9117.016622118505,307.7685685451399,817.3378236334523,14.686794697364503,53.925396211049716,4.990475004287661,292.672488837861,198.35232446441827,52.82375079165455,561.2810503693986,843.2655493134365,70.70228355654265,1.8829182297291087,438.47543315688864
1907,8,11,1,2598.2182492585152,9872.834328875673,284.4263803856976,817.3378236334523,13.987626284600031,44.25304827864022,4.990475004287661,297.327087503214,340.50649077039253,155.95236781848524,877.9344214277723,843.2655493134365,68.77425223717331,7.060692697866602,473.90648145186975
1907,8,12,1,3781.9948918321625,10147.235971136386,389.0308331550003,817.3378236334523,13.288457871835535,50.53990306071755,4.990475004287661,272.4858781388184,9.917616223223666,179.8489285055835,866.22238272145,843.2655493134365,64.2745372611734,6.11946753571197,447.83316138118323
1907,8,13,1,4257.083782826291,9701.112722364569,396.80874445745593,817.3378236334523,11.889269440444503,44.97796025160427,4.990475004287661,278.70035126718307,174.3876693612459,107.53095324427332,820.8465984762854,843.2655493134365,65.56037908951487,6.590247225864545,515.3439490301123
1907,8,14,1,2612.78656278127,10384.35957678771,437.439876762485,817.3378236334523,11.889269440444503,103.50132058429055,4.990475004287661,342.35490756665223,267.7789722398557,135.2044128269266,1000.542735199321,843.2655493134365,58.4897118799749,5.648754689187333,489.94635112884373
1907,8,15,1,2895.3511438177457,9509.980067204882,439.604165125014,817.3378236334523,11.190101027680004,118.24805232746485,14.971510667137625,294.9997881704937,146.2885902819544,142.12277772262112,1002.5505132633095,843.2655493134365,54.63364924126239,0.47073289961380704,479.25082951867927
1907,8,16,1,3229.613004091444,7991.396380594232,410.20873295171606,817.3378236334523,10.490932614915533,118.48797591189108,10.812995632584574,300.43849485470594,305.78899911655134,133.31953322688034,836.3734155041083,661.077745862627,52.705617921893044,0.0,465.2176499204477
1907,8,17,1,3082.412336204543,6161.243305162892,300.85299088678664,856.3468414717514,9.791764202151061,108.09414348626227,10.812995632584574,288.79365661674825,39.670464892894636,134.57611962691118,918.1569086421107,623.6353695204241,52.06269700772232,0.0,417.0912154130635
1907,8,18,1,3254.197033161357,8524.097317940785,230.82642640885493,856.3468414717514,9.791764202151061,85.60387805558538,0.0,250.7477345512955,412.4087916121545,120.11109663556913,959.7179145657748,651.0007153298242,52.06269700772232,0.0,370.9714709844217
1907,8,19,1,2668.2270892430206,7711.700815975058,343.6399573028621,856.3468414717514,9.791764202151061,68.67641230388986,14.139807660227003,242.21430366482974,214.0564671477362,106.90266004419547,896.0713499387919,625.7937019912844,51.419776093577774,0.0,437.1444652475225
1907,8,20,1,3256.018072351525,9170.176425803947,358.7730673374024,856.3468414717514,9.0917441835245,59.97061366879889,9.149589618763331,253.0833754586351,0.0,119.48280343555372,678.6959115489366,625.7937019912844,51.419776093577774,0.0,385.0046505826533
1907,8,21,1,3513.9986243184403,11210.98349509297,403.72432211580923,856.3468414717514,9.791764202151061,67.46736881235786,10.812995632584574,349.34514713934476,297.5284866966969,0.0,689.1363574814997,614.9948211338568,56.56168056060556,0.9414925366798462,387.68023735430995
1907,8,22,1,3632.97318475474,10345.427189441134,405.45744365608937,856.3468414717514,9.791764202151061,61.18051403029205,10.812995632584574,275.5972854903103,355.3770802326906,104.3894872441338,721.5285102464713,613.551120484383,58.4897118799749,3.295123612933592,403.720107031284
1907,8,23,1,2759.0767110729103,8294.03227543452,376.0620114827915,856.3468414717514,12.589289459071061,62.38955752182406,11.644698639495196,119.55144815662503,231.41104520846483,100.61972804404131,617.0838953599907,613.551120484383,55.918759646461005,2.824410766408955,346.2359442995636
1907,8,24,1,3295.069246100353,9573.727715607916,256.3244486791461,799.2558477796338,11.190101027680004,61.42215135458331,11.644698639495196,147.5040648726003,304.9637814277765,93.07306994833135,954.4976915996047,497.6075213312997,53.347807412920936,2.824410766408955,386.34244396848163
1907,8,25,1,3115.191041631094,6614.314827031027,242.92446018488607,799.2558477796338,10.490932614915533,65.53255647787638,11.644698639495196,71.42139647377749,0.0,78.60804695698931,825.9998955071117,514.17398628316,52.06269700772232,3.765836459458224,359.6070526813431
1907,8,26,1,2987.920635993964,9044.445769784483,464.67102057305635,799.2558477796338,9.791764202151061,88.98594372610279,11.644698639495196,15.52617293148198,270.25462530618023,88.0395846527455,734.5121417266644,536.5008168261027,57.20460147477628,4.236549305982855,331.53386800841787
1907,8,27,1,3540.302523734682,6982.463011060278,478.0710090673164,799.2558477796338,8.39266093134623,110.03066956060879,11.644698639495196,216.59732785619406,399.18030199516113,118.22621703546044,574.2579892560794,536.5008168261027,52.705617921893044,2.3536310762537465,332.20276470133206
1907,8,28,1,3340.494057015298,9194.991686860405,449.97753161224745,799.2558477796338,9.0917441835245,90.68254621602307,596.3593218654993,261.61680634501306,290.9184096542532,9.432965634840901,644.3361362812716,536.5008168261027,53.347807412920936,1.4122053832044774,304.12958002840685
1907,8,29,1,3477.6790093550408,10219.696533420998,403.72432211580923,799.2558477796338,9.0917441835245,67.70900613664912,596.3593218654993,279.4761177114231,0.0,96.84282914848629,748.8342919160718,537.2154486474891,48.20590294589315,1.4122053832044774,268.03646051697376
1907,8,30,1,3464.0212154275464,7210.76341278061,417.1243106100693,799.2558477796338,8.39266093134623,63.114469494812376,596.3593218654993,285.68224926516854,527.2890965276121,74.20285486135643,890.9180529079654,555.9402460702098,44.992029798208534,1.8829182297291087,201.19456956095888
1907,8,31,1,3537.5709649489013,7961.2871971793165,258.4887370416751,204.04091733925117,7.693237036823104,59.72897634445037,0.0,249.9719681070554,49.58808111611833,68.5446462134552,996.0586975232687,570.3411600479715,46.277871626523805,1.4122053832044774,250.6519719777093
1907,9,1,1,3500.2396615467546,9700.89214226641,326.2918333972931,511.92223247629937,8.851591330419037,45.29157465125541,54.0581258209503,170.5518356831537,253.74193599857736,0.0,513.0943768346721,465.5862409276379,65.36728338831557,1.193626711217039,402.4505684100353
1907,9,2,1,3189.246635371998,8988.96987506671,385.80130911397424,511.92223247629937,8.04665346958471,47.58455862247513,38.44078192290579,151.14099142826342,62.36895265340935,0.0,389.4085555021063,466.29365424578594,61.238399929369294,1.7904734886408469,392.3693396811296
1907,9,3,1,3373.576268973367,10199.734034526686,377.97267230282114,511.92223247629937,8.04665346958471,49.687317466037555,81.68762519674924,139.3376632715749,163.65150387492798,0.0,471.0581967693097,474.7032105286123,61.92666907637978,2.387253422434078,352.05807571847254
1907,9,4,1,3373.576268973367,8053.710258358237,441.6670024703456,511.92223247629937,7.241971090508986,51.21597344685071,42.04511380043396,136.66835937744744,126.86680023320235,0.0,445.4523338603593,520.9810348450436,60.55086220547546,2.387253422434078,309.7332962006525
1907,9,5,1,3373.576268973367,8822.762771012225,493.3478413758737,511.92223247629937,8.04665346958471,50.451645456444105,60.06420355979587,139.3376632715749,47.97598918674236,0.0,489.90454019617596,447.35952022892747,54.3579027285882,0.5968200399715765,344.6660847141477
1907,9,6,1,3373.576268973367,7920.369588947981,519.4545697483608,511.92223247629937,8.04665346958471,51.98030143725726,54.0581258209503,146.56980850962938,0.0,0.0,430.4743095034245,255.23183780706893,52.293826710647224,0.0,327.8685871503351
1907,9,7,1,3290.3143104367255,9683.57660455133,374.8445992789924,511.92223247629937,8.851591330419037,53.126793422867124,62.46680596390816,129.0608432793334,59.70324945271426,0.0,403.4228463885091,339.3779301572171,55.73370959949253,0.0,325.8550715951305
1907,9,8,1,2936.729200976292,8478.106367449815,367.53167180412277,400.0795216882508,8.851591330419037,60.19768420403694,62.46680596390816,130.57900986907342,45.843760047474774,0.0,418.3941781519318,280.47494366180075,53.66963358157771,0.0,315.1049461733105
1907,9,9,1,2667.31656964776,9564.022191282955,387.37379987746993,400.0795216882508,8.04665346958471,10.701448735636312,62.46680596390816,146.56980850962938,165.251926059286,0.0,442.07257411948416,336.56993239411605,50.22975069273241,0.5968200399715765,315.1049461733105
1907,9,10,1,2784.2677532062125,8928.420638088637,457.8484396804179,400.0795216882508,7.241971090508986,15.861519540825004,36.03817951880249,158.75684910108444,171.1118052027424,0.0,435.788228779321,353.39626346289515,50.91728841662624,2.9841001998578855,133.0285361719983
1907,9,11,1,3100.622728107986,9170.83816609909,547.1253346326636,400.0795216882508,7.241971090508986,51.40705544445231,37.239908992227406,167.13179006881936,86.88958775498689,0.0,422.2624972218632,388.4565337335111,56.421978746503015,2.387253422434078,332.571340430079
1907,9,12,1,3582.6922693323277,8552.552150619184,450.0198028692648,400.0795216882508,7.241971090508986,68.41506697083575,34.837306588124164,158.75684910108444,48.509463248169865,0.0,373.94866440973857,410.19866551347064,56.421978746503015,0.0,274.79368221065346
1907,9,13,1,3054.590904129652,8296.238076417436,363.35527160476204,400.0795216882508,7.241971090508986,48.92213260568657,78.0832933191896,143.90884619020892,95.95031126704282,0.0,397.6203677836675,452.9682972518912,60.55086220547546,0.0,255.9826690916362
1907,9,14,1,3468.3714757154644,9087.78975909622,285.04354073917847,400.0795216882508,8.04665346958471,40.32258584366832,45.64858913521559,161.03409898573832,27.719812363699994,0.0,428.0582832330814,335.86973757920646,48.16494325170095,0.5968200399715765,256.65156578455037
1907,9,15,1,4005.3756991820064,9366.603003322763,388.4136728015195,483.0741651051366,7.241971090508986,39.74933985086342,52.85639634752538,151.90007472317728,163.1180298136143,0.0,477.34254210936166,235.59750897518873,52.982095857657704,0.5968200399715765,205.59017640007343
1907,9,16,1,3174.1724776296937,9702.656783052342,202.56386392532136,483.0741651051366,6.437373872019488,38.985011860456815,56.46072822505361,161.4178114205049,83.15860353787909,0.0,460.43035821740546,378.63936931762703,46.10086723375996,1.7904734886408469,173.33980013465535
1907,9,17,1,2440.4960216049058,9276.496033174833,223.96157425900154,483.0741651051366,6.437373872019488,60.19768420403694,38.44078192290579,157.614053371404,26.120223732638756,0.0,459.9484914820838,335.16954276418477,42.660252921824174,0.5968200399715765,230.44856166116668
1907,9,18,1,2976.589725476188,8559.50042371483,409.8198373866822,483.0741651051366,6.437373872019488,44.52724666084886,43.24598673111234,158.75684910108444,0.0,0.0,347.37906803025606,347.78748643993146,45.412598086749476,2.387253422434078,245.23254366981632
1907,9,19,1,2858.7280223228277,5570.088641772438,498.0484051631981,483.0741651051366,5.632691492943765,91.92500763541001,8.409022760086781,125.63245609037983,0.0,0.0,458.978065417817,402.4820855424275,45.412598086749476,0.0,356.0919323053439
1907,9,20,1,3493.157842473056,6204.03584422957,383.19739967791156,483.0741651051366,5.632691492943765,80.6460285572647,61.2650764904608,129.43621413939297,165.251926059286,0.0,409.21863239972726,431.93357879019175,51.60555756363673,1.7904734886408469,208.27941412465432
1907,9,21,1,2065.56428607989,10563.360326542033,374.3204356912264,483.0741651051366,5.632691492943765,88.29187907114321,45.64858913521559,145.05164191988936,0.0,0.0,396.17476757759124,313.43462948757565,43.34852206883466,0.0,403.1194651029495
1907,9,22,1,2335.887437003682,11159.147171996474,252.15650273107022,551.9247654715651,5.632691492943765,62.10850418006434,14.415614424619648,161.4178114205049,231.88617054448085,0.0,440.13841458446285,328.86057092631137,47.477405527807115,1.7904734886408469,329.2132060125839
1907,9,23,1,2309.2800310555695,11238.556007377401,289.74410452630525,551.9247654715651,5.632691492943765,39.17609385805846,36.03817951880249,164.46248617469192,0.0,0.0,445.4523338603593,323.2445754002214,44.72506036285564,3.5808801336511165,266.0570723440382
1907,9,24,1,3352.330811752625,12889.598043005008,289.74410452630525,551.9247654715651,5.632691492943765,52.36246543246051,30.032101779917618,153.42658288762428,174.84612363277208,0.0,448.8320936013457,349.89528938812293,41.97271519793034,0.0,259.3408035090897
1907,9,25,1,1453.290442745665,8822.762771012225,430.7018383838813,551.9247654715651,5.632691492943765,29.812219105633655,34.837306588124164,135.15019278770745,120.4734470282834,0.0,429.0287092973482,386.3559492886701,38.53210088596838,0.0,345.341806883524
1907,9,26,1,2944.620370801058,1884.415779607572,428.08947469653367,551.9247654715651,4.828009113868066,25.225394293249867,38.44078192290579,127.15062268011984,152.4568841172229,0.0,384.57650296153145,314.1348243024853,34.40394885013876,0.0,314.4360494803964
1907,9,27,1,2396.9934187243207,3056.9092920161133,312.19014203551745,551.9247654715651,5.632691492943765,32.10520307685337,44.447716204537265,134.7664803529409,0.0,0.0,388.44482203146293,141.64147071239486,34.40394885013876,0.0,227.0904272436716
1907,9,28,1,2328.8056179299833,5984.007196195169,238.06326562077714,551.9247654715651,5.632691492943765,34.781207913220754,14.415614424619648,141.23954229608148,150.85646193300389,0.0,403.90471312383073,114.9979752277317,35.77975572104308,0.0,357.4297256911722
1907,9,29,1,2024.894410828926,10090.546885878415,172.80489894141616,1052.3131901731736,5.632691492943765,44.52724666084886,92.49805120108088,118.77568171238492,176.98001987844376,0.0,427.0945497624381,101.67261823386656,36.468024868053575,1.7904734886408469,304.35482075153226
1907,9,30,1,2585.7744814577995,10357.338514748339,183.7700630278651,1052.3131901731736,5.632691492943765,44.52724666084886,92.49805120108088,158.75684910108444,0.0,0.0,344.963041759913,108.68178488669471,33.715679703128274,4.177726911074925,323.16583387054953
1907,10,1,1,1763.8787935447106,13710.156008607919,693.6459659218639,207.80724297912323,20.418953754998753,265.8267628518094,87.67571553795165,617.1764266128102,1083.1190553416907,0.0,842.7313793732388,804.8631120394052,64.87942417359237,13.261107870206581,398.1505182413074
1907,10,2,1,1664.2274822947936,9844.930946443003,657.1743253136259,372.5501198888698,20.418953754998753,258.32058213884955,87.67571553795165,548.5252670865809,1125.9636909001622,33.369508616499765,956.103914050751,715.9167150300032,56.32908801147353,13.261107870206581,403.010257479597
1907,10,3,1,2742.889696047667,3409.5065791175525,653.1247388855148,372.5501198888698,20.418953754998753,290.8645026272215,87.67571553795165,586.4293823827169,832.6279769048822,14.118033792260364,910.0588704509235,636.7586084235315,56.32908801147353,13.261107870206581,245.5738174927147
1907,10,4,1,1746.8824277680458,3008.3816703946586,741.60693420453,372.5501198888698,20.418953754998753,281.85023081212944,0.0,499.1765113445776,835.8871699990348,16.042895686866157,1220.7959888141932,1523.609480342337,466.22371911595224,17.23964076216096,493.5843300811196
1907,10,5,1,1242.9604162599255,8875.260834403194,686.8994732919754,372.5501198888698,19.602263733267776,207.75668671967586,36.53154814082158,499.1765113445776,843.1390830215596,9.62573741211967,1468.823505646852,1162.8286880577014,286.6739739423091,15.250374316186853,372.6164108108378
1907,10,6,1,1775.8167171262292,9553.654926664192,607.1927909426455,372.5501198888698,18.78472210567471,183.22450021143533,40.184702954903734,441.96165068968435,846.4732959054998,3.2085791373732255,1586.813929871438,1022.0678747414004,176.0316000119705,16.576551946836258,372.6164108108378
1907,10,7,1,1843.4986737010167,11517.589831702104,565.3188836797652,372.5501198888698,17.968032083943733,213.266360462154,32.87839332673942,386.89891629927877,1034.3561919143262,28.23535361497529,2546.2641406953917,673.8833706227964,173.010822565459,19.891996023465936,348.9115310712203
1907,10,8,1,1759.8320397886646,12619.387422611964,387.686607179754,372.5501198888698,17.968032083943733,220.27555660738196,40.184702954903734,226.7073163550855,622.9893418283424,30.802074130964805,140.67831634700138,639.5593876832821,172.00877290404873,19.891996023465936,354.3787377143065
1907,10,9,1,2189.0914444924915,12889.598043005008,407.95144782366987,572.7705198524762,18.78472210567471,247.80678792100764,219.1892888449077,228.85110104504176,607.827008738722,30.160929479126523,588.0581171488699,685.793900980283,172.00877290404873,21.21817365411534,359.2453024290583
1907,10,10,1,2309.5835375874403,1428.366426413305,537.6312102924975,572.7705198524762,31.853465665088084,248.31234118823647,438.3785776898154,208.11394641779475,653.314008007722,48.12868706059841,408.7099952902458,696.9970180196216,191.11354455115932,29.83765981704901,333.10372759383375
1907,10,11,1,1896.3088102211786,2396.271897667181,625.4370654982471,572.7705198524762,54.721637879401584,231.7918886601273,43.8378577689859,165.91392016712703,507.61724051251787,12.834316549492915,336.03512196888147,856.0423000605401,230.8517621464085,47.74038939454084,333.10372759383375
1907,10,12,1,2186.1575480190318,6778.9778703970715,635.5652586944638,572.7705198524762,57.17255955047192,45.55634746407562,69.40994146751883,238.86099064788812,205.02908576440458,62.887865504696435,376.0367535963179,795.7677979482582,230.34708020015938,45.088034133235865,333.10372759383375
1907,10,13,1,1574.5918865920348,5777.875094352063,543.7098170606031,572.7705198524762,44.92135761863112,23.02837975580317,0.0,195.9519305503729,512.8936324013299,480.00172542409945,327.36821332626965,519.7755448027733,203.18934010606495,37.79472560095776,317.3027495928678
1907,10,14,1,3788.5708666859573,9592.035863765039,517.3663696485817,572.7705198524762,37.57029581720009,210.25874695732915,0.0,338.2675359788299,187.88289600882666,2501.392302578342,96.01194701786628,741.123728368543,174.51755417317077,26.52221574041933,351.3414006903651
1907,10,15,1,3271.699243157572,10075.106278998677,507.2381764523649,572.7705198524762,33.486845708541644,33.54217397361549,47.49101258306805,167.34867101023588,253.80862025625893,750.8103740234794,220.01901284061222,694.8964335747805,162.4490728493793,33.81619270900339,279.612468590212
1907,10,16,1,3366.2921122119897,8871.731552830664,541.0044566075406,872.9566085022832,32.670155686814866,24.030060720809075,47.49101258306805,271.04278572100253,11.207123056080198,607.0597457371508,176.68446962710814,606.6357943738112,147.35981407907633,29.83765981704901,341.61509673732365
1907,10,17,1,2952.005696406628,9928.641093740345,464.01158896275575,872.9566085022832,31.853465665088084,82.10185059279759,14.61261925632863,271.04278572100253,301.2711406588325,502.4632073247911,138.67723087663612,595.4254588312343,131.77318759361222,24.532949294439057,357.4229002147101
1907,10,18,1,2837.4825651020847,9890.260156639497,663.929272194997,872.9566085022832,33.486845708541644,92.11351902319802,84.02256072385364,320.3915414630936,515.5276605796134,403.0001099444301,212.69062290721496,525.3771033223866,119.6973920387066,22.54435128477091,344.65925923768555
1907,10,19,1,1778.7506135993362,10104.774302217278,642.3202055758348,872.9566085022832,32.670155686814866,0.0,32.87839332673942,213.1188912192618,246.55670723373424,421.60615629954134,151.34631046008974,529.5782722121805,112.15641976911219,21.21817365411534,346.4816614520754
1907,10,20,1,3426.0828989616575,9738.501049022703,431.5895347826288,872.9566085022832,31.853465665088084,301.37829684506346,0.0,130.87096498250185,958.502848805139,408.1335509763664,77.3396110231746,481.2431744703387,104.11076555326865,19.891996023465936,347.696596261627
1907,10,21,1,2017.8125917552275,8988.63900491914,391.06830774608204,872.9566085022832,30.219234015769068,126.65394648205165,62.103631839380036,176.64118519152774,156.89972278501514,302.2447276867257,636.0640906578786,463.03089077821716,96.06511133739895,20.555084838790634,334.3254878798475
1907,10,22,1,1210.0805419895353,9117.678362412978,381.60800041164845,872.9566085022832,28.585853972290966,36.545503128744414,0.0,170.91886496859402,0.0,261.1771994308604,524.05015247034,462.33069596319547,91.03292033692658,21.881262469440042,337.3628249037889
1907,10,23,1,1535.7430505312384,10545.93449877754,293.12580509263324,1566.2314849190398,28.585853972290966,39.548832283873345,69.40994146751883,276.765105944024,142.39589673996574,371.5497514661594,572.0561259792374,435.71607449159796,88.51682483669039,23.869860479114358,352.5563354999583
1907,10,24,1,1188.126902861564,12330.427493864814,461.3062285096933,1566.2314849190398,28.585853972290966,26.532977828407294,0.0,232.42129500339996,45.48783282211615,71.87531414313311,532.717061113063,395.78331452923214,77.45039317433537,24.532949294439057,311.2212500685644
1907,10,25,1,6772.444748923876,7921.251909341281,403.8934071440762,1566.2314849190398,29.402543994017748,47.058440476612304,179.00886860374177,183.08088083601587,50.10238345346322,211.12793429294092,600.7271967324348,442.7180226411426,74.94161190518717,24.532949294439057,311.2212500685644
1907,10,26,1,2677.1299475068868,10868.643182561551,555.1906904833509,1566.2314849190398,34.30353573026843,181.22799324101086,427.4233959613191,210.9667649545985,257.10949101135833,184.811016846669,636.7266574189182,418.89696192605726,75.94366156662362,25.85912692509463,319.73261921205426
1907,10,27,1,2008.8085646475217,10587.844717450917,250.57555771628967,1566.2314849190398,65.33945976778881,143.17439901010357,255.72083698571615,110.85118577680922,0.0,134.76175170874953,516.7150699433192,411.89501377651266,73.42756606638741,19.891996023465936,372.00894340608284
1907,10,28,1,3501.7571942054037,9276.385743126088,268.1350379071431,1566.2314849190398,63.70607972431071,106.13191131359666,869.4765420339348,130.87096498250185,262.3775473679254,123.85229705387397,451.3752791490869,404.89306562685607,69.90868948162431,23.206771663789656,351.9488680951617
1907,10,29,1,6086.317649536425,9961.728108482732,334.33182649392813,1566.2314849190398,164.1640620323884,78.09684047266441,639.3063751780879,123.00486006961184,294.6860702131237,146.31377895456558,646.732084770967,395.78331452923214,67.39405682762143,21.21817365411534,337.3628249037889
1907,10,30,1,4166.031823308723,10076.870919784607,285.0266322362134,1955.057189467634,209.0862712569095,79.59893348518317,328.78393326739024,167.34867101023588,0.0,124.49486964475199,627.3971820151556,361.4593315897178,50.79660360339959,23.206771663789656,336.75535749899234
1907,10,31,1,5070.380119007033,13120.104245708253,395.79423428765637,1955.057189467634,117.61528561131277,59.57388288451729,142.47732046293336,52.92145217278314,0.0,150.1620748046834,548.0564855215447,346.047827157459,60.35264654251195,24.532949294439057,345.2667266424822
1907,11,1,1,4428.261466719717,8534.464582560217,4463.675662577689,381.50982021212,120.17861925615618,498.5697771502592,144.3445836504024,802.2259190707254,1650.6854435071723,119.23291409461508,1149.92142315694,563.0649087749192,25.99916588700658,25.77289864164463,93.76157010750607
1907,11,2,1,3872.439838286342,5019.961876661395,3664.5798187447913,381.50982021212,95.85675583526276,488.46728050575206,121.79181313348359,579.155529271303,1650.6854435071723,128.69301057215895,1278.9546267331853,612.2662269064903,24.593370668562113,22.091151469455152,83.40732232028161
1907,11,3,1,3732.624496004657,5297.6722203958125,2833.188734503215,381.50982021212,82.97962359481966,483.4117478338073,72.17143528241877,431.26775196393606,1651.8524180166,111.65769721711746,1488.1651009962868,576.7367539248178,25.99916588700658,20.250277883360415,93.76157010750607
1907,11,4,1,3649.160199779984,6607.145973836553,2032.3174978730206,303.56404018292017,77.25683220167404,507.8411099487142,135.32518852910817,518.0201285219373,1653.186103170232,41.63584801403139,1436.0297972691492,635.0478231540127,23.89120448245042,21.630598854780033,69.77684583306602
1907,11,5,1,3803.7461932724545,7063.085036982076,1764.4022705024468,303.56404018292017,72.96473865681482,510.36030758524686,81.19340003194583,331.30232113017064,1638.9323430914185,117.33375510364378,1405.310792890779,697.00423652286,27.404229682338137,20.710162061729577,73.04624905659502
1907,11,6,1,3874.9690593840915,8767.286876295124,1906.4336942900022,303.56404018292017,71.53404080852842,562.577961997085,202.983500079979,440.3600683532255,1302.6769737480186,88.94632597548721,1067.66944847064,635.95735456306,26.701332073099326,21.170714676404696,91.0382050006145
1907,11,7,1,4881.093212054004,14660.85623219546,1928.9220030564295,303.56404018292017,68.67264511193106,498.5697771502592,202.983500079979,613.0306640023023,1650.6854435071723,79.48622949794337,1425.3216475947656,635.95735456306,31.62015249143303,21.170714676404696,121.56173572211256
1907,11,8,1,4856.509182984444,8855.739495705198,1759.9215172520867,303.56404018292017,68.67264511193106,511.2086088301783,144.3445836504024,613.0306640023023,1654.5197883237242,57.72229584317162,1081.723894918227,660.5580136287895,6630.423639292835,18.86928847563484,4596.002827953028
1907,11,9,1,3732.624496004657,8865.224439931333,1608.928586963811,303.56404018292017,68.67264511193106,568.4732272145789,171.41133444170876,205.7199144877695,1663.1887418219133,132.47704916323892,1409.3263490186453,561.2458459567123,4367.107966059474,19.78972526868529,5618.117927581687
1907,11,10,1,3709.2544930618756,11627.879880842502,1662.8667109973853,303.56404018292017,70.10334296024202,649.3274751683372,175.9167492886726,323.0358206331878,1653.186103170232,109.76567792160868,1502.2195474438736,531.1807799330113,1049.8115905480197,21.170714676404696,1748.2092852613848
1907,11,11,1,6542.487966719883,9432.887322855615,1216.1440661800186,851.5328089393191,67.24194726364466,694.80156311775,153.3639787716966,281.7283428720438,1995.9431876373083,87.05430667997845,1507.5736222810654,647.802918391401,626.0835541540322,20.250277883360415,1039.0422812452105
1907,11,12,1,5028.293879940905,7312.119967940605,1581.959524947024,851.5328089393191,64.38055156707186,619.0028478359364,184.93614440990962,397.3926172329368,1656.6870266982369,173.166173559965,1564.3937414907316,687.8872669218855,489.7682290439946,21.170714676404696,638.8987238780431
1907,11,13,1,5170.638443320338,6617.954398652302,1812.929673629896,851.5328089393191,61.51915587049904,630.7933782709241,130.8112082547778,453.5814642036088,1657.1038033088164,185.4678688285345,1651.3305316595606,723.4383954133854,413.87576709509165,19.78972526868529,524.9610453598428
1907,11,14,1,4632.015518351307,6108.855531821337,1503.7576993497253,851.5328089393191,61.51915587049904,541.5246674631393,135.32518852910817,242.89831278773175,1645.434058215095,64.34650528604824,1505.5658442170766,528.4449672024064,360.47456579507394,19.78972526868529,472.08407923747984
1907,11,15,1,4569.392003972019,6240.9830106913905,1581.0295572912592,851.5328089393191,61.51915587049904,555.8429642340993,230.05025087128539,451.92149084446424,1654.5197883237242,79.48622949794337,1400.62597740825,676.0417030936566,311.2863616117369,13.806551895719789,385.4073536936692
1907,11,16,1,3868.7977599056535,7376.198486490542,1972.9686529333214,851.5328089393191,60.088458022212635,651.8466728048699,252.6030213882614,743.567965998104,1646.6843880465553,511.93044349779746,942.6518010222605,736.1429611281048,257.1829941255971,13.806551895719789,345.61482594188436
1907,11,17,1,5420.930163150167,9951.471133912713,1889.3561064298974,851.5328089393191,87.27256874554432,636.6886434884179,1123.1845035652348,1960.5202944641806,1296.091903302171,1972.0552815617639,1754.9318797590615,3541.4698780061935,226.96790542949878,592.7760003216562,345.61482594188436
1907,11,18,1,5194.00844626312,7291.71630884931,1495.6416179903401,1748.496356412536,854.1606796623133,601.3170521835123,1123.1845035652348,1668.0646865676483,1645.434058215095,2236.0098225245497,996.7948828133867,3541.4698780061935,216.42078417559506,592.7760003216562,309.0917014135452
1907,11,19,1,4601.361358647148,6363.404965237153,2182.3804605057285,1748.496356412536,703.8948252989929,657.7419380223636,1001.3841250043276,1374.7749212042777,1653.186103170232,1258.5141178121448,1458.1153559724683,1404.937286961775,217.13026459280522,113.67427815957862,309.0917014135452
1907,11,20,1,4833.240348885502,8994.594667572743,3785.8983265632173,1748.496356412536,449.2391243623729,560.8984969060441,766.8284592860783,1230.2154321898195,1642.766687907971,1186.617384582624,1272.9312925413305,1415.8372268647643,220.6410955233637,100.3322894963697,318.3606984439153
1907,11,21,1,4656.498378577381,15222.232582318567,3213.3764206770647,1748.496356412536,390.58051258258115,606.3725848554569,947.2506234216577,1447.5134523182417,1638.9323430914185,4523.139864505274,1466.8157275829744,2872.7477372049075,204.47664478058732,321.23711982789865,282.9228246724722
1907,11,22,1,7773.2069528671245,11445.901299761377,2733.4285677952535,1748.496356412536,921.3523821801174,480.88398149777765,3017.6857504086074,2415.803439900293,2015.0315563977579,5534.691916536962,1351.8369704543159,7864.559287596564,267.7228011483866,1583.6592956349957,273.1146150019268
1907,11,23,1,18741.528334052815,35200.17208355976,2605.769371414938,1748.496356412536,1570.8721731855724,626.5861468439109,2201.2292043867656,1543.3581452655324,1292.2575584857577,2263.497650025427,2373.996782808881,2804.3885114558634,238.20987863838437,454.70379700139256,287.28430412931766
1907,11,24,1,13082.143205810498,21421.63624448482,2897.0183326934716,1748.496356412536,765.4148327753819,458.15122187284834,1010.377823843179,786.5354171183048,3406.7320141463815,1417.515135589819,1694.096204421529,2138.4094018885326,215.71861798949908,226.89401963124192,239.86089369715828
1907,11,25,1,8229.579607738262,17763.315314506894,2852.041715160617,10831.121600340686,473.5609877832663,438.7773924298863,509.7114576234294,1095.4990012848573,1646.6843880465553,1049.3924379419257,1911.404716875929,1836.820336229298,198.15714910559257,162.46344411787672,285.6530152557842
1907,11,26,1,7797.689813092846,19745.227497555028,3226.81868042854,10831.121600340686,359.1051599202312,458.15122187284834,509.7114576234294,1447.5134523182417,1646.6843880465553,867.7585855725839,1641.2916413398398,1836.820336229298,181.99269836281618,162.46344411787672,207.69242314924412
1907,11,27,1,9835.736173630068,18775.77796561338,4299.155930023903,10831.121600340686,294.7237567472939,422.7796305678853,338.3086886091444,988.1429352943064,2349.4531086550533,680.3629989712904,1395.9411619257214,1335.711840823114,168.64422659559034,108.15299427390633,218.5995345295681
1907,11,28,1,8607.546408580576,16241.31263637313,3919.89821150562,10831.121600340686,257.52561269179824,414.35659901441915,306.72795754345043,671.6886170750114,1998.027070689788,675.6365205802186,1564.3937414907316,1210.9039196826243,157.40225338670476,96.18798440058723,216.41538206293515
1907,11,29,1,9543.762890109823,21208.77644964422,3089.3525524055763,10831.121600340686,241.7879363606233,362.9786771480728,396.94760503866377,768.3591259144331,2344.201723362837,514.7720422888232,1476.1853585480326,1209.965514260511,151.07544348056965,97.11042650254939,225.68437909326357
1907,11,30,1,27714.19310029963,52633.72015113825,2913.165952897811,10831.121600340686,228.91165572604564,370.56197615604714,270.6418116307926,598.9834522596122,2345.952185126909,555.4611666855492,1259.5461054482953,1162.6121329603252,146.15296594670502,79.61744838049842,225.13834097662615
1907,12,1,1,2408.729004617808,27611.113802227952,720.9447437439002,706.0009023796999,558.5512528184612,456.0176157112741,54.2662657083646,583.8518358100152,854.1419855384648,233.61797497548264,1150.3899047051261,602.3696589548717,158.30921804376177,35.64236069637323,325.71856206597107
1907,12,2,1,2793.170611470079,33392.518178153216,842.838140658592,706.0009023796999,1064.422167008905,335.3788962389294,42.84169855473561,684.8015724547304,134.22707517445838,230.26945780717966,1276.1437374436234,691.5903590876693,155.44935368157866,37.38096352768116,445.24630580349265
1907,12,3,1,5128.147528878854,23160.91031942434,729.7625279708005,706.0009023796999,845.9001028001898,546.0917842667919,36.55810096596495,622.6151332970225,855.6423813361615,274.1643054630831,639.8922541664035,617.5285157735623,144.5950347212465,36.72856969325177,320.9339030686816
1907,12,4,1,16261.879969855241,13706.847307133545,879.7494023405613,706.0009023796999,348.8944056339583,489.79542891959335,55.40889373227684,637.9636306880359,494.9222249569772,285.7020533180365,700.7145443169118,629.193617020607,138.3047959706822,34.98996686193768,247.42352161291146
1907,12,5,1,8253.151948369074,17371.78564005955,1166.8557804252691,706.0009023796999,385.42829711700455,469.6846913244731,84.54076908553502,623.4242660399151,507.67558923795457,392.4690591486313,610.9936352326808,1414.1047860854183,186.31540894605226,48.02982231494021,331.0970375150913
1907,12,6,1,10460.85846014072,17835.003846448286,2979.193656456132,706.0009023796999,494.6978452799921,337.7867007826887,99.3932203108784,607.2749774806283,496.4226207548128,534.9416819485416,594.7440181018754,1302.1458007246408,369.1931292726353,91.28166191621686,415.36436986910184
1907,12,7,1,6929.357625826064,13358.330751851036,1759.414262167088,706.0009023796999,320.5870267785404,402.1290649078348,112.53258604312357,966.6216726482,521.1708158856743,372.0066919752615,680.235208064628,929.5266631150147,244.60251662444227,61.286919567311045,353.80539769182053
1907,12,8,1,3495.5858947269658,11572.734856272302,1504.4340394629908,2948.301387591107,234.35341718472176,682.8139525955919,109.10641505686996,760.7099019429596,503.17440184472565,346.7107509790067,822.3189690565215,746.3932357388535,209.17238115022695,51.07254437881328,344.84354710207987
1907,12,9,1,3921.506727581975,9493.988010079416,1937.460796986383,2948.301387591107,183.6658362739298,603.1935973617235,103.95859315009439,1061.131713648427,860.8937666283776,417.3865962857468,748.2319584968641,1114.9700115301546,247.46238098662536,74.97850041844318,495.44768515419906
1907,12,10,1,2839.2024354484133,9618.284895460523,2881.377967573933,2948.301387591107,149.09915433226817,643.4065038525242,137.0896665870348,1102.3390925134381,1944.429598580648,481.0012827877916,644.7042289263306,5307.043587187612,1726.524252413178,431.8365909809306,883.8992013483135
1907,12,11,1,19267.60632237729,8728.354488948546,2276.7299063073674,2948.301387591107,125.40747924930429,587.1101485053256,101.10630580403382,1229.0476117361059,3772.661878156835,475.42518063761577,964.3358041128487,4817.773437106643,3631.369459174311,1431.991097855327,3348.578750436231
1907,12,12,1,17245.241132646115,7986.6539084815,2589.4526661821333,2948.301387591107,121.12390176307503,585.4992330098595,81.68505556851639,1229.8817692030316,1593.5036925479944,443.432205304755,386.4638143417454,2780.928375903147,1305.2976830571984,515.7253473553187,1872.4329568022297
1907,12,13,1,8846.810724424146,10102.45821118562,3594.3249894786104,2948.301387591107,132.96973930455698,562.9806908709801,58.83592126123771,1588.402648478297,1232.0750159309086,383.9085642983666,488.19792884179117,2004.2174265270237,793.2283633730511,271.2313997930973,1296.9087818393539
1907,12,14,1,6250.919358575348,10618.395061062818,3265.4546093993067,2948.301387591107,104.9944867353393,595.9530463315663,119.95881165582388,1084.5715384683663,1601.0056715367557,472.8191917966037,499.63557121278075,1739.4427274273542,584.0852391472285,196.90128259125396,962.8017092061281
1907,12,15,1,4892.120616040263,8296.458656515593,2473.2067092132984,4108.094853818242,92.16078639386234,579.0641397273781,322.1714232638915,1084.5715384683663,3816.1733562919835,453.4777568096016,549.5957820372361,1540.6451480052538,476.0686741837077,156.4809391812172,823.5619894570459
1907,12,16,1,7907.458008733408,8820.998130226295,1840.4059907316819,4108.094853818242,83.27342761724636,582.2859707183674,200.49952611496943,787.3528914359043,16947.804088971596,412.1817582992477,705.533211670351,1426.3040565728893,409.20197341879447,133.87442332001075,692.1033128704219
1907,12,17,1,6625.244081036974,9008.60150381345,1422.5968857568644,4108.094853818242,102.69515090775455,572.6290464449539,245.62219800376891,853.5933358826943,5458.439912267342,1549.3853106394304,1671.0736826216153,1329.50392803069,378.91374241160696,119.09529659939432,606.6073947538939
1907,12,18,1,5957.833217772517,11279.363325559323,1951.1566842801599,4108.094853818242,285.3646083230594,510.7030555630068,2471.12582382809,781.7056453848948,3189.2579787926725,3953.320770260133,3331.3053636980476,1300.3411749129104,343.4762927063037,108.4471062484474,604.2184779934802
1907,12,19,1,8007.008151139485,16745.33816094379,1668.023804361011,4108.094853818242,214.9282874707518,517.138148845431,1838.740314042242,847.0869076408135,2049.457304424277,4686.139111737654,6853.2157916001015,1231.5488389691138,322.90136060699984,97.57833191659005,533.6976552264582
1907,12,20,1,9670.932126903113,20198.519599520652,2044.1534498552674,4108.094853818242,172.79934547386202,533.2215977018863,1006.5233814836795,724.365661109923,1670.774076132846,2219.3743321149723,4626.723770555651,1186.072268513042,299.47387837662706,93.019596311225,499.63170222315404
1907,12,21,1,8800.677731601972,15440.60687961645,1974.4058756740849,4108.094853818242,151.07487993228273,488.9899711718603,458.12188799807836,1092.5794501506607,1291.3406499425664,1353.3292734514591,2701.599236909299,1252.5546834178597,289.18275521143113,85.84727475029436,558.2011157117288
1907,12,22,1,9142.729592856598,20467.627319422907,2125.9060610473593,3742.7522347941217,305.44547455082426,496.23052220201754,428.4169855473344,910.8999538590135,1676.7756593239103,1201.610745037631,2338.0575554643406,2459.055316119903,615.5144902068383,176.473869086858,909.6312475960599
1907,12,23,1,5572.481091324986,20384.909782567604,3481.207105533604,3742.7522347941217,573.0370685323825,427.8608693382065,311.3190266649948,718.7184150590014,1291.3406499425664,894.318252664332,2135.8073784895773,1723.706390348919,596.087892391071,171.68786513752914,715.378187593175
1907,12,24,1,7155.267654273658,14604.608307133803,5488.500019215599,3742.7522347941217,639.8540644708612,476.9252423546876,225.06517208630436,663.8058290127075,2068.9624497951672,791.2210502974793,2110.5093748838544,1515.524756705687,409.20197341879447,120.61933137655161,559.989390543808
1907,12,25,1,4143.673508805042,12260.944762906336,3360.1422252574794,3742.7522347941217,403.8570479723495,501.05469998903305,317.597484997309,721.1374717130599,1685.027836211659,1073.5960055336004,2115.3280422372936,1446.1549405021456,361.76918470071047,108.4471062484474,586.8885932659127
1907,12,26,1,5312.477162480223,10728.574820153804,2166.0637552729245,3742.7522347941217,788.2974822893591,456.0176157112741,826.5551850037317,649.2664643645866,1299.5094715082826,985.06378189444,2505.9747275455984,1582.5846518702494,350.9075515093165,102.57823548376359,533.6976552264582
1907,12,27,1,4478.238875610257,11582.660960694751,1975.166758301385,3742.7522347941217,513.4587224215373,629.7308595398855,391.85974112408314,746.9796700377312,1691.0294194027233,748.4542745234061,2061.72036792992,3224.0722902359153,1276.7721817464303,361.85799412966094,1197.0520612545786
1907,12,28,1,3979.577643985315,13990.29273342341,2914.2650055818435,3742.7522347941217,310.05266226464823,557.3510553362316,383.859631871247,766.3571479938813,1304.7608568003598,2579.143586080765,1964.2092799577292,1996.0605178578776,749.2698344300071,241.45256237095404,1115.8288914009715
1907,12,29,1,3561.042136735875,15871.840971754262,3106.6837678081806,3637.5299477327776,235.00915369851663,601.5826818662575,4460.10373561715,824.5062650117457,1304.7608568003598,3602.904517340072,4906.005699250432,1812.9270904817165,569.7932315674271,176.473869086858,770.9375659636568
1907,12,30,1,4413.693153196962,18283.88434644808,2627.9195101246332,3637.5299477327776,192.21595912917752,587.1101485053256,1236.6764174845646,807.5478437095663,916.3250558236225,1321.7004225868125,3168.7422664539813,3410.6705991706567,827.5321072570463,201.4667025596724,911.4058714752148
1907,12,31,1,2778.399960259646,21465.752264141112,5542.184515706675,3637.5299477327776,162.2649809599698,1068.0883856970545,555.8020228158585,713.0628274333726,916.3250558236225,922.9484314379647,2599.8718150027653,2844.5233895091287,956.7014285771833,241.45256237095404,1076.3776374720435
1908,1,1,1,2057.5033090866787,243585.4073442156,4501.310427309302,3631.551023062324,95.77167875684394,367.3319409277819,1242.2460127180775,739.286605411729,756.0152410358855,280.9636216525258,1093.5739204281945,1272.1741855312425,319.7844882321929,1201.0338756004999,404.82906335439503
1908,1,2,1,1308.0143827559878,135010.5164737316,4898.169342017392,3631.551023062324,96.66729854178824,311.98318086959125,4755.685687779706,710.1189120567976,457.9486929787294,313.2654256289187,730.0949939205289,1163.2144178681158,309.41784822905055,925.134287642286,432.09288597678153
1908,1,3,1,1548.8031451760276,79925.28162296259,6507.228992400709,3631.551023062324,94.87710525669937,269.21534563803533,2413.4230205170525,794.8972175763433,457.9486929787294,290.6565502661999,863.5129445961676,1322.8697171608997,300.76922012845375,1460.7399539747817,440.4784465625118
1908,1,4,1,2425.7684751400325,64355.64227213507,4137.05512776962,3631.551023062324,134.25926495961912,483.91335036047434,1036.7122581320139,1514.140730513132,1659.0258163023575,298.18886301906963,969.6151056387428,1463.46209843426,297.3136734607637,1143.0909976165615,610.3828048919219
1908,1,5,1,3733.682403678077,49590.40124323515,3109.077389882779,3084.8492756985092,623.8577721698326,580.3579708910877,730.0833007902047,1693.7237361430243,2871.0232208085968,256.2060675331122,1297.3210831900535,1239.23755002544,290.4025801253836,850.9369075712959,671.2103712946938
1908,1,6,1,3576.270642847116,40105.67642858475,3324.5629801074706,3084.8492756985092,488.70916513402403,475.5260671426666,649.8337881663076,1386.5320720850068,2277.878370651784,282.04989813504847,1318.4341607668648,1208.8282971626056,293.85812679307367,714.1307230260975,574.7334216839294
1908,1,7,1,2914.779612169571,33182.374908990525,3947.970922578098,3084.8492756985092,329.3809164739721,355.5915717176861,664.8423196678567,1034.6385907509161,177.65781388931885,262.66404090756885,1461.2158209891338,837.5584756261351,290.4025801253836,646.8864883131648,574.7334216839294
1908,1,8,1,1649.056455520266,23832.66061081354,3240.413803683637,3084.8492756985092,239.88171506618067,318.6893528541672,534.9997957707004,1000.89405189606,1679.7897312271352,288.50787150950515,1012.6881695538018,1025.095645138785,304.24428965874256,612.1207615228191,434.2000268418532
1908,1,9,1,2506.332758603158,24570.025739246754,3151.4872337775882,3084.8492756985092,198.6999455149747,301.08336727611146,490.6410441142276,804.9236121671445,1379.7566536613783,320.79773838165704,1253.3056841740013,1087.1778421861761,323.24003489988297,570.3713931228124,534.8697567455449
1908,1,10,1,1321.9775191666904,21087.132066019,3021.491842708566,3084.8492756985092,176.3303765870145,329.59830292182266,336.0065819972143,837.737267191458,769.8248923907203,362.78053386761445,1236.4867918672082,1311.4561646936963,333.62619776555186,528.6525209743801,536.9768976107409
1908,1,11,1,1632.1801467645457,18770.2383077919,2542.5790995951857,3084.8492756985092,153.06100273491123,334.6233636731668,178.76869232216387,932.5419673018049,1381.7341693684677,419.83989196328963,1028.4454438355644,969.3453482234298,345.73037253376634,496.17401305182216,488.72767208662634
1908,1,12,1,2941.098617490431,17458.842451973065,2251.996236386354,2655.132026133724,147.6830988860033,270.8873203971685,146.14820176095145,782.1363517335055,1384.7004429292144,599.612681277488,1230.164796886685,975.6772483554658,345.73037253376634,459.09057114211424,421.6001845258554
1908,1,13,1,4501.052180951207,14465.951981891794,2006.6728903778485,2655.132026133724,187.06525858892306,654.9938277606427,114.83399239560708,886.9674464346534,772.791165951467,609.3056098911621,1301.6152684598385,1018.763745006749,577.349613583005,447.50199554533236,486.64203265889506
1908,1,14,1,5138.2332906835745,13220.645190081445,2116.4691265484093,2655.132026133724,342.80475040035634,717.0578962775849,416.9138026358179,1097.5702163739004,1697.5873725913907,552.2462517954871,1261.6554888654957,870.508554656553,546.24969357365,447.50199554533236,522.2914158668875
1908,1,15,1,4219.07718883139,10140.894807302146,2416.7744045629847,2655.132026133724,475.27486835968625,673.4495054294132,592.4213593852381,1137.6176144976407,1392.6105057577975,522.10506368003,1304.716624488081,952.8635869459131,343.9928377686943,350.09696802917495,503.4131538303555
1908,1,16,1,12048.479000676847,11407.916577286693,2368.078516612545,2655.132026133724,410.83418780433067,626.4788921149317,341.23170678045557,977.2340878713428,1703.519919712884,457.5133928314851,1478.034713295927,819.8264665517497,364.74564063743327,294.4657059143069,518.0986355740846
1908,1,17,1,27367.747364886083,10310.83811475219,2394.47990164598,2655.132026133724,993.5206532709544,834.4707248527177,245.3159546403028,1679.0817092261575,3021.094690583245,644.830432002663,1086.2260922998287,850.235719414584,321.5220229972651,310.69581100010487,572.6262808187333
1908,1,18,1,18480.562629269258,12147.169964691688,2259.707117094743,2655.132026133724,1064.2808939911756,814.3430724248143,608.0784640679487,2005.4728522877697,3573.810330727475,2284.4036315437857,1190.2169455845828,848.9585845684844,433.87609685419426,296.78342103366913,1086.532136100015
1908,1,19,1,13435.751762052048,11232.308492922548,1650.1284715462893,3849.651153780297,1033.8026178980174,887.3069545352362,561.0980151863487,1512.2983562653703,3299.3750953705676,2224.121255313003,1193.4256562446226,1009.891018707368,707.0009436410554,271.2794058452621,1824.8699949554798
1908,1,20,1,10249.343942296577,11616.569193655698,1411.6778670385424,3849.651153780297,727.691075276105,773.2472119523915,366.67221818147414,1278.025925594871,2057.8248172410754,4479.398352598802,931.802418679176,947.7953781353613,764.0467479520562,273.59712096462425,1044.5828317338992
1908,1,21,1,10253.362111047938,17219.033562572207,1388.0423413894364,3849.651153780297,603.2773502422051,719.570426653257,296.8638202905146,1340.9575512178553,2374.6667783176554,3212.274741330617,1231.2383432039564,935.1315778715277,1151.2436804983922,255.04930075943514,832.7291690383736
1908,1,22,1,16803.981717802726,19048.756506111717,2068.527563884677,3849.651153780297,1638.9005036844158,1013.1436122245713,296.8638202905146,2442.988252612878,4934.7805851711655,2874.3353213118407,1113.5299536406517,899.6541161981415,1481.414331596254,255.04930075943514,734.1450785625375
1908,1,23,1,13375.479230783301,16170.105703814317,1942.052357486691,3849.651153780297,1569.9503356603911,103.99134813180522,204.86691173781202,1826.7625502489554,3364.5232517223317,1654.6020137340076,1358.2746574369366,899.6541161981415,936.902172787676,248.09310577621727,880.9783945624881
1908,1,24,1,9568.063430519413,16036.98344631268,1887.1542394015437,3849.651153780297,1024.8464200484443,870.5323880996207,165.72415003111232,1423.8643923699071,2415.0959883302376,1156.168227690737,1822.6430812011138,947.7953781353613,674.1634888665561,222.58909058781023,736.2522194276092
1908,1,25,1,7788.818307457823,20071.248739265968,1855.8078330443145,3849.651153780297,761.6953311301169,591.2577844845675,147.45448295674257,1216.06397062857,1772.6231074788273,1018.3782338624961,1609.365212798925,785.6126961996091,627.4843245586255,236.49843092911468,679.6174333177643
1908,1,26,1,6472.365770323415,58038.47188244543,2443.1757895964197,2969.509721210467,611.3337431675916,401.72162941562874,167.67900440806488,1132.1874588198345,1780.4233083236454,1159.403182930086,1270.005293556757,1047.8958630237223,644.7620578972204,234.18071580975248,633.4538472215054
1908,1,27,1,5945.784755469764,41577.57429699352,2851.1819557630124,2969.509721210467,511.9785389861273,379.91286575449345,144.84192056516036,1162.2472491790413,1740.9828561647203,894.5785261614499,1015.8372387517063,1160.6735917005321,648.2371274274368,306.06038076140953,597.8044640133886
1908,1,28,1,16534.76441146764,40482.384093430795,2379.2257680710477,2969.509721210467,477.96382028416195,369.01305216101366,135.70708702801394,1100.2852942127402,1461.7136935237406,835.3704893089487,1259.5083962304866,1050.436689191306,584.2607069184573,370.98690035498,562.1550808052718
1908,1,29,1,29188.98235139829,32850.98545946466,2419.5402639475788,2969.509721210467,3778.029768101417,1654.7068230677878,124.61739911383803,2871.485715830137,3101.074214738518,774.0137736997527,1429.725129010323,1127.7235126701141,596.3648816867442,294.4657059143069,769.79446177053
1908,1,30,1,16269.56527388392,29897.748427787003,1955.2111430430803,2969.509721210467,2345.0381121730748,1228.6730360894505,187.9035258593103,2217.830726115708,3115.795720558262,684.6645487319257,1084.1147845422408,1085.9141508646921,541.0566121408156,294.4657059143069,1740.9713862232484
1908,1,31,1,11951.038408458562,27945.28865109063,1618.1115538232748,2969.509721210467,1576.228044433442,834.4707248527177,245.3159546403028,1573.3876076404665,2799.063621465447,665.2786915043146,1853.0602268626533,1129.0006475162138,504.7440878360274,250.41082089557943,1396.9698892715012
1908,2,1,1,20073.766539146716,113295.53829963502,5202.916757831291,5094.002387602571,765.0957567155268,2483.2022938634386,580.5734802875907,1559.618284314678,2767.643094118869,950.778412754526,7841.063019814503,5538.059998622423,416.0907690899115,2804.618271931451,2450.733834775085
1908,2,2,1,27745.455227505143,121792.7036721078,5281.198959803309,5094.002387602571,758.2739798487997,2483.2022938634386,2525.2333830118573,1687.9057122025447,9158.204825692506,950.778412754526,8094.062101962959,5379.8297129477005,401.4876679178759,2630.7591417280905,2095.8311090618263
1908,2,3,1,81785.80676330908,214317.39328347673,5180.706068834943,5094.002387602571,758.2739798487997,2483.2022938634386,13310.365946992608,2006.3455558788478,24395.952107020024,16312.05289494018,8463.719883942162,5025.055096213362,383.23379145281336,2358.5496002099403,2107.742905380944
1908,2,4,1,46939.242810124895,152004.84721867714,4707.241230569563,5094.002387602571,2033.2452431115557,2483.2022938634386,3208.0621899144176,2129.29979515464,9637.093212770262,4731.509993389966,7786.789289320489,4759.276612968483,355.8627381865913,2151.327570788481,2171.215148583788
1908,2,5,1,35444.2665549347,165222.66002030091,4846.372338999467,35033.422062027166,1841.6704970539636,2483.2022938634386,1763.7536593544025,1992.285331355991,5172.74164192967,2925.068014179317,7485.361339962157,4595.265611674059,324.84090962726987,1987.9896473769438,2036.3581332152253
1908,2,6,1,46495.23516311005,188825.8971660584,6177.756469968369,35033.422062027166,3028.5759690787063,2483.2022938634386,4765.734004670591,2871.9705511585416,7971.036229509214,6114.065402311948,7109.858694699049,4381.513569003637,315.7042099635115,1861.5521883656972,2036.3581332152253
1908,2,7,1,49916.70585481459,210540.87534015617,23449.45874488203,35033.422062027166,9018.556423364604,2483.2022938634386,5997.657655491663,9829.551447462423,12590.183335424987,8506.499826903313,7291.28802235008,4173.54224195244,313.8885837482612,1738.6217982850685,1889.6323244022249
1908,2,8,1,40276.11447833477,168999.1779636227,25571.627218041205,35033.422062027166,11386.717429518387,2483.2022938634386,4510.872148983844,13708.234074457629,12706.637038178438,8002.992771573085,5001.771575977201,4056.7180123420535,319.35498525653844,1619.1984771350285,2301.943887971694
1908,2,9,1,29790.703121900726,109519.02035631324,56242.493373957455,35033.422062027166,9717.683923723327,2483.2022938634386,2496.18461236369,10021.54623749862,8641.304192244092,4424.010189091624,3585.52541739712,3844.1758868941765,509.15625476773107,1541.9209756554037,2030.402235055666
1908,2,10,1,24989.996006323145,85719.40427750333,29535.187529877396,35033.422062027166,20723.76294463575,2483.2022938634386,1652.034645194972,11879.435215829324,6759.588134921572,3410.191929035032,1796.281554961284,3715.9246612919715,908.8087736078302,1464.6739704273537,1867.8083654419859
1908,2,11,1,25080.40480322711,71650.93080914591,17673.841466628433,35033.422062027166,7828.825982391943,2483.2022938634386,1652.034645194972,5931.087539069612,6648.517669371016,2665.077884613474,2498.619412429554,3539.142311536313,782.8863102929848,1375.1064795648526,1689.367936464966
1908,2,12,1,23482.178182409887,76546.24219317638,13736.263470222133,8070.672450283047,4528.006709521897,2483.2022938634386,1149.3447556451822,4585.7664698963645,6107.227675534714,2767.9757228530216,1952.184336841449,3443.2899804519534,2261.137938159518,1334.698946233944,1742.885014151884
1908,2,13,1,22562.017538369866,90253.11406846077,12081.776674797178,8070.672450283047,3271.3140416366646,2483.2022938634386,1121.8489066982922,4621.353382998983,5409.494216867212,2585.57677061393,2262.916354284508,3347.303214120723,6301.394338626727,1282.0014235201595,1738.9287496703218
1908,2,14,1,29953.43895632696,115183.79727129593,10534.571697920692,8070.672450283047,2570.930999523331,2483.2022938634386,3160.104313844341,3940.5476148956504,9482.846987613904,5781.258937100941,2229.397852594959,3295.276773546028,2487.4079148757105,1260.9285136849371,1683.4120383052827
1908,2,15,1,26563.109072444913,92241.45076561967,9152.48014490346,8070.672450283047,2122.493336168416,2483.2022938634386,2468.5974150815036,2790.324281860241,8177.247172969845,4302.7292103776945,2212.1018285913156,3257.231598655827,2131.506130963994,1232.8414659885086,1641.763754062802
1908,2,16,1,22126.046228857183,79945.10834216501,9891.718925838044,8070.672450283047,1958.226623273596,2483.2022938634386,1503.3195552100099,2484.199255524639,6679.169162831467,3039.5448434969803,1934.888312838039,3298.772089967271,2005.5836676491485,1201.216853109917,1734.9724851888843
1908,2,17,1,20497.68334240587,73619.44078710237,26155.810245604902,8070.672450283047,1905.9123834981565,2483.2022938634386,1158.0228475054598,2495.5444022086554,5940.237460265478,2534.127851494222,1298.394629507558,3616.577013786607,1290.2269388454656,1239.8556038497438,1964.973361049506
1908,2,18,1,18863.293202827517,65496.150691019204,18324.237491577627,8070.672450283047,1943.4740076569262,2483.2022938634386,890.5275170368822,2820.1901380881113,4775.260984795679,2114.0611545508773,1983.3171800479136,3486.0403889859426,1063.9374392667469,1183.6815084568868,1707.2141295064268
1908,2,19,1,24294.852812353787,115183.79727129593,17636.963341502284,13384.032866429829,1759.2232551678792,2483.2022938634386,1541.1377660538283,2593.9659738686523,6965.689216398666,3175.3890893398366,2588.6780201719303,3362.3599617804166,1018.3125095354621,1127.4769168124844,1665.565845263822
1908,2,20,1,22350.05913674001,90340.91811064222,14959.946713038755,13384.032866429829,5100.429121144569,2483.2022938634386,1714.1515132475986,6234.59445463198,6088.221552349497,2886.2724255158755,1311.0386194686043,3503.3825358440945,1286.5761635524386,1132.7527683341834,1675.4780079049428
1908,2,21,1,27005.107635084078,118960.31521461648,19939.331744254338,13384.032866429829,10610.374111251136,2483.2022938634386,2010.7595581991588,9482.991154740406,8122.206319121284,5339.824823632272,1532.9048584108289,3446.650861626088,1096.774894041246,1090.5764524121937,1610.0491338987827
1908,2,22,1,24755.93767656192,89482.70440802268,14693.418445082843,13384.032866429829,5780.8281236637185,2483.2022938634386,2335.685587115819,4955.598858380298,8599.007328508185,5690.059460981395,2094.2502995190257,3357.7891633837366,1804.8495951214738,1087.069383481576,1542.620626214501
1908,2,23,1,24477.67949053683,79553.29460554598,11452.334130033156,13384.032866429829,3720.9026182666535,2483.2022938634386,2441.832352817604,3754.370848799932,8670.85706586757,4612.258322390715,2329.9533576638387,3140.54180429231,1439.8696801336507,1044.9235638111895,1378.0486243600399
1908,2,24,1,22627.312780577813,75088.5062670547,10977.10919943239,13384.032866429829,2809.1700474606173,2483.2022938634386,1883.3286303558239,2927.3387456588903,6916.031599752774,3393.7187252334434,2798.854532546109,3452.431577245313,1104.0764446273001,1053.7064842634775,1120.2893928169608
1908,2,25,1,19232.964727943847,63656.98645262082,11977.009273871068,13384.032866429829,2279.9591978924173,2483.2022938634386,1301.987824051063,2901.8364073864113,5972.976331417007,2792.208044387404,3552.006915707571,3018.07129430933,978.1539813123824,986.980685827251,1901.5226192841267
1908,2,26,1,17595.560961802534,52396.35407512284,11092.772410054768,4158.51345069802,1941.1721811067785,2483.2022938634386,981.8119085736847,1987.436978072195,5420.150829289012,2233.3128255501283,4423.0108279413225,3148.607919109995,2051.2671659680127,978.1977653749343,1727.0384547885444
1908,2,27,1,16445.360156752082,47114.89373138866,10138.969992023513,4158.51345069802,1763.8269082681309,2483.2022938634386,778.0320420267359,2685.3089497344185,4737.138876441479,1793.908019796268,4220.826271486058,3115.133542616235,2387.0604014743635,1064.2581873068757,1740.906881911103
1908,2,28,1,15277.077592320498,45123.724645772105,10362.753160401722,4158.51345069802,1534.1673956540003,2483.2022938634386,612.828577507231,2051.532208483326,5210.753888300104,1635.741389091559,4180.508643119137,3045.7649551836257,1744.621564218154,1092.3452350032753,1653.675550382044
1908,2,29,1,15277.077592320498,45123.724645772105,10362.753160401722,4158.51345069802,1534.1673956540003,2483.2022938634386,612.828577507231,2051.532208483326,5210.753888300104,1635.741389091559,4180.508643119137,3045.7649551836257,1744.621564218154,1092.3452350032753,1653.675550382044
1908,3,1,1,5157.219138033479,12913.803107186211,11391.149967892377,7903.372039452647,1100.9008618339442,1885.0373349641243,459.31769991533815,2108.451876034494,5009.706458074837,2138.412847127408,5115.090353931398,3681.374802822537,866.3465476063386,1369.3121917664469,1248.7604812779148
1908,3,2,1,5200.615360547066,15989.776972020729,9833.049181319358,7903.372039452647,1676.8806417613744,1935.013848255375,627.8645135094155,2134.6329837667145,4314.719549000552,1973.0839539001202,4316.133327891687,3182.888907085451,794.2876620101744,937.1803070126546,1333.5836518182673
1908,3,3,1,5525.584758305897,20486.66571303097,10673.702806350328,7903.372039452647,1351.1721849195635,2219.797745748771,530.4049745014536,2016.6240648404498,5730.620795309265,1801.3090244027487,4484.202968036514,3013.3660606655417,776.7170857336826,1127.9953530891908,1526.4515452901862
1908,3,4,1,6995.933158613545,22001.99353778814,9213.664307044239,7903.372039452647,1116.5951337665717,1862.3788792123514,432.9545703271138,2113.978998778032,3878.0181636749403,1746.159602979735,3923.0960927766255,2969.136864415029,818.9059916598037,965.2368584574797,1411.7198753275
1908,3,5,1,31384.911573966583,67214.46635523005,7540.067937690688,7903.372039452647,995.9480339965023,1638.5352639223768,554.3747777030236,2293.852905604866,4667.046930821879,1746.159602979735,4432.07633017751,2888.2068457434925,813.6348187768635,867.0389284005337,1466.5915435704642
1908,3,6,1,56477.37088344777,90133.20962376034,10152.380219342138,15655.989862553026,896.8439381659689,1935.744766182884,2279.780405868455,2424.952378397304,4935.1101711222345,1746.159602979735,4251.004851299056,3258.844821619221,780.2312009889522,1144.8292839560975,1488.2219895942671
1908,3,7,1,32646.616561864525,74092.44965950286,10119.692790253339,15655.989862553026,832.0893721719174,1984.1680788782076,1258.9627580910162,1851.7800531931555,4116.967978287102,1648.9915747581717,3616.419694755276,2565.5622530332594,811.8777611491926,1604.9872239031697,1534.7726015637709
1908,3,8,1,22822.193965014387,52854.25687575159,8668.035683021159,15655.989862553026,850.7341672279049,1854.6128762328683,819.5772649537889,1745.0193138850498,4732.96412105977,1480.4396633957763,4153.908551030999,2483.2878818923073,876.8888933722193,1273.8894206023917,1546.4048791968432
1908,3,9,1,18399.19471205586,44137.10933308037,7978.833812769116,15655.989862553026,913.5321806543221,1823.366134833194,774.8439851222759,2016.6240648404498,4480.061834513768,1773.2568295230435,4451.042315119312,2421.3132330425556,1008.6877383084699,998.9047201913221,1646.1715487296299
1908,3,10,1,26933.785139749085,76609.49886872721,6927.388177074748,15655.989862553026,951.7948156260725,1799.2458432264805,524.8144563767172,1906.0816099710894,4469.295360108428,1969.8609357650125,4539.788810696108,2093.694536194794,1245.9295637661974,982.0707893243864,2164.979731738059
1908,3,11,1,41964.74989605483,103854.24344133181,6322.4192971671955,15655.989862553026,1005.7621853784038,1907.695790715897,556.768104089755,2082.1738012366686,3886.697260389651,2046.6165157976473,5060.697340513346,2101.22291002476,1296.8842349680017,1052.2426641880816,1878.967611452203
1908,3,12,1,35413.12574711276,118960.31521461648,6153.366619032821,15655.989862553026,1022.4504278667573,1784.3533904541139,478.48258067627853,1805.8176640632043,4461.714883230915,2206.5737121328693,4874.854544668258,2048.120987474389,1448.0107138084152,962.4312033130146,1912.2303351089536
1908,3,13,1,55494.9286237622,152948.9767045076,6080.699949750383,13521.434013554757,1032.2541164006616,1722.77355506417,556.768104089755,1627.8830985498632,4539.497167711568,2584.7411733196814,4403.686994226941,2411.23058952039,1565.7530977234435,841.7880321001446,2851.7356422724574
1908,3,14,1,57545.19922909699,127457.48058708926,7364.0587041346325,13521.434013554757,1009.6857533615391,1783.622472526605,547.1856637092848,1566.9877813059773,5212.841265990958,2255.1577262436513,4253.390509782374,2245.4719300154643,1520.050076542053,813.7314806553195,2276.3571774664533
1908,3,15,1,34025.85298573756,87067.62118326937,6826.811472185725,13521.434013554757,927.2699000193589,1790.657557578579,2126.406550779585,1546.4307633828996,4453.035786516428,1902.8937811798492,4343.329834600712,2310.0008485576536,1342.5677332868659,864.2332732560395,2554.155748665799
1908,3,16,1,26184.39666763802,60740.570470891565,6127.468117523858,13521.434013554757,826.1987887732377,1719.6671538723924,1670.304312269265,2019.436109745021,4937.307410796853,1776.4798476581514,3762.0641451574793,2636.409628182631,1194.955369701794,794.0918946439186,2974.7238641965832
1908,3,17,1,21597.65703806542,50947.11531437416,6824.04561280113,13521.434013554757,752.6031162571466,1865.576645145039,1592.0187888557884,1953.886373348802,6138.098892962694,1628.4597555269638,3977.489106194677,2733.8751822303843,1107.1024883193356,810.9258255108253,2031.9503385483972
1908,3,18,1,17539.306599284584,43253.40413434309,6621.383552449935,13521.434013554757,693.7286708139078,1754.7512143912763,1619.9713794795473,2041.9324689815917,3988.319595339594,1587.396117064811,3438.9267036014494,2945.0729552086077,1024.5012569572907,1001.7103753357871,5502.217830487266
1908,3,19,1,16040.529655061891,37100.512275186935,5864.795289921876,13521.434013554757,764.3842830545925,1654.8895525496844,7597.441052854068,2332.2518636121813,4832.389216335096,2258.38074437889,4645.115632731622,3423.2591286544935,1335.539502776327,917.5407210012537,2381.0691776011927
1908,3,20,1,16910.463189711016,39372.08781809386,5841.746461718165,8832.765009970786,1442.4082190879192,1707.1501843642945,5156.339486719455,2408.1770760356076,4508.186502348754,2779.196600804956,3737.253296931771,3791.477270084893,2224.82541385473,962.4312033130146,2687.0346317935814
1908,3,21,1,24813.196581267708,45441.89628249676,5315.730295148416,8832.765009970786,1460.0904321319983,1663.4778381975088,3345.4500863132625,2157.129343003285,4565.424595871936,2585.8155126980946,5068.92786228057,4403.695384752447,1716.879576563784,1372.1178469109411,2477.610631524227
1908,3,22,1,21812.62906625824,42011.87386047629,5673.364294949841,8832.765009970786,3223.3941980024038,1417.7066850832703,2672.03015795397,2601.0445696628835,5248.546410703234,16307.278053258593,7380.869498396072,4341.720735902696,3925.8524260447125,993.2934099023339,3117.708422902047
1908,3,23,1,17744.23320559956,36952.28394591109,5173.917141254841,8832.765009970786,9555.30052346042,1430.1322898503815,4810.403340667288,2789.3546112035583,4759.990169057111,13683.502549191304,12337.43284611568,4799.607187057143,6298.075451996723,970.8481687464679,4810.516589350915
1908,3,24,1,15766.289637787604,33640.277709619266,5183.639556060851,8832.765009970786,4919.944993919353,1602.6289207350742,4684.251289519109,7444.5495001231275,17340.61551189772,6331.081956743108,6912.08760643784,6608.702305432383,3254.461183657276,1004.5160304802813,3516.7751010335674
1908,3,25,1,14934.528706275301,31359.260871852235,11600.684769744597,8832.765009970786,2733.7329137044253,2877.532515737476,4264.048946809836,8779.204192072099,24007.04068461698,4411.95371384544,5885.777326944578,11622.195970407056,2460.271135959734,1102.7444567888306,3104.377531714488
1908,3,26,1,13093.20287600685,31182.7086580022,10366.105717231445,8832.765009970786,2042.9756917097848,2463.1934155987406,3412.499764475996,4981.101196652777,10091.811963427659,3464.3863821217815,4670.0457638816015,7281.685151726905,2101.6361512939507,1445.064880667556,2825.0738598973408
1908,3,27,1,11956.061119397766,25031.705057817824,8479.454361354374,4312.460792300543,1785.7988889738092,2338.3891794819397,2155.1812764216306,5152.538968766024,9448.679910673884,3831.6910784828406,4239.076558882935,6685.868137188936,2015.540327539163,1220.5819728571773,2791.9616463023453
1908,3,28,1,11446.75823017441,23901.582063279693,9119.792715814661,4312.460792300543,3792.4684982794347,2389.0966107006993,1595.2159805937936,3928.3297646206815,8952.543192150473,4249.967209795409,4497.204806770139,7821.980409269413,2479.5987698638965,4705.571617326248,3019.6618683612105
1908,3,29,1,10445.229668920985,21655.498016489288,9076.20947702933,4312.460792300543,3251.853144440206,2439.804041919459,1199.0382500872834,3143.381367982478,6726.080229884141,3255.7258006336297,4781.336732125061,5987.611464465207,2084.065575017459,5364.90057628019,2728.7474203483316
1908,3,30,1,9216.674573220658,28628.838398831907,9076.20947702933,4312.460792300543,2950.5231233338013,2250.953122407459,853.1295085357522,3050.6808531973556,6825.5053251594645,2906.804244747084,4706.7849045236635,5403.087010672187,1829.3312647334183,2654.424232946815,2893.233416453183
1908,3,31,1,8651.41868413599,20785.954760039098,9398.893071881832,4312.460792300543,2294.084042631782,2342.2264986012265,677.3935809479361,2761.2341621578444,6492.623514458414,2581.518155184574,4395.3371895356795,5778.833525932552,1692.2807697767537,2171.7905555922734,2633.9260814172485
1908,4,1,1,19595.604457745856,54538.58387847169,11649.296843774113,10182.199092932291,1766.3379917773511,3112.888088385156,5706.895904003946,5477.960441170826,9813.092110705278,4785.943188560748,7456.614155239011,6037.621376335423,4591.191581047934,920.3463761457479,2976.87400793646
1908,4,2,1,18970.779216923645,53517.03577480333,9416.493995237279,20184.42203540515,1672.3816171406588,2755.651951330633,2926.9833619760907,4230.86700952624,7489.73087878931,5366.56393704953,6452.490499640065,6576.706716655146,3328.452832643849,822.0569573340497,3172.5370882703305
1908,4,3,1,49215.535407718184,65507.48024484863,22924.783601044383,20184.42203540515,1629.693197483912,4922.823606301078,10716.986705793532,10252.327853804807,20777.0983629632,16105.540992208853,7294.985792998978,7190.269183792355,3745.0707190221196,780.3685814371918,3029.767543938892
1908,4,4,1,49725.84283912938,60046.635298806745,38573.680742573204,20184.42203540515,1545.467271445492,10855.044870448428,28316.15699848173,20141.029211329085,33992.396385810396,19248.5805291556,8840.653924295357,7542.758401328234,3496.5446790223614,729.7143075786289,3522.580489131371
1908,4,5,1,40377.573239304416,51283.22541132948,28352.57310822348,20184.42203540515,1467.937568098312,7750.105514524497,17178.05446662526,12291.54524494756,21513.173653952206,13979.54273345368,9120.610947304296,8045.815095462,3201.3589975772716,1015.6471623035056,3342.6134580990847
1908,4,6,1,33011.26537604222,50210.69431542561,17137.43237388689,20184.42203540515,1457.2654631841256,4940.913825006132,7661.841629291039,7051.832884139824,12647.311566964401,7628.8839258157595,9236.553949590352,8510.288873717847,3269.2985591797014,851.851795118411,3358.3095074005446
1908,4,7,1,28090.01319792658,46661.71157819059,13905.567590118477,20184.42203540515,2759.4715196739344,4138.457305376916,4649.72161874867,5816.957302770206,9714.326187332317,5974.162541039605,12137.037533522845,12493.336370724352,3319.472315880375,735.6915728864226,3614.6066412005025
1908,4,8,1,27690.205407175596,49886.85790178684,13555.225401421627,20184.42203540515,3596.7086130398234,3986.1522822388174,3880.477286584598,5869.901320628784,10045.340344310041,5166.617441630437,16787.878746614337,16317.750276315282,2861.6611895650494,735.6915728864226,3837.5765470315646
1908,4,9,1,23799.6135137602,50331.54288961191,11635.048477248392,15218.628464662293,2766.272370844754,3637.0476071274156,2851.1642436176294,5385.259926385703,8721.39357838313,4581.699335628135,11290.367337818185,10472.236867889429,2702.3546313248194,762.4977780169015,3923.582296628868
1908,4,10,1,23333.505938612863,48290.33494124697,12093.51062370081,15218.628464662293,2298.2691818138446,3731.3360197719744,3047.6545130019203,5187.834980671573,8758.307204916367,4237.552621423176,8723.51809276776,9071.152724045533,2727.539123987788,795.2507522035997,3598.9105918990426
1908,4,11,1,24463.615899907065,64649.2665422291,12810.957785242857,15218.628464662293,2041.5108929960581,3765.7805271043367,3453.2411220516983,5541.086000925273,8712.71448166842,4173.092258720889,8416.36456304956,8467.807335677597,2915.3490615209926,857.7985641746593,3467.9668381371125
1908,4,12,1,32889.71577131632,97245.33704051991,13665.021637592186,15218.628464662293,1890.4273685246449,4425.890780357387,3162.2053255578608,5367.030118038791,9229.285529165538,4041.903483517472,8432.348474887389,7842.549002054591,3723.5955702396845,1352.2342908869743,3587.299815703311
1908,4,13,1,28671.64312467277,73788.43996506653,13178.062758087792,15218.628464662293,2982.330181117245,3463.820058315291,2666.914651173193,5346.667034247052,8056.179266899852,3870.9641513143483,8401.454197529467,8068.937957939615,3135.17649360244,1221.1614016370327,3927.4525553606954
1908,4,14,1,26028.692628526107,58462.38602158343,12395.240738368142,15218.628464662293,3079.3207816608833,3848.2828881683827,2419.2693139808207,5830.144823701985,8530.45345066084,4710.739432074725,9340.210810687475,7248.210775233146,3265.7844439243595,1057.366034451938,3966.585171427519
1908,4,15,1,29777.644073459363,60493.20854560361,13663.345359177458,15218.628464662293,2610.2713078344364,4198.301210689113,2303.1655797235258,5750.728796914246,8616.145797970077,4537.53205007289,8139.986027765478,6686.002572435806,2829.4484663914695,1045.442000087867,4123.115635694566
1908,4,16,1,45709.68317223672,61283.444925244105,17123.184007360906,12411.581085720985,2368.9980339902045,4584.59133536086,4203.9417421353555,7561.782682524046,10766.91385344661,5902.062431646672,7579.952698823095,7264.880745856471,2589.707714529921,1051.3887691441153,4361.781590827088
1908,4,17,1,35419.15300023925,50544.91615341037,16008.458861507213,12411.581085720985,2709.1452210099897,4500.261679478157,4476.342478213404,7183.126291063598,12417.700020969314,5705.338954362685,8067.223444026278,8469.15168814725,2469.8373385992186,1069.2595725644346,4854.5945360195665
1908,4,18,1,30055.90225948445,46412.46139393085,12806.767089205772,12411.581085720985,4068.5830558140997,3897.254389309319,2693.222971760224,5772.158518428401,9653.572510329792,4605.334801952302,14417.727043507846,14024.284963134085,2461.0520504609367,1140.7427862456536,5239.900294215479
1908,4,19,1,28874.560646611502,45151.10440086163,11319.908135262698,12411.581085720985,3630.608240414298,3623.43426072817,2101.9251968999524,5360.9211929012445,8118.031563739575,4216.065833855703,16997.81669314021,12872.8470728997,2663.113677640628,1203.2905982167133,5603.704615012128
1908,4,20,1,27464.18341491653,42628.39041472319,10994.710122788101,12411.581085720985,3019.1594059191298,3536.3636626174048,1764.5757943727667,5146.042175365803,8289.526120341588,4323.619142734952,11970.041439695522,10138.971890669076,3120.924803955953,1682.813657911075,5310.425008885222
1908,4,21,1,27167.843469510877,41122.50388482367,10945.259909550956,12411.581085720985,2634.5451150902627,3578.025984483638,1493.6366316606209,5261.142082321891,7778.448172031129,4758.010364723192,10761.228286233956,10060.461706443106,3850.6894053063347,2317.227179331917,5009.189870920762
1908,4,22,1,27995.586232271817,40435.17761913884,11454.010408447884,12411.581085720985,2368.056377674247,3664.1829351849974,1236.7651125957282,5245.821285945156,8737.65315197513,4676.241200924804,11587.739667755039,10572.525562123361,4566.007088384965,1816.8446835633538,4864.485197223223
1908,4,23,1,27456.147077414367,36961.72524076997,10914.248758876618,16452.335947650743,2189.7694485195984,3512.791559456227,1232.1063474918196,4876.279798658291,7949.832866649377,4384.856487302131,12079.78172992486,11033.100718217116,4566.007088384965,1542.835863202519,4833.093098620303
1908,4,24,1,27564.637633698338,36448.11880047751,10553.010760483501,16452.335947650743,2065.784700251841,3428.461903573524,1129.8875602110304,4759.240550388709,7323.7294213737305,4011.8219809230886,12696.474447844575,11238.921081316725,4020.538309312445,1626.2431112478093,4723.6507822577605
1908,4,25,1,26671.599628728884,35273.62172010509,10770.088815202529,16452.335947650743,1902.0411297547896,3353.1773570433484,1038.6305731747862,4811.117930524745,7948.734246812181,4225.734888261027,11048.700133465194,10319.115121598867,3523.291000687664,1661.9847180884187,4588.621755389978
1908,4,26,1,27042.275696033616,35133.890556202234,10900.000392350894,16452.335947650743,1749.911320487839,3399.4079159562993,987.5668537020784,5046.2630647863225,11157.583067589438,4669.795164654589,9986.604976723338,10567.417022738724,3267.5415015520302,1742.4033334797975,4629.689500822653
1908,4,27,1,26874.51715066818,36278.17549302869,11925.044643011826,16452.335947650743,1747.923379376387,3697.8051598489405,945.729316101891,6236.3398618141355,10329.663158202398,5270.947732374447,10271.57188254722,11479.560173379745,3634.1808598548923,1828.7687179274246,5048.322486987461
1908,4,28,1,29630.980914038013,36615.22971946989,12744.744787857364,16452.335947650743,1619.1257210493052,3987.888212316564,869.8827932428712,7021.288258452212,11198.232001569551,6446.155641270854,10755.025574177473,11289.065428433809,4056.2651477413674,2117.6902053062126,5390.625370384722
1908,4,29,1,31666.183386555193,38408.13161306222,14239.146994667248,16452.335947650743,1490.2234342426432,4251.749584135857,789.3957749469563,7025.360875210535,12225.4415494423,7956.915549345179,10362.823319531606,11056.223580694732,4408.65281639767,1873.445726478194,5057.9981338172165
1908,4,30,1,32870.62946974791,38102.23365965287,14237.47071625252,16598.44561818521,1404.0095670927717,4084.003919779856,704.2682612142228,7352.139886534947,12369.360748128374,8567.617800428343,10288.748623626594,11142.531009244647,4770.021001817591,1611.3304442298559,4903.617813290046
1908,5,1,1,68198.36913089648,46437.952890048604,37534.38812538655,32701.473015750653,3242.5412097602093,6539.979520844726,5634.182629048117,11385.87285154425,8030.691286674542,10562.307912938086,15567.614432433267,13698.951665484783,6779.5092419726825,3125.2558609435832,7779.220051075793
1908,5,2,1,63148.53555274062,45445.67280044032,36154.810989991674,32701.473015750653,4196.5436863048035,6539.979520844726,6474.130572789795,10140.815728278763,8839.495210892603,10394.23348574402,16127.051346754763,15547.436311219877,6980.789954651172,2984.14970492692,7844.584420769809
1908,5,3,1,57831.4937526248,45201.143263610014,34263.968938077516,32701.473015750653,5656.215604518656,6539.979520844726,9407.965059918843,9771.371208057502,8883.00055644947,9633.00435064679,15308.770487000673,17658.069688531974,6582.1331018000665,3000.5871845234183,8539.295863141888
1908,5,4,1,54937.40770952363,41737.1321800988,31691.7197105401,32701.473015750653,4571.846042453717,6539.979520844726,7753.464009668779,8994.665012001677,8053.982027225234,9047.370018392257,13985.922858039983,20177.386216610477,6127.640862114746,3068.83779553816,9125.210032273622
1908,5,5,1,52684.2195822501,39963.11287622424,29402.76153510667,32701.473015750653,4919.421851521583,6539.979520844726,11061.369930144343,8328.598237880942,11570.664126413292,8573.825094614525,13054.323220331695,21215.22632316127,5455.85916247678,3869.9743242948884,9915.17284232471
1908,5,6,1,50925.26621138289,40330.37924621262,28117.05599094164,32701.473015750653,4811.654517584223,6539.979520844726,9484.697661630964,8278.95110025547,10624.752446500543,8913.674451306095,12927.883320719602,20053.705789404958,5463.863536113859,3273.1626810604316,10289.08283869904
1908,5,7,1,49542.011618758486,42128.94591671905,28316.53312230496,29007.123862770037,4196.5436863048035,6539.979520844726,7882.7219042195875,8202.734986634974,8923.319904478289,9447.14363818856,13662.666133559918,16204.824668866751,5734.8408680224475,3019.403371742398,10928.53558695491
1908,5,8,1,48779.5640982055,49118.33650032054,27924.283973237503,29007.123862770037,3836.830973608981,6539.979520844726,6926.487529549868,9259.772969556856,8938.81044418416,10335.622304101733,14756.490548128893,13666.68720621357,6304.908453881997,2934.8067698858817,9727.035265080718
1908,5,9,1,49009.60425921593,49105.11868751934,28974.472400120692,29007.123862770037,3657.81164509749,6539.979520844726,5944.310227634688,11279.209079301876,16780.3193948762,10385.280657590927,15884.907010705156,13260.423889892732,6613.955367723044,3021.7515831133346,8602.725103469927
1908,5,10,1,47783.05824789128,48570.741398538565,27307.413516584744,29007.123862770037,3605.706662281167,6539.979520844726,5879.726954526969,11459.567821457118,13318.568287552936,10884.370984365487,15185.909075113437,14357.684375601311,6924.954567816956,2800.8672329882966,8189.037447906946
1908,5,11,1,47712.74029474413,51684.48044280738,26483.522675701857,29007.123862770037,3185.2048029663288,6539.979520844726,5634.182629048117,11840.648389559334,9839.23926283295,11298.111016080502,16548.120069048047,16543.601491212354,7052.438860134208,2664.579484719776,8279.988528106078
1908,5,12,1,48890.06373886571,52657.8779426979,28358.440082675294,29007.123862770037,3911.535708008287,6539.979520844726,10234.667495031556,12756.017489530235,9941.740493652786,11441.953121740185,15913.534912504034,18326.212865935842,7283.7847811080765,3371.9705361488072,8713.457506076495
1908,5,13,1,45666.4878581607,50422.179320252275,27704.69150089665,29007.123862770037,4335.594935627883,6539.979520844726,10958.14631117452,12926.679525118136,9471.311479322212,11928.27074701646,15883.714181463381,16613.507819632916,7550.857540510793,3336.594884327061,8962.874179908647
1908,5,14,1,44899.01762666851,53411.293272391216,27782.63844718551,29560.59890611858,3607.4853464335456,6539.979520844726,8722.669847961268,12988.73844715004,9600.179586237024,12363.258824214785,17377.136391976484,14704.527312764598,8154.894907171594,2819.683420207277,8632.39708708102
1908,5,15,1,42664.9158009634,55054.07857773593,27020.769907651025,29560.59890611858,3178.299323315973,6539.979520844726,7378.753137974566,13352.364943430823,10601.461705949629,12584.095251991135,18459.03251412934,13370.526357155086,8400.102060541347,2615.2365496787365,8272.032996268397
1908,5,16,1,48240.124943348055,60720.743751689144,28490.027938238654,29560.59890611858,2966.2173952664284,6539.979520844726,6422.427414969471,13824.59455326747,22152.570399259104,13194.0812768222,17417.692586191715,11741.70890495675,8019.211012591999,2612.8883383078,7799.00137348323
1908,5,17,1,49223.57174522091,57361.53104110537,29256.925313017586,29560.59890611858,2987.1430911765697,6539.979520844726,6306.140984041505,14238.643923699197,19549.94000470238,13300.321504238871,17031.215911905718,10756.02967422729,8346.218959960139,2302.741459835947,7591.297488205703
1908,5,18,1,49684.65660942903,54412.07052737127,28582.223251053507,29560.59890611858,2722.956180310702,6539.979520844726,6047.716543275259,15553.517334250566,19993.782418970448,13137.976887062658,18612.907486299002,10664.748141539609,7692.398293849195,2349.736183506049,7030.970029579333
1908,5,19,1,47476.67288060722,57008.426613404066,31089.09762041306,29560.59890611858,2592.6937232698933,6539.979520844726,4962.2242740548045,15487.579729591671,19993.782418970448,13410.142862916833,18949.285332436964,11209.883067972774,8077.193914304487,2328.5717849161333,6751.881372136086
1908,5,20,1,47768.994657261515,49791.50082371705,28795.94874894281,29560.59890611858,2535.252687996477,6539.979520844726,4807.206148929284,14376.337156957463,19993.782418970448,12575.739279048259,20458.214323091048,13131.500488055699,7622.7016746191675,2345.0397607642053,6589.545519771111
1908,5,21,1,42149.585658613556,48712.36082141319,27026.636882102845,18225.971882017744,2450.1897341216354,6539.979520844726,4341.969076881816,14473.304222632372,19993.782418970448,14380.629434712428,16854.67718414536,15490.973507495612,7433.329908083556,2314.4825166905716,6767.79243581157
1908,5,22,1,46483.180656855955,46032.921340627145,26465.08361313878,18225.971882017744,2331.959552229204,6539.979520844726,4173.97948813345,15381.88562800598,25976.86605289066,11629.007544618978,20331.774423478953,17999.535215816883,7030.573254101244,2166.4537115674257,7153.743237129433
1908,5,23,1,40766.33106598916,43869.920688589984,22226.613641272772,18225.971882017744,2236.433750399292,6539.979520844726,3876.732004834351,11646.714258209644,27052.41487360457,7796.0033846735605,13523.105112289928,20763.52389336713,5401.9760618955,2138.244678864729,7084.508608703591
1908,5,24,1,38069.13529170079,45318.21531985401,19977.04800858759,18225.971882017744,2179.097343605412,6539.979520844726,3850.8804259241883,9892.580040151013,26168.025904580252,8170.231601473033,11910.042128841873,22230.212437728656,5390.06711575255,2206.4038011247767,6827.136403033633
1908,5,25,1,36055.0282051277,49421.402065272225,20296.379046610367,18225.971882017744,2493.6105531352673,6539.979520844726,4328.997613259049,9918.761147883233,25947.203317283638,8852.556477780932,12769.237031583541,21045.837911988467,5920.308062052114,2389.6557768118255,7595.167746937531
1908,5,26,1,32925.87929007746,50800.775244070086,19796.009939787346,18225.971882017744,2802.892338687566,6539.979520844726,3760.4455739063083,9662.380226238962,25091.378464029145,9000.218456785939,15558.07179850023,19786.179647949335,6281.090561596098,2415.5165981436153,7913.8190491955265
1908,5,27,1,31898.23263194074,53116.724872811305,18688.828046800467,18225.971882017744,2471.0108015522837,6539.979520844726,3734.593994996223,9591.109432967869,25245.185241250667,7624.109084134172,15599.820821957002,18845.13291921147,5938.269095579209,2168.801922938362,9388.602640415285
1908,5,28,1,30556.16426901724,73281.4424311753,16911.97292709369,11679.097505625155,2980.132983046677,6539.979520844726,7456.307874704976,8305.42310918463,24399.24796653184,5726.109515677927,13104.422048479728,19464.87940770875,4566.788002886168,2140.5928902356654,9651.780234183048
1908,5,29,1,27873.03208535808,88648.09394254912,15560.892524750798,11679.097505625155,4432.899421610174,6539.979520844726,8580.531838123063,7337.885727880754,23475.308683365056,5267.724714239339,11821.176350340806,20180.07492154955,4281.754209956356,2140.5928902356654,8586.81403979444
1908,5,30,1,27115.60727574429,74961.04878646717,15782.999414714277,11679.097505625155,2915.891096602484,6539.979520844726,5660.034207958279,6933.630031082096,21459.34128192483,6109.29056063036,11196.13382773006,20770.245655715164,4518.956989689032,2368.521874473484,7698.159632080319
1908,5,31,1,27353.683774256882,64840.92482785211,15082.315037320575,11679.097505625155,2616.9675305257197,6539.979520844726,5013.927431875129,7321.3043596502675,18638.085539745665,7293.093184553678,12183.557873946253,21496.19598931319,5106.985609075674,2427.25765499824,7242.759187962589
1908,6,1,1,21296.29438172,32617.78547646502,8933.72581176997,11286.246338492943,1331.2927738049164,7379.256031070651,7678.558374664055,6394.396178864141,14624.82727409936,10064.888780752153,15004.599030386678,25406.917323454032,5269.220596695308,1182.4616583940858,10095.354887731146
1908,6,2,1,21476.107433339526,32518.65188045167,8590.926875939662,11286.246338492943,1339.5584236894624,7379.256031070651,7865.9138105112,8295.144600223155,12102.39612766499,10492.833966470045,18206.152714905158,27259.435026598087,5630.393553489965,1171.2390378161385,10587.30777542765
1908,6,3,1,21521.311831791227,33932.95785022618,8925.344419695795,11286.246338492943,1323.0271239204137,7379.256031070651,7865.9138105112,9087.850362115205,14178.787620156674,9580.122979022488,19062.60411039116,30001.91406463435,6826.168883418015,1210.5487060904854,11370.390125511058
1908,6,4,1,20394.215497060544,29993.105505856798,9579.931140682073,11286.246338492943,1249.787188234833,7379.256031070651,7865.9138105112,8341.688791747116,12350.684210894226,8329.353200514006,18696.405533212543,31496.834010857892,5252.821392170621,1275.1702631683702,10718.25152918958
1908,6,5,1,20903.518386283897,29365.259397779235,13056.532573013601,11286.246338492943,1191.1952396863423,7379.256031070651,5743.343889817159,8104.4103820405835,17833.89581884415,10053.19041863202,17061.036642946372,31991.555719680233,4906.485810898389,1199.326085512567,10483.885861536935
1908,6,6,1,20817.127758131297,28359.76149536974,13360.777105303026,11286.246338492943,1180.209249333503,7379.256031070651,9458.206644373186,8716.951335908856,15386.170821346146,13084.259918144107,18727.41909349474,31022.27758908012,5666.706077794681,1061.6965021749477,10692.879833058363
1908,6,7,1,21025.067991009793,27435.458728741723,12010.534842167497,10197.68091232656,1651.7698066691703,7379.256031070651,11205.700300031442,13380.485392476536,15111.515862021932,13584.42458429708,26137.2743424625,30666.024184629256,6222.5219740078155,1039.2207647675073,11450.805501384582
1908,6,8,1,17406.707030493002,26132.560038295876,13344.014321154678,10197.68091232656,1462.2876302025663,7379.256031070651,11985.81508410476,12444.753208713895,16673.75327065842,13584.42458429708,22815.244904539875,29398.29980577244,5658.506475532337,1011.1337170710788,11260.732794774489
1908,6,9,1,3847.999304651522,26809.500879635936,14134.379593741138,10197.68091232656,1264.4351753719232,7379.256031070651,10456.643949984511,11146.364199327283,19445.571120159,12043.344431544208,21099.95645508478,27592.834439065315,5765.686990818959,940.9313459558091,11167.846585209507
1908,6,10,1,23033.147824455842,28210.58903660924,14458.739467008369,10197.68091232656,1200.4025458868027,7379.256031070651,13078.34117514884,10453.049679751915,24473.95411546821,12530.378283072583,21729.77029466216,26936.790433887854,5867.986790473169,884.7572505629811,11362.004564925326
1908,6,11,1,17982.30970411215,28308.77850313547,14929.773701572049,10197.68091232656,1312.0411335675742,7379.256031070651,15544.74623018145,11806.709916573143,25987.852251263528,12123.323029711819,22657.79144464559,24865.143278195002,6811.331507895662,820.1356934851253,11520.470158558348
1908,6,12,1,23557.518846496245,30011.98809557333,14395.879026452596,10197.68091232656,1302.9384558466504,7379.256031070651,16168.655360769313,11760.16572504918,29099.143630489012,11987.240041784798,22154.417504680303,19662.499220743808,6527.66431534292,814.5243831961371,10705.565681123971
1908,6,13,1,24011.571915389493,29656.995408900257,15588.551118595411,10197.68091232656,1335.896426905168,7379.256031070651,15732.010317693146,11326.722941482521,28717.922546947022,12286.861357308331,22154.417504680303,18002.22392075619,5793.799912861331,792.0486457886968,10667.508136927148
1908,6,14,1,22925.66181035915,28044.422247102746,16645.444659137782,10818.888915525553,1288.290468709517,7379.256031070651,17791.915280322242,12231.425664229146,29109.031209024684,15127.892157890812,20169.54964661803,19862.80773871793,6209.441656113061,758.3502878033091,10209.312505947591
1908,6,15,1,22270.70030390285,34984.718097440506,17169.281663768328,10818.888915525553,1224.1532107448602,7379.256031070651,17729.798412269538,13405.696829551945,30085.704244381875,17526.05639250003,27093.923394244808,23855.53457350623,7805.826125145297,749.9333223698557,12151.537346228613
1908,6,16,1,20038.60756257342,28159.606044373733,15679.070152995531,10818.888915525553,1143.589281490691,7379.256031070651,18135.38502131939,12929.588537088312,28426.78829006328,17551.12431132866,30022.319182431485,27626.443250805944,8793.68296913485,727.4575849623864,14338.66355848801
1908,6,17,1,19843.72637813685,24791.896168416966,14412.641810600944,10818.888915525553,1054.7597023520627,7379.256031070651,17760.856846295927,9012.797853282857,26935.961170851122,15354.697137769179,29763.475236999122,30787.01590689571,8274.179597226503,710.5931578439054,14984.781752337783
1908,6,18,1,18737.72542935026,26508.32357365604,14554.287336652938,10818.888915525553,964.1409762130584,7379.256031070651,2590.730139473313,11305.390187034098,26608.572459336505,15287.849354226166,25410.841334313445,34915.522341115946,7934.481789214281,693.7592269769988,14243.627205183026
1908,6,19,1,19130.50142478692,23568.30435478082,14694.256584290208,10818.888915525553,935.7657325588851,7379.256031070651,1623.0772228821784,10709.04273313351,26482.231178047383,15526.5914383087,26742.038767965863,40233.78071095474,7983.874631413751,688.1479166880395,14313.291862356795
1908,6,20,1,15656.794539315795,22726.140853420155,15288.497282343073,10818.888915525553,816.7299113738931,7379.256031070651,1623.0772228821784,10286.266326791127,24294.87908198868,15526.5914383087,25960.735614702142,39856.017666989894,8143.962104155112,634.7794764396765,14556.258104969194
1908,6,21,1,17480.03861020368,20559.363683439446,16107.359287981508,6978.236569268093,818.5609097659967,7379.256031070651,499.41961914342403,10262.0245603724,24524.490627983767,16283.40384485039,28403.64990154783,39478.254623025045,7950.880993738968,617.9150493211954,13886.918358728208
1908,6,22,1,17150.548772599286,21334.493991306965,16343.714544470711,6978.236569268093,793.8372000481642,7379.256031070651,1092.5260910440038,11023.216025920156,24664.015347320605,14575.204233239718,29260.101297033834,36383.55523794712,7477.646806025423,617.9150493211954,14076.991065338174
1908,6,23,1,15357.440967346058,20302.56046329383,15256.647992461636,6978.236569268093,773.6962177345894,7379.256031070651,31.21372619646816,11429.50803109791,21027.583685867052,13226.311458173279,30080.76781527101,31023.621941549776,6956.386376489406,544.9070230614607,13097.38557742492
1908,6,24,1,15656.794539315795,20150.55561607566,13437.047773177157,6978.236569268093,714.1835385660918,7379.256031070651,187.282357178784,9689.91887289054,19522.474508769985,13023.380686703109,28890.324232130362,27196.250460525793,6793.175245743304,539.2652165209272,12523.08218448904
1908,6,25,1,14735.629353087368,18994.941125418547,12524.314176308877,6978.236569268093,667.4878481425371,7379.256031070651,187.282357178784,9991.486447139414,17096.72190801772,13190.50014556091,28281.98131890214,24113.650247674275,7185.780011210266,488.73292766863267,13232.414604292704
1908,6,26,1,14297.648959199008,17732.64000286344,11808.543293181821,6978.236569268093,655.5811271696476,7379.256031070651,343.3509881611425,10143.72474024894,14339.186116402052,13118.877520336044,28255.739075586578,25752.415908147905,7241.810626669818,480.285465983605,13656.85297855544
1908,6,27,1,14340.844273275026,20435.682720796693,12505.036974538438,6978.236569268093,629.0264190596679,7379.256031070651,343.3509881611425,9766.522854773708,12979.094757828254,12804.931679767486,27436.265386590945,25142.07988693772,7250.010228932161,519.6256305095263,12715.305034838886
1908,6,28,1,13138.40727445855,15800.006945369487,16270.796433426038,5351.48439640506,587.8237238125546,7379.256031070651,343.3509881611425,8942.205829471632,22295.390978107756,13256.154218683627,26555.957406272468,20438.190595717828,7449.533883983051,497.149893102086,12782.819548272777
1908,6,29,1,11949.029324082881,15458.232071498851,15663.145508054815,5351.48439640506,551.2037559697426,7379.256031070651,343.3509881611425,8421.20178560046,21263.786950885773,13534.288746639819,25316.607824225324,18517.110916622863,7660.771256551553,480.285465983605,12966.441823663114
1908,6,30,1,12470.386719559761,16175.770480729645,13199.01623827296,5351.48439640506,520.0663204554182,7379.256031070651,62.42745239293632,9777.189231997983,19358.78015301256,12847.90525490243,30675.98960684134,19001.077805687975,7678.927518703912,446.5871079982173,12702.619186773401
1908,7,1,1,10457.28417517451,22306.947361711595,5262.927525081813,5961.758364656665,429.9916624100898,2802.430698689196,1655.1404885976033,5168.441567536642,9599.95986226972,6303.745988115635,13802.227154829907,17674.201918167582,3490.492591638218,1157.4852283578373,6791.444016950834
1908,7,2,1,10019.906506599415,20489.498101488636,5164.613796052647,3973.1186634504897,388.21351052543974,2695.259857572824,0.0,5062.844433016683,7311.095293244842,6470.387962805237,14523.888846012323,18496.945629578295,3611.143882070123,1153.7036931631083,7142.777504055777
1908,7,3,1,10820.92844716436,16238.08302679458,4826.676067625476,3973.1186634504897,359.4092901050806,2786.2591395437084,1957.7775236836019,5140.612019687997,7226.721289740331,6200.609407791923,16617.304165062153,18838.411156863203,3633.7904026042906,1114.6074986497529,7416.490802149146
1908,7,4,1,9705.987072906268,19095.018850916553,4516.480746963578,3973.1186634504897,335.6376995511159,2558.304110911718,2064.4723793976286,5112.879438904957,7029.18944299441,5769.2024618547575,13524.297941531471,18296.637111604174,3470.384043232925,1041.4774873837207,7268.130884093804
1908,7,5,1,9944.666296731564,17215.257044628655,4415.652600312053,3973.1186634504897,311.1546353362169,2556.933639797687,3506.131808231881,4942.508304514125,6573.48193448358,5582.625523144294,13298.853214864619,18816.90151734922,3523.0957720623996,997.3494113612031,8007.99534500466
1908,7,6,1,9756.113728078668,19171.493339269808,4392.9390277915,3973.1186634504897,302.5018600773862,2397.7762610895106,1690.7663393925282,5312.82552832659,7465.341518401423,5538.816350715099,13424.100285234937,17846.27903427969,3357.15144056216,938.0951945597697,7944.566104676621
1908,7,7,1,10791.796723717545,17989.443223010283,4166.641441790933,3973.1186634504897,275.85298633578026,2636.5123291517752,3790.8645695850823,4992.446343336794,8756.439551193042,5963.419147255868,13366.844481637185,15836.472092189242,2948.5379278210403,906.5620704358722,7801.581545971157
1908,7,8,1,9414.468930001685,16307.004479260733,4008.987456877562,3973.1186634504897,246.32682940653328,2281.743040102507,1406.0335780393273,4821.202505354884,10277.918163865652,5843.928734172583,13062.673025022958,14125.111398355974,2688.2981703035966,891.4359296568983,6810.795310610222
1908,7,9,1,8604.707472402808,15410.08146772101,3768.7767600341645,1961.4497558950202,223.99911187038765,2290.5140552322287,1388.2206526418265,4594.299571675684,11015.861108578209,5793.1960413051065,13644.773694935386,12292.75898225625,2387.8413159755664,872.5282536831954,6002.1262500215735
1908,7,10,1,8235.33730994255,15423.299280523444,3700.719856392628,1961.4497558950202,204.54867752188315,2081.4715279736342,1512.8197820886514,3882.3673754907304,12552.830260956915,5223.438057642078,14440.390799098546,10961.043425845199,2141.267562228744,830.9008702894863,5539.4153171881135
1908,7,11,1,8276.222176986255,15391.198878004476,3838.7613838526654,1961.4497558950202,188.70792571786131,2006.5524404072512,1530.6327074861522,2694.4238539077473,11677.230250631072,4495.513443274341,12571.227377474024,10961.043425845199,2141.267562228744,776.7090312487313,5539.4153171881135
1908,7,12,1,7612.822516152093,14732.196496895062,3663.5064755835833,1961.4497558950202,176.46639361041184,1677.4566435605477,1708.579264789952,2206.3886123660864,9062.954485798891,4343.434735713798,10185.568894226322,9588.325119110425,1848.3465328370849,753.9893238287251,5059.0732056872175
1908,7,13,1,7239.635093378041,13626.620868987566,3324.982049711285,1961.4497558950202,165.65827167282782,1333.4683939414772,1441.5680804988015,2523.083048860233,9375.731553477302,4188.72986522823,10771.486617711918,9205.991276748899,1752.782120755444,718.705160761673,4813.741804960916
1908,7,14,1,8230.113690565779,14290.343897526418,3167.328064797649,1961.4497558950202,160.61517895847973,1178.9706170210059,1085.6749658912017,2627.7105127235086,9114.479756168106,3837.1821464167906,11402.970418227456,8529.64754928024,1657.2177086738761,698.5166422220206,4448.2173691723165
1908,7,15,1,7521.810993935987,15031.485543903189,2745.5764156295386,1961.4497558950202,151.97286654755925,1292.3542605209338,1601.7930607405515,2429.606797549763,8239.97836567946,3582.8024558267834,9830.344346070593,7965.28838253155,1516.3993012490257,660.7012902746147,4070.222099692258
1908,7,16,1,6904.620273741367,12236.862265846154,2979.501068417306,1070.3742883778016,141.16474460997523,722.3753241999326,1601.7930607405515,2512.02880337341,7482.91943579815,3750.3993988527827,10001.396059319393,7611.858118266865,1495.0217667792956,660.7012902746147,3913.0465923031365
1908,7,17,1,6063.11528300673,13637.006293332333,2805.503368959138,1070.3742883778016,133.96630521687385,722.3753241999326,1477.1939312937266,2618.4986414843215,7482.91943579815,3750.3993988527827,10231.015688331992,7190.000313298377,1435.9260619026545,632.9497013454463,3727.704201920972
1908,7,18,1,7385.996890143318,13270.684052829833,2472.0077783312904,1070.3742883778016,127.48980233270369,779.0306000535404,1477.1939312937266,2029.6176516408916,7482.91943579815,3636.1613116192843,10043.741497397054,6984.314385445638,1399.4573546976546,632.9497013454463,3480.437671828695
1908,7,19,1,7525.829162687349,13801.28482386705,2634.6067845684556,1070.3742883778016,121.72477310942438,787.7924787091627,1512.8197820886514,2142.5842831520235,9038.345401443474,3223.614990324568,10031.813204980932,6617.709466978872,1318.984115351356,598.9158845927984,3549.242271506612
1908,7,20,1,6235.8965393113685,12933.629826388635,2490.2792130527873,1070.3742883778016,113.0824606985473,734.5085617960402,783.0927398063197,2329.536785773215,6678.400128945339,3097.320427844887,9907.16254923127,6625.641146549686,1322.7520278195416,540.9120141057401,3406.2577128010244
1908,7,21,1,6549.815973003954,12912.858977700324,2473.8516845875984,1070.3742883778016,106.59549496638012,715.6234698448633,925.4499856494521,1965.7163553610974,6795.732727568683,3331.8845254560492,10472.563609760942,6605.879165246204,1335.3247512884634,506.87819735306334,3330.3576387814023
1908,7,22,1,5022.510030647153,14376.259680737328,2274.039297541389,1070.3742883778016,100.83569716709931,764.1929661257656,889.8789438557208,1788.8484275700448,7084.779606761569,3355.0425076120187,11134.345273013749,6704.6890717636115,1258.6389472728767,510.6597325477923,3517.635158529543
1908,7,23,1,5770.291235258234,13188.544787562474,2149.1565556374744,797.1008237931381,96.51349467683937,665.7109118723032,996.7016872392248,1608.2957512834691,6782.329565553665,2730.3738446100097,11134.345273013749,6834.015779341493,1234.742963536799,480.4074509898735,3482.157786820646
1908,7,24,1,6634.197516780874,15579.080645685166,2475.7794047645625,797.1008237931381,93.6330726348425,650.8732779444513,996.7016872392248,1522.1889969641725,5706.341296904918,2516.3415662300554,9222.717130387531,6443.7502574093905,1212.1159658652302,480.4074509898735,3206.724373735326
1908,7,25,1,3322.422831985711,15579.080645685166,2475.7794047645625,797.1008237931381,88.59102620525074,662.3395529317409,1067.8620404937008,1725.9168019470605,4227.049685984226,2196.6659156435126,9222.717130387531,6013.82633762298,1080.0828465785899,481.65779730427766,3263.273154095561
1908,7,26,1,5199.209001484091,12978.003912222923,2060.3137996520823,797.1008237931381,84.26986999983389,641.4353002059122,1014.4232643013521,1868.4583884891206,5311.27760341285,1855.5034774894973,8129.846979211554,5686.879817010045,1022.2366049038595,434.9985324014353,3065.4599300216896
1908,7,27,1,5069.924421912103,10951.902035630956,2050.1723152425234,797.1008237931381,80.6685577336621,627.9407279698722,1406.0335780393273,1740.6557959296588,4071.7048409904473,1859.8008350030184,7327.192182522946,5693.467144111206,1020.9871417020213,409.7781323526207,2998.375445335848
1908,7,28,1,4750.781368842747,12306.727847796963,2175.055057146438,797.1008237931381,78.50797963095367,556.4478181884897,747.4942935120301,3437.8703464371224,4071.7048409904473,1859.8008350030184,6228.954299759915,5752.75308802165,1007.1649550311889,407.27743972384127,3053.2041107041314
1908,7,29,1,4212.64811882921,11148.280968683413,1841.5594665183253,797.1008237931381,73.46593320140529,644.8066591463976,836.4858418310203,1395.3560750613942,3992.4943507213025,1657.8250318691153,6251.737338274885,6050.796030537743,1165.5929844575114,382.05703967505553,4494.015430832919
1908,7,30,1,3669.2912494389034,12230.253359444934,2145.3849292039367,578.9523123893035,72.02519903798532,562.5144369865435,676.3065357569959,1147.2173539993748,4062.3665723735985,1510.879279116341,5689.55691669749,6586.1171839427225,1403.2252671658405,365.6500563301321,4492.295315840968
1908,7,31,1,5073.942590663464,8998.120477653356,1845.9177903969912,578.9523123893035,69.86462093527688,584.1039252693877,640.7080894627062,1259.2143148539499,2963.746735076299,1454.0586631046992,5689.55691669749,6183.886925030607,1054.9373996406737,351.7742618655623,4232.772966431133
1908,8,1,1,6321.182171057066,11140.727932796308,974.2530146916846,1709.5799066227391,45.57930454669739,208.24765401239492,3.324531317513207,702.5942677604293,555.3083829601769,1064.216714006368,3593.755939164343,3599.503737422433,627.8357360841742,119.7099859147638,1718.9754157637894
1908,8,2,1,5508.005270018969,8248.481665904821,1038.7059197415285,1709.5799066227391,42.489625545597924,103.39747731569949,53.192135686869825,681.9499794782818,930.2453610328527,863.9359796694438,3915.2234197819807,3107.4707335393996,620.0656367974851,114.00718687111045,1643.7633877409232
1908,8,3,1,5019.797766740264,13926.85404548158,1043.1480575408511,470.8795368796305,41.71746736651265,33.822313446606344,0.0,651.9386726518778,865.3938320371409,798.5922712560754,4071.961182131342,2941.308768293625,538.4210256993092,128.25808522999563,1659.8679643530927
1908,8,4,1,5321.8636026168915,13154.556126072956,625.2434673347101,470.8795368796305,40.172104723546695,28.507626466436488,0.0,653.8101370193715,27.360028428047617,728.9989537460192,2976.4668066239733,2583.5765761262387,505.3883422995453,133.96088427367798,1419.93342441401
1908,8,5,1,5660.19341147372,13403.806310332695,576.7571141861779,470.8795368796305,40.172104723546695,20.293936256409435,8.311236945447645,590.0252012183794,1001.1832439271037,687.4220198030763,2908.7141056997166,2684.6718818421054,476.22118568052707,131.10948475183682,1505.8961711365082
1908,8,6,1,4919.444002176961,10937.740093343862,859.4279432769384,470.8795368796305,38.62674208058074,22.70962000672218,13.297577180040587,726.9814847776905,656.6450767523315,634.8032644712895,3341.2339887125045,2670.0184399232603,482.0585215768794,131.10948475183682,1231.9248557943095
1908,8,7,1,4953.297073906344,13106.405522295116,623.9694957393465,470.8795368796305,37.081379437614736,127.56345129298334,0.0,805.7769223450258,651.5804393024665,633.9557300728002,3271.095629305164,2549.0267176570424,517.0434912295789,133.96088427367798,1231.9248557943095
1908,8,8,1,4335.804991055652,10045.53772923358,673.092834685826,470.8795368796305,35.53706307944428,96.15225335960984,36.569479099303784,952.1099211550021,651.5804393024665,596.6045310180629,2884.1418233223167,2495.7903598598014,620.0656367974851,136.80923417035882,1221.1741370945533
1908,8,9,1,4652.436688655125,11209.64938526246,935.9500529133055,470.8795368796305,33.991700436478325,73.44354700033641,0.0,652.8695564822939,324.26863117659843,526.1756162136271,2322.9156651381577,2376.1429900629987,534.5359760559647,162.46268099144837,1282.0662078094706
1908,8,10,1,5103.174768328782,10888.645360080134,847.9454361352778,1068.3422995823307,33.991700436478325,107.7464389842038,9.973411255868875,502.78393223079485,1090.3582161204442,563.5148781641232,3016.1880203700075,2475.8939433094497,468.451086393838,162.46268099144837,1271.3154891098388
1908,8,11,1,3456.0269429651325,11791.233148533955,846.0177159583136,1068.3422995823307,31.674179614427132,88.42188262909633,9.973411255868875,529.9928908591627,396.21724432103485,511.7436572308258,2058.703988118506,2043.6846243248176,474.28842229011804,162.46268099144837,1103.0022371479647
1908,8,12,1,5030.6468223683805,12118.846080117499,936.6205642790908,1068.3422995823307,30.128816971461138,100.98544815503585,9.973411255868875,417.42382431711286,1860.5126944626832,485.43427956493235,2525.219504517692,2042.340271855164,456.7959374637322,22.801742336737895,1110.1622158019393
1908,8,13,1,5662.604312723976,11586.357050108503,986.9927306445245,1068.3422995823307,29.356658792375907,89.87092742031426,9.973411255868875,369.58997081979436,1089.3474858702587,445.5524144189681,1985.1064239103434,1861.5248646905443,456.7959374637322,34.20154613629237,1006.3102731631752
1908,8,14,1,3475.4146071901737,12402.084925866757,834.510064640509,1068.3422995823307,30.128816971461138,206.80409110557463,9.973411255868875,475.58467030896225,1089.3474858702587,459.9724362975283,2458.54034991094,1925.3816069976688,388.75876154867,34.20154613629237,1045.7009064787048
1908,8,15,1,3851.2138396526116,11357.877714538305,775.8067945537206,1068.3422995823307,30.128816971461138,236.27835653110748,29.920233767606625,0.0,1089.3474858702587,477.794532874287,2126.5759719670327,1896.0747231597406,351.8215056429627,22.801742336737895,1056.4516251783366
1908,8,16,1,4295.924666199225,9544.204972257668,840.2345554271549,1068.3422995823307,30.128816971461138,236.7534531840074,21.609362215500475,623.7988301929676,983.9568848784244,446.39994881745747,2718.099992888228,1881.5557164877657,415.9736319146804,19.95156266496013,927.5290065319921
1908,8,17,1,4100.139393793878,7358.450799611591,663.5212849372109,1119.335542212547,31.674179614427132,215.97711109540623,21.609362215500475,804.8363418079482,825.8764764896924,401.42094017631604,2533.4500262849156,1822.9419488121484,400.41391047877585,19.95156266496013,1009.9010132088326
1908,8,18,1,4328.5722873032,10180.548245706992,634.1780312856433,1119.335542212547,31.674179614427132,171.0439315037738,0.0,537.4981417423343,808.6501174407884,419.2430367530747,1805.1084913493953,1749.8091744645558,363.4961774355951,19.95156266496013,1061.8269845282148
1908,8,19,1,3549.148003775984,9210.26637311941,609.2936782178485,1119.335542212547,29.356658792375907,137.22070440973664,28.258607547197638,503.72451276774615,423.5728782698937,416.6884964533656,675.7258370874247,1619.5414201578697,353.77379189589817,28.502101680293443,1000.9349138132973
1908,8,20,1,4330.983188554017,10951.902035630956,569.7335076280245,1119.335542212547,28.583454328495183,119.82485773579639,18.285196291328763,476.52525084603997,1048.8084138739114,347.9546504460398,738.8622888465048,1386.834007665663,359.59160492965174,28.502101680293443,977.6703585472776
1908,8,21,1,4674.13479991248,13389.644368044374,649.4824532128637,1119.335542212547,28.583454328495183,134.808675249073,21.609362215500475,413.6711988755902,786.3591209420193,258.8441675622462,1306.9830000471277,1619.5414201578697,334.3290208165768,28.502101680293443,821.8709431517915
1908,8,22,1,4832.450648712217,12355.822581060691,710.7336664903795,1119.335542212547,27.81129614940995,122.2460233705587,21.609362215500475,474.64408977188464,838.0381980885068,165.48407558176467,2090.3139630215874,1632.8505096070605,322.6738718865433,11.400718687111103,857.6923378590039
1908,8,23,1,3669.994428970111,9905.806565330728,734.3440479630762,1119.335542212547,26.265933506443993,124.65805253122237,23.2719019192632,702.5942677604293,1234.299387203272,0.0,1944.192380922534,1479.9976338107156,287.6889022337715,2.850210168029345,975.8642378057166
1908,8,24,1,4382.918019663969,11434.352202890334,682.0273986367592,1044.7325250059123,25.49377532735872,122.7302564974804,23.2719019192632,571.2620740103872,441.82095376724715,136.6320947204032,1911.5088597021813,1654.0912786273045,324.60663527695226,0.0,798.6063878856476
1908,8,25,1,4143.63607052597,7899.625820890021,747.7375124975166,1044.7325250059123,25.49377532735872,130.9439467075673,23.2719019192632,509.3582992835505,940.3856221310716,123.05960724035049,2261.0078274980406,1381.5910330341562,326.55892152988775,0.0,766.3757332240925
1908,8,26,1,3974.4711660975563,10801.785447383334,490.62154784060175,1044.7325250059123,23.948412684392764,177.81405880704042,23.2719019192632,446.50424731310073,1312.3013956512307,284.30601082965023,1805.1084913493953,1473.2758714626848,299.3440511638051,0.0,897.0829711745333
1908,8,27,1,4709.193322267272,8339.306922441614,835.7840362358728,1044.7325250059123,23.176254505307533,219.85097611108753,23.2719019192632,637.868751422486,646.5158018526015,278.3613329359836,1771.1128579629965,1368.281943584727,283.7843297279005,22.801742336737895,886.3322524749017
1908,8,28,1,4443.391459370845,10982.11417917692,1261.3156932292145,1044.7325250059123,23.176254505307533,181.1945542216244,1191.8217315929091,557.1921527808689,719.475145247448,144.2718414110485,1287.1820346361294,1340.3328557413067,258.5217456147533,2.850210168029345,22546.40725693239
1908,8,29,1,4625.816320678193,12205.70599281307,1157.973128955863,1044.7325250059123,23.176254505307533,135.29290837599467,1191.8217315929091,481.2087601181049,1318.3438047564887,232.53478989635278,1473.024830481217,1291.1295553530272,246.8665966847197,0.0,716.2343812088069
1908,8,30,1,4607.734561297625,8612.065930897264,1231.3103096040868,1044.7325250059123,21.630891862341578,126.11075191206439,1191.8217315929091,474.64408977188464,792.4344886422944,279.208867334473,743.5381794738162,1373.5249182162336,209.92934077901248,0.0,762.7849931784352
1908,8,31,1,4705.576970391046,9508.328051796372,1250.5036974536047,266.7033674793278,21.630891862341578,119.34976108289644,0.0,525.299684880436,527.952749011318,195.1955279458566,305.12572000722787,1364.2488861760041,188.54594945053134,0.0,777.1264519237244
1908,9,1,1,4684.782947103028,10948.125517687404,471.10966709237573,711.5250670906934,19.347898438542128,54.069653685139116,64.54764725691064,334.196991848387,418.70599239058026,147.88878398492966,413.44654343918796,1380.1122453176326,272.44154659829036,82.74852901135338,1449.820422399004
1908,9,2,1,4268.5006644714595,10144.671325245698,557.0356986357789,711.5250670906934,19.347898438542128,56.806941323541885,45.900711557510505,296.14711527760403,5.775334622687276,147.88878398492966,376.7670442592611,1259.6717075637484,259.3612287035358,72.404200478626,1404.7964124848909
1908,9,3,1,4515.216225799478,11510.826691242364,545.7292007279224,711.5250670906934,18.541212861205118,59.31673075701737,97.5417525097136,273.02047011409434,519.7790174219246,147.88878398492966,708.9103465893418,962.4891506282909,259.3612287035358,131.87799029140075,1385.4881217003087
1908,9,4,1,4515.216225799478,9089.228973036652,637.6898345647201,711.5250670906934,17.735573568663643,61.1421982808921,50.20413163686551,267.80364198082185,0.0,147.88878398492966,1215.4929972146679,1215.4962854119358,240.83403216310276,118.94757962552053,1316.8555335216117
1908,9,5,1,4515.216225799478,9956.789557566235,712.3177495924917,711.5250670906934,17.735573568663643,60.229464518954735,71.71940506693323,273.02047011409434,359.9957482854023,225.90969706304645,1098.5599466581905,1230.2303884789503,247.37419111048004,90.50372578570958,1518.4530105777008
1908,9,6,1,4515.216225799478,8938.73473299492,750.0004883576391,711.5250670906934,16.92888799132663,62.05493204282947,64.54764725691064,287.197055115753,421.5953625625794,158.3695614761505,1474.3369426470297,854.0671239531212,238.66699442237618,82.74852901135338,1349.0216838710214
1908,9,7,1,4403.712042951986,10928.298798484979,541.2116303999023,711.5250670906934,16.123248698785115,63.4235758620309,74.58865628095448,252.88041057342218,445.66612319788635,128.08512811028817,1304.8359074123518,1060.2101316454077,237.57371412067735,77.57636474498968,1404.7964124848909
1908,9,8,1,3930.472218271264,9567.808209403644,530.6594577787534,556.0682480970581,16.123248698785115,71.86476427698524,74.58865628095448,255.86699619625972,182.8872443148531,263.1653992841178,1353.384057546264,1295.8213454719614,217.9532372786178,77.57636474498968,1194.6198619063869
1908,9,9,1,3569.9420270640016,10793.288282011568,559.2986744959014,556.0682480970581,16.123248698785115,12.77553172489523,74.58865628095448,287.197055115753,0.0,115.2813901409411,1364.2388036451136,1240.931434137242,219.04651758024434,80.16244687817154,1589.2357424962745
1908,9,10,1,3726.4496999256257,10076.694002266662,661.0571556674059,556.0682480970581,15.316563121448102,18.935342558710854,43.03146034348918,311.0703466850037,180.96465959958314,193.29752837743638,1365.312349962618,1240.931434137242,210.31979802961402,69.81811834547315,1226.7860122557963
1908,9,11,1,4149.864232090582,10349.547423671149,789.9545843746029,556.0682480970581,15.316563121448102,61.36969648581947,44.46654269217667,327.4771741970973,180.96465959958314,95.484896528816,1308.7722439095573,1215.4962854119358,224.49339622599513,56.88770767956392,1482.0080741858783
1908,9,12,1,4795.081679325672,9651.835733642778,649.750657759284,556.0682480970581,15.316563121448102,81.67459651107636,41.59729147815542,311.0703466850037,180.96465959958314,104.80061264971711,1571.4332429150877,1265.0356739175097,220.13979788194317,74.99028261180783,1394.0671952225991
1908,9,13,1,4088.1853417588572,9362.837698029358,524.6248554853589,556.0682480970581,15.316563121448102,58.40399699508001,93.2392459137551,281.97053027594535,418.70599239058026,168.85033896737136,1450.4803578145552,1095.015417083967,241.92731246472925,59.47378981274577,1226.7860122557963
1908,9,14,1,4642.0899041206485,10256.07860457436,411.55987640599795,556.0682480970581,16.123248698785115,48.13825470366018,54.506638232866784,315.54052841253514,1.9251115408957586,163.02503211572144,1127.3071313813375,808.5473493314163,234.29387321572548,64.64595407910946,1417.654272049594
1908,9,15,1,5360.839839503981,10570.473723355472,560.8073250690508,671.417478722272,16.123248698785115,47.453019146650185,63.11347839157688,297.6404080889596,220.427084155296,131.5826996420589,1401.9322076804096,1161.9507265466316,228.84699457004703,59.47378981274577,1181.7405009042188
1908,9,16,1,4248.309366496707,10950.01377665918,292.4602950329768,671.417478722272,16.123248698785115,46.54119903212214,67.41689847093195,316.2871748182762,21.175897363902163,199.12283522895487,1585.3893450421797,836.6577594714145,203.77963908223674,74.99028261180783,1383.3379779603076
1908,9,17,1,3266.268923686829,10469.451868371578,323.37086900220663,671.417478722272,16.123248698785115,71.86476427698524,45.900711557510505,308.8304074679072,0.0,110.62353208049055,1779.7012285027993,1013.3594480789029,200.51932103981133,51.715543413229234,1156.0032803372228
1908,9,18,1,3983.813408444192,9660.332899014542,591.7095176463213,671.417478722272,16.123248698785115,53.15691992320174,51.63830050219927,311.0703466850037,399.4581728410808,193.29752837743638,1554.6143506082942,1046.8338245726623,186.34962741597892,72.404200478626,1171.011283641927
1908,9,19,1,3826.10028495716,6286.202942554227,719.0982957803687,671.417478722272,16.92888799132663,109.73819033655951,10.04100902404385,246.17028962879414,0.0,0.0,1823.3587787460392,840.6773733555219,183.08150022852845,59.47378981274577,1387.6382654401855
1908,9,20,1,4675.340250537888,7001.664266916804,553.2724535944664,671.417478722272,16.123248698785115,96.28016399691427,73.15448741562072,253.62705697916317,252.18818365141976,265.4931346039033,1801.530003624536,947.7684910858918,177.63266929657567,64.64595407910946,1340.442610348731
1908,9,21,1,2764.6005550910613,11921.523017577925,540.4573051131948,671.417478722272,16.92888799132663,105.39836514223084,54.506638232866784,284.2104694930419,700.7326908230411,223.5700246390199,1891.707894291183,1084.3143714259138,181.99212449937832,56.88770767956392,1331.8635368263162
1908,9,22,1,3126.336196923732,12593.743211489771,364.07090891418414,767.1047987164774,17.735573568663643,74.14614185812403,17.21276683406645,316.2871748182762,0.0,223.5700246390199,1525.8671658851472,1021.3986758473563,174.36258982285088,51.715543413229234,1216.0567949936294
1908,9,23,1,3090.7754034753,12683.435512644237,418.34042259387485,767.1047987164774,17.735573568663643,46.76869723704943,43.03146034348918,322.26034606382484,0.0,101.30781595958945,1848.1696269719807,1062.8988365847151,168.91375889089807,43.96034663884403,1280.3890956923244
1908,9,24,1,4486.6872276653685,14546.202988187373,418.34042259387485,767.1047987164774,16.92888799132663,62.51084210009353,35.85970253346666,300.6269937117971,48.12723921247537,188.64205773773404,1350.4019844422924,724.2161189118989,164.55430368809544,43.96034663884403,1177.4617148618058
1908,9,25,1,1945.0950382698506,9956.789557566235,621.8657663288435,767.1047987164774,15.316563121448102,35.59022118369224,41.59729147815542,264.8170563579843,448.5445071716214,159.52746058385696,1367.2208767490856,863.4372606663743,146.02905943393677,36.202100239298495,1237.4937280807476
1908,9,26,1,3941.120365462373,2126.6516668316867,618.0941398955716,767.1047987164774,15.316563121448102,30.114732259477368,45.900711557510505,249.15687525150526,399.4581728410808,88.49930314856053,905.2142548835114,896.8981936352798,733.4153766433362,74.99028261180783,1231.064798298334
1908,9,27,1,3208.2063852307697,3449.9435541717316,450.7596471362541,767.1047987164774,14.510923828906629,38.32750882209509,53.072469367533024,264.07040995236974,194.43373880484603,71.03173856666076,1070.7908819132244,896.8981936352798,156.92672129784233,72.404200478626,1357.600757393312
1908,9,28,1,3116.8935003585925,6753.3582121429545,343.7208889583282,767.1047987164774,14.510923828906629,41.52162016517117,17.21276683406645,276.75370214254644,0.0,330.70553487114523,958.7603595398933,855.398032897921,149.2971866213149,74.99028261180783,1211.7565075137518
1908,9,29,1,2710.0539142921634,11388.089858084271,249.49727926143942,1462.6448872826218,14.510923828906629,53.15691992320174,110.44927229774294,232.74035103275,0.0,245.70141583354055,645.4518309348705,694.7613563024854,138.39952475740932,51.715543413229234,1132.416203510228
1908,9,30,1,3460.8487454667666,11689.267164064175,265.3297288893908,1462.6448872826218,15.316563121448102,53.15691992320174,110.44927229774294,311.0703466850037,292.61739366400246,153.71409083644815,288.52153696379565,579.6444543282776,119.87428050325063,67.2320362122913,1218.206938733506
1908,10,1,1,2359.468690744242,13501.995776858923,763.6621574382343,655.2776820035022,10.970296080906033,139.51395940719456,29.23146731890492,534.8703342625644,275.52286899561597,280.54582300540164,2664.7805257876803,287.2612357093935,66.76623756442564,61.825050808842654,1162.969746054637
1908,10,2,1,3201.777315228591,9695.265689991176,723.5069080113226,655.2776820035022,9.972977413827387,43.64219580226495,29.23146731890492,475.37134276442873,136.03110825413046,226.79304277412768,1520.1415855252787,215.1367257141833,66.76623756442564,47.77542771030772,1177.1821961756355
1908,10,3,1,4135.700187242311,3357.7965163549416,719.0480074278153,655.2776820035022,9.972977413827387,37.45680284098767,29.23146731890492,508.2237846151361,103.10547173033551,226.79304277412768,920.4943974686571,258.66685868061563,64.91156562412897,53.39588687474796,717.3094530788075
1908,10,4,1,3108.756708636804,2962.772739482912,816.456546112879,655.2776820035022,9.972977413827387,77.3183256633239,0.0,432.60886680184865,58.051072202780354,226.79304277412768,680.9623574582027,231.3092859237793,64.91156562412897,47.77542771030772,1441.7358819369088
1908,10,5,1,3130.053003018462,8740.656366867126,756.2278626684911,655.2776820035022,9.972977413827387,72.16352697984159,12.179473555092466,432.60886680184865,82.31189406981278,204.50646922499845,1001.8692083321405,277.31302743433696,70.47558144501883,33.72275498664145,1088.4027611537213
1908,10,6,1,3543.2212048680053,9408.816803990147,668.4830690449243,655.2776820035022,9.972977413827387,73.88209775682283,13.39806034894935,383.02960612224734,240.8723993272562,157.97563703737714,399.9795013011864,253.6927545428489,66.76623756442564,47.77542771030772,1088.4027611537213
1908,10,7,1,3743.8282797749857,11342.771642764095,622.3854126374997,655.2776820035022,9.972977413827387,64.26047688899249,10.961800244589318,335.30241639706924,0.0,221.55265402858296,322.4456005955854,252.4425067462187,66.76623756442564,56.20459164440241,1019.1681327280031
1908,10,8,1,3347.938203556299,12428.520551469168,426.82239137288985,788.5084140291272,10.970296080906033,75.94419995971838,13.39806034894935,196.47466847039084,220.075525807361,116.67683762240351,264.8677331024414,248.71865040532063,74.18492532556357,39.34321415108169,1035.1437007156333
1908,10,9,1,2372.7286476237364,12694.765066473665,449.125275681854,788.5084140291272,11.967405491025561,60.4807175565251,73.07866829726234,198.32673942481404,152.48843341684153,152.0667704563024,527.4213774764077,212.649673645376,81.6036130867763,44.96367331552193,1049.3346493991671
1908,10,10,1,3645.483599587364,1406.6585209373372,591.8939082718192,788.5084140291272,11.967405491025561,75.94419995971838,146.1573365944965,180.358742155239,0.0,152.0667704563024,356.98993543297706,238.77044213002566,81.6036130867763,44.96367331552193,973.0045466316197
1908,10,11,1,3136.6829814582093,2359.94606278139,688.5648844543598,788.5084140291272,13.961624311264664,78.00538851518989,14.615733659452498,143.7924616892764,153.3563430883063,152.0667704563024,340.86288408639484,290.99853557514547,81.6036130867763,42.15496854586748,973.0045466316197
1908,10,12,1,2532.1494928298175,6676.1284202027055,699.7121359131278,788.5084140291272,12.964514901145137,64.60400831490685,23.14127379968186,207.0052918026673,152.48843341684153,152.0667704563024,463.7004393886804,201.4646610980911,81.6036130867763,39.34321415108169,973.0045466316197
1908,10,13,1,3048.9864484616965,5690.268411097968,598.5906405390393,788.5084140291272,13.961624311264664,54.982387447076476,0.0,169.8184221163009,569.2498686953043,56.37178089357172,568.1087829081492,273.58917109343884,207.72325731316062,33.72275498664145,926.8409605352365
1908,10,14,1,4245.998919464393,9446.959635217327,569.591023962855,788.5084140291272,14.959780006179733,65.63460259264994,0.0,293.1605296547665,0.0,186.15914006334,304.7797995271224,310.89495212549696,194.73664915863432,81.49818269694917,1026.2636070697079
1908,10,15,1,2740.792905239522,9922.800896075487,558.4353911121276,647.0336131760868,14.959780006179733,76.97479423742939,15.83340696995557,145.03364012983107,279.862417352859,156.66255557493068,257.18591278644374,282.2871315718652,189.1726333377248,50.58413247996218,816.7536010507434
1908,10,16,1,2521.501345639269,8737.257500718913,595.6152463528033,647.0336131760868,14.959780006179733,41.92362502528378,15.83340696995557,234.89301989077669,160.28863426165105,123.22672669920829,317.8412797228831,135.55105951234833,192.88197721833114,39.34321415108169,997.8602082651755
1908,10,17,1,3690.687998039625,9778.349084743195,510.8458469154726,647.0336131760868,14.959780006179733,15.463482403193272,4.871880770372367,234.89301989077669,0.0,123.22672669920829,388.4686991195471,338.25252488226005,189.1726333377248,53.39588687474796,1044.0237943615587
1908,10,18,1,1644.7369241122715,9740.583905310124,730.9495841730252,647.0336131760868,15.956889416299262,40.549499321626314,28.01379400840177,277.665192559892,342.2420517146527,123.22672669920829,459.0961185159781,487.4756490107308,191.027305278028,39.34321415108169,1006.7403019111009
1908,10,19,1,3375.7640221586394,9951.124780650905,707.1548120748305,647.0336131760868,15.956889416299262,85.90935225342425,10.961800244589318,184.69316999089804,0.0,0.0,299.41206793983304,752.3668596257432,187.3179613974216,39.34321415108169,1012.0511569488336
1908,10,20,1,1108.0100331617116,9590.46731706373,475.14949807206796,647.0336131760868,15.956889416299262,40.549499321626314,0.0,113.42237671990554,184.54616026917168,89.80164121723085,253.3450026283284,2493.3705254144725,174.33525781537168,73.06596913772313,1015.598894119686
1908,10,21,1,3751.7641630586454,8852.346885041066,430.535348061649,647.0336131760868,14.959780006179733,21.992406790384994,20.705927178675562,153.08190658087176,390.7680899281059,129.1355932802515,313.2250305579401,1190.1014672607146,166.91657005415897,33.72275498664145,976.5522838024722
1908,10,22,1,2982.586209847402,8979.426713834491,420.1256591056696,476.00788955390146,17.951108236538364,9.621620867830362,0.0,148.1268895249354,71.9145559296327,84.55767134035771,343.16504452262944,732.4704430753918,174.33525781537168,81.49818269694917,985.4323774483976
1908,10,23,1,3610.9273483267725,10386.368473618331,322.71712042060597,476.00788955390146,22.937701571931594,14.089356699535802,23.14127379968186,239.8577336533747,77.11322499972275,73.41438456580467,473.68442014114584,637.9490209360703,165.06189811385576,64.63680520362844,1029.8113442405602
1908,10,24,1,14984.755815666203,12143.393446748134,507.8704527292365,476.00788955390146,51.859105889347795,15.807013829107639,0.0,201.4296855263272,28.592679885495095,73.41438456580467,386.92994939789946,572.0488628749958,146.51713099717063,73.06596913772313,909.0807732433856
1908,10,25,1,8469.395639703778,7801.153115518518,444.6663750986125,476.00788955390146,53.85437099439741,14.089356699535802,59.680607948312996,158.6672095637471,260.8013631758718,73.41438456580467,563.5044620354469,743.6554556227015,142.80778711656427,70.25726436806869,909.0807732433856
1908,10,26,1,3617.55732676652,10703.595980857104,611.2297797867723,476.00788955390146,39.89170039835043,17.182053180174517,142.50340317962258,182.8314023299396,256.4618148186288,75.38042562822449,625.6866504012933,1059.5245118859652,161.3525542332494,98.3595601902699,933.9364348770656
1908,10,27,1,2566.70574409097,10426.966041509068,275.8735201184334,476.00788955390146,32.9108882427181,24.05450899328053,85.25814185232788,96.06624163475902,104.83909383359048,188.12876225694396,413.8043922115341,1203.7735318766693,198.44989761171703,106.78872412436459,1086.618141849625
1908,10,28,1,2524.213609546158,9135.680143739157,295.2010102414271,476.00788955390146,27.924294907324867,17.525584606088884,289.87567263461335,113.42237671990554,207.0788531321358,100.94492799178391,306.3185492490031,853.0857466502309,228.1246486564233,165.80507016358177,1028.026724936464
1908,10,29,1,4684.381130227893,9810.449487262165,368.07721432550744,558.2840834977318,26.927185497205294,13.05784877438337,213.14307092249112,106.60559200296157,272.93012617966906,118.64287868482333,521.2783068818245,833.189330099641,352.3876686563024,123.65010161768531,985.4323774483976
1908,10,30,1,3397.060316540297,9923.745025561375,313.79093786163213,558.2840834977318,26.927185497205294,14.776419551364537,109.61800244583394,145.03364012983107,278.99450768145533,125.85288962411632,318.60469043770314,685.2030102434233,658.3890159427159,160.18461099914154,983.6477581443012
1908,10,31,1,4299.139201200314,12921.356143073317,435.74019253963866,558.2840834977318,25.930076087085766,14.43288812545017,47.50113439322053,45.86348272290413,257.3297244900324,125.85288962411632,359.29209586944484,748.6295597602298,365.37037223842475,193.907365985783,1008.5034197778568
1908,11,1,1,2559.774402995151,7322.385053253856,799.9787292954019,44.96984727207413,48.67526125660863,27.77488124414041,32.83515914931368,526.2402654175137,398.5353321779072,0.0,526.4194009132791,410.04094676043707,101.06595474234979,117.99304695135004,797.0582843929164
1908,11,2,1,2559.774402995151,4307.024301408938,1220.498313828477,44.96984727207413,45.69544215903049,127.17971938099312,27.705036634845886,320.06889037953084,0.0,22.631555860605303,396.8542886882295,599.2854439095045,97.75292497109571,111.94259063976625,729.9522982696103
1908,11,3,1,2866.159770279212,4545.228170683294,1042.058476571251,789.2728288617219,51.655080354230144,76.01546445764744,16.41712283297997,292.67569432636157,23.858727006581663,4.76445640099342,448.21751583241445,571.3901301647845,92.78240417114971,93.79122170501495,685.2293084790077
1908,11,4,1,2467.0551590594355,5668.742258821438,619.5525021164333,789.2728288617219,105.29810181995536,53.35700870584865,30.782562053514336,262.402576422748,1.7673497322598926,7.1466249159691015,435.37074490024787,520.4391715660028,101.06595474234979,99.8416780165987,925.1423469807502
1908,11,5,1,2350.2269026161093,6059.989517749915,965.7878086968541,789.2728288617219,99.337417339956,52.62609077837131,18.46971992877932,349.62445199726204,18.5567876717858,0.0,783.199751757715,428.2434791992251,99.40846371358558,81.68725945668706,1124.4176687976183
1908,11,6,1,2926.030484672823,7522.068439506923,1189.3195353128267,789.2728288617219,72.5159066070934,42.393239793688,46.17475656362521,249.4283830353766,449.7859475876001,27.39565414847266,570.7687921169631,439.15962125255635,94.43794291363959,78.66203130090969,892.6106721955601
1908,11,7,1,2880.1229066899145,12578.63713971679,972.4091084356427,789.2728288617219,60.59558393185102,40.93140393873323,46.17475656362521,388.55672886578486,116.64046812583626,0.0,347.82900685746716,525.2922839812765,102.72149348483967,111.94259063976625,1043.0777311159734
1908,11,8,1,3146.6279491175496,7597.9764501671725,678.59102788638,789.2728288617219,55.628870007577504,44.585993576120096,32.83515914931368,335.2054493314641,36.23028499438466,0.0,414.3650219552338,649.0264852857409,97.75292497109571,211.78426865639398,900.7382155324605
1908,11,9,1,339.314260200828,7606.190376693662,835.1302876540063,789.2728288617219,52.64905090995599,92.82657678961789,38.99203695335806,248.70113004283252,0.0,0.0,392.19032635339175,651.4597632556855,99.40846371358558,220.85995312378412,864.1427690787581
1908,11,10,1,2570.8243670608354,9976.616276768658,811.9138316087151,276.04083980147976,53.64197518088214,65.78261347296413,40.017878759580825,237.17174593414057,393.22899836375996,258.47411733195503,249.7903714884162,594.4323314942308,152.4267014848058,145.22314997865183,939.376298539089
1908,11,11,1,2330.2365130789244,8093.172365484813,720.3806487676918,276.04083980147976,68.54211695374605,73.82271067521528,34.88775624511303,326.5559870732165,0.0,200.10167777370202,355.9998871625554,434.30650883704413,296.5718046846858,139.17269366706805,1311.4801741717336
1908,11,12,1,2639.635506926508,6273.646020393634,941.9008412857777,276.04083980147976,76.48969626039738,62.85894176305462,42.06956237202651,243.65884262782626,412.67456948381107,115.53684417090939,863.7395821522355,412.46078120576624,218.6951060546957,124.04655288809413,1181.3319735936334
1908,11,13,1,2350.2269026161093,5678.089140731485,1236.4229587691946,276.04083980147976,79.4695153580189,55.54976248828082,29.756720247291494,284.02623206824046,412.67456948381107,0.0,596.4504056890555,366.36293502225817,220.3545493697343,124.04655288809413,1114.2474889077919
1908,11,14,1,2942.0027054592065,5241.334840586392,1004.9289096828632,276.04083980147976,69.53608750947188,29.23671709909517,30.782562053514336,346.01727715414717,0.0,0.0,637.3048072147296,340.88745572286734,293.25291805468106,127.07178104390051,1012.5886928837097
1908,11,15,1,2348.2178182409893,5354.535965936768,663.9906428933137,276.04083980147976,60.59558393185102,149.10725720533412,52.330720884315845,265.28249827331877,268.63452261570717,139.353754478962,512.4036573242847,601.7187218796875,215.37621942469087,114.96781879557264,1065.4392260113366
1908,11,16,1,3505.9526896999637,6328.594356467903,690.5261301996932,276.04083980147976,54.635945736651365,233.89373679273982,57.46175688213739,255.9154797290623,173.19741734989245,148.8915007380276,463.3903037859961,520.4391715660028,207.09852571224152,114.96781879557264,886.5042639741216
1908,11,17,1,4980.921984071678,8538.140592157624,795.9975680602224,1894.5876483855195,50.662156083304,205.3879376211273,255.50129403428608,257.3505923010801,0.0,114.34552117133744,573.1067374303856,630.8373963718068,173.9662757135709,114.96781879557264,860.0789974103702
1908,11,18,1,9078.65047661474,6256.179624904702,910.0515514043424,1894.5876483855195,48.67526125660863,224.39180373551,255.50129403428608,158.5896359112124,0.0,0.0,284.799909729951,645.3967336176279,185.56285605602508,105.89213432818248,1169.140658588221
1908,11,19,1,10000.719750811943,5459.711990658324,841.0726946345192,1894.5876483855195,45.69544215903049,204.6570196936185,227.7953439160903,260.957767144195,0.0,142.93488574011988,294.13976269186713,772.7741301148208,212.07685565728488,105.89213432818248,1020.7162362207341
1908,11,20,1,9599.606055216484,7717.125591279382,851.0465512027647,1894.5876483855195,45.69544215903049,248.51209534230046,174.43878122549322,222.03518698233376,356.9965161296387,156.02988905212393,435.37074490024787,661.1659880864714,319.7649653696665,211.78426865639398,1053.2479110059242
1908,11,21,1,5944.981121719491,13060.14317749028,956.4844634946594,1894.5876483855195,43.70854733233512,235.3555726476805,215.481588307952,186.7100849569258,0.0,171.5242503090972,557.9339494770371,593.2224142716855,245.20715336968115,363.05787494662957,1049.1841393374118
1908,11,22,1,7335.16705543971,9820.834911605705,699.1505826441434,1894.5876483855195,44.70147160326127,249.97393119724114,686.4553358167219,270.33448239498665,0.0,85.75973773371327,317.48343095053696,770.3408521446378,222.01399268470047,248.09005615105693,955.6528866503542
1908,11,23,1,6630.581164904647,30200.813992738684,915.4156423316861,1894.5876483855195,43.70854733233512,194.42416870895678,500.7350351728371,281.1463102176697,0.0,122.68955701002253,391.0213536965639,800.6694438595408,231.95112971218842,220.85995312378412,1024.780007889122
1908,11,24,1,3943.0289956189895,18379.36870065753,1052.7028445052817,1602.6585914304108,42.71457677663222,122.7942118161711,229.84154662841664,223.47029955422514,356.9965161296387,80.99563944584604,445.8795705189918,828.5782011288763,218.6951060546957,266.2444747109686,908.8872603068254
1908,11,25,1,3999.8860834496404,15240.138160272192,786.7109856419465,1602.6585914304108,42.71457677663222,157.87827233505513,115.94844208710555,196.80435649372637,0.0,434.74933511428907,870.7414898004957,666.0191005017451,207.09852571224152,187.57939378489854,971.9079733242789
1908,11,26,1,3831.223450114866,16940.51536425239,734.3105223947072,1602.6585914304108,43.70854733233512,135.21981658328227,115.94844208710555,183.82046639981982,0.0,466.90789384018314,615.1301116128876,468.27829574467563,425.7936317670095,169.42802485014724,990.2056965510059
1908,11,27,1,3367.2254135622757,16109.681416721158,655.3745718410885,1602.6585914304108,99.337417339956,114.02319668645008,76.95731861713092,166.5215418834511,175.84509115777848,372.819638503229,710.8427299607565,396.6915267369228,619.6556566843572,205.73381234481022,957.6740217659401
1908,11,28,1,3602.6901023864802,13934.407081368685,449.737117303392,1602.6585914304108,230.46515190660418,117.67778632384025,69.77459900687232,193.1971816506115,172.31852148005478,264.4307323297313,742.3572785245146,272.9573254326968,366.1512867395555,296.49980589404777,906.844623753899
1908,11,29,1,3658.6431022477936,18196.20758040628,554.54642518983,1602.6585914304108,148.00744717260952,103.05942777427957,90.29691603143436,198.23946906561773,0.0,298.9647747922438,351.33592482771763,530.1453963967886,347.93645599961815,226.91345906049924,963.7804299872545
1908,11,30,1,3789.3340408827585,45158.657436748734,799.3165993215762,1602.6585914304108,97.35052251326064,113.29227875894128,61.56603759038234,220.59037770378077,220.0315810138691,183.4255432005401,1399.5465491970924,702.4107218544673,313.14671497218336,193.63289972164267,841.781274183519
1908,12,1,1,2276.7948686869317,5388.996692170459,713.9856466152607,9338.633458681737,823.039008690805,4.439230032533865,53.161990736197176,757.7491347162443,0.0,1101.0665546844248,1175.056085923475,1373.5249182162336,393.4442485557441,145.74158625535813,464.34504207580125
1908,12,2,1,1722.789852106076,4358.668184283827,834.7028366582321,6583.25665196949,1568.4855369467082,4.439230032533865,41.969992686471485,583.2375066212167,328.5752209388245,1130.9451265073665,1991.5477018151373,2688.8393744979367,382.0233739760281,187.38421777483998,634.7439334654065
1908,12,3,1,1986.6830848453258,6763.365984693614,722.7190571562461,6583.25665196949,1246.4390768891913,4.439230032533865,35.814941849134584,764.1780511704658,326.66362242176893,848.7639202260601,1879.6603189507912,2517.7033051146336,382.0233739760281,694.6436182725685,457.52908642014245
1908,12,4,1,2046.7547076770657,12083.913289140864,871.2457061012259,6583.25665196949,514.0920342730661,4.439230032533865,54.28192132785277,833.9846417498092,326.66362242176893,885.2795219864178,1719.8212005731875,1325.007237587635,382.0233739760281,694.6436182725685,352.7310805359174
1908,12,5,1,1951.021837177829,9333.192032175171,1155.5425252544271,6583.25665196949,567.9338498499104,4.439230032533865,82.82096826456487,772.43964516604,327.6194216801843,885.2795219864178,1798.5479305203305,1130.8692974489704,347.8193188244594,247.9497733938264,472.02105522731125
1908,12,6,1,1909.6346990399222,7851.191978266906,2950.417637920199,6583.25665196949,728.9466170307153,577.9916241009174,97.36819067251113,741.216250018687,846.2778468681589,885.2795219864178,1688.9269232150314,954.9204462242402,342.11864296586464,187.38421777483998,592.1495859773403
1908,12,7,1,1472.1565762457603,17853.488577049753,1742.4914122027174,6583.25665196949,472.3871223240915,621.4903772599052,110.23917112636019,826.6345381717068,0.0,704.9098774621357,1678.6685917370696,925.8017717323594,338.31168477262594,172.23977924493303,504.4022199507459
1908,12,8,1,1588.5830158133897,31723.694853382956,1489.9600690102948,6583.25665196949,345.3158339095767,599.2978816868566,106.88668721824276,904.7027227464979,335.26581574795694,495.7598747015446,1167.064130004793,814.1667426545406,330.7172912486751,177.91818128736168,491.60886469806354
1908,12,9,1,1852.3757943341354,69579.510717235,1918.7520875207433,1667.1016646594237,270.632025206177,150.04831403695843,101.84425910574903,759.5818122574706,343.85702287543126,494.64972401053967,1416.0075927315395,748.6564468096992,330.7172912486751,179.811998509901,706.3222185678103
1908,12,10,1,2236.4122727368654,66803.77002889325,2853.528745543792,1667.1016646594237,219.6988813608347,470.5558252358375,134.3003226632271,720.0871264081346,343.85702287543126,494.64972401053967,1594.09699850602,713.461299154907,330.7172912486751,181.7058157324113,1260.134741662157
1908,12,11,1,1987.5871728146624,35751.35123993503,2254.7620957709482,1667.1016646594237,184.78435773472611,926.8952967822249,99.04900004334236,794.4899559004732,343.85702287543126,449.2767909306248,1457.1602015676574,647.9375597852116,330.7172912486751,181.7058157324113,4773.749131398117
1908,12,12,1,2310.547486197812,30751.241482978327,2564.4545329083753,1667.1016646594237,178.47526041781418,682.7504360565491,80.02296875219471,825.7133510478261,341.0006112984492,449.2767909306248,1441.1762897298272,691.6290150482445,290.7930373759129,113.56499122332558,2669.4034531261455
1908,12,13,1,5642.613923186792,29864.703895783372,3559.5772138648376,1667.1016646594237,195.9377536548236,531.8158840324814,57.6389726527582,706.308106375811,863.471247322046,449.2767909306248,1618.0728662627655,654.014032948123,294.5999955691516,117.3495760432149,1848.86559909306
1908,12,14,1,25202.958950140848,21682.87777157759,3233.960131786693,1667.1016646594237,154.7141327118031,632.1435060528748,117.51963345547288,839.4923710801497,345.7686213924868,416.079704139041,1549.6044677933512,643.0844473699378,313.61526367289076,158.99220756272575,1372.587259260676
1908,12,15,1,16774.84999435591,17131.22952039075,2449.294205810471,1667.1016646594237,135.79730360902096,593.0850793033011,315.6176335423115,660.3845040721271,0.0,387.3112830071043,1481.1360693241697,607.9027432397611,554.9959359868068,196.84720463715794,1174.0644877527088
1908,12,16,1,25020.132271957802,15497.885509903697,1822.7013343516999,2992.8292116733237,122.70828081719658,411.06824241325813,196.41719071593045,857.8579333190597,341.9564105570894,412.7611891702673,1334.8952043010788,575.140873555152,686.1310035970854,147.63540347786844,986.6364579428131
1908,12,17,1,13253.929626057405,13402.862180846807,1408.9120076539484,2992.8292116733237,151.31370712639324,677.4238716601028,240.62978503575906,798.1553109830522,340.04481204003383,488.0126940731237,1146.5116821714482,558.1482583391477,954.1213375386915,147.63540347786844,864.787812200833
1908,12,18,1,7700.619503367109,11822.389421565807,1932.3299426806816,2992.8292116733237,420.4913964668842,1115.1066631076262,2420.8222356821743,709.9831581647989,341.0006112984492,451.4970923126347,720.5642882799661,704.9649915469048,674.7296518798959,147.63540347786844,861.3905850917359
1908,12,19,1,7102.615538959963,10472.284256829242,1651.972377802597,2992.8292116733237,316.6999447524264,1090.2554535734037,1801.3891735274738,746.7239793490277,341.0006112984492,451.4970923126347,936.3948112594046,613.9657728778187,522.6855985005942,124.92179530818288,760.8498638124591
1908,12,20,1,7508.149220181357,12001.774023873506,2024.4414415748736,2992.8292116733237,254.6238678348969,466.1154988263465,986.0139320008012,764.1780511704658,331.44261871407065,451.4970923126347,1172.7777820719548,593.34340599394,741.2635673802035,132.49401457312186,712.2781167273693
1908,12,21,1,11918.893058448228,11220.034809606,1955.294956963737,2992.8292116733237,222.60755309233676,859.431572076047,448.8035065140401,704.4754288344581,332.398417972486,513.4626002362867,1475.4104889645344,552.0852287010902,608.2152592421146,132.49401457312186,795.7896995863557
1908,12,22,1,6153.423625691627,9985.113442140422,2105.4056890105635,2992.8292116733237,450.08033048385306,696.0714152848683,419.69992686467947,741.216250018687,849.1452446436299,338.6198349584157,1128.237538189857,714.6712163774523,638.6123562004447,187.38421777483998,1296.7731909906643
1908,12,23,1,3792.146759008712,11598.630733425052,3447.601815755077,3424.3849272912043,844.3727556712248,461.68430889103115,304.98468730508137,613.5494113512241,337.1774142647877,296.5654168472746,453.3466815713953,1032.583688394666,553.0826954589243,191.1688025947583,1019.8561787247586
1908,12,24,1,4304.764637451661,9802.89645137506,5435.500387887222,3424.3849272912043,942.8281549285458,798.1715132793262,220.48747708634238,639.2650771681099,334.31001648931675,296.5654168472746,515.0159533634369,1844.317153079262,494.16269634509393,189.27498537221896,798.3268691994773
1908,12,25,1,4080.349912693701,10291.955525035655,3327.6640951749573,3424.3849272912043,595.0849402933778,676.5376336729936,311.14156510907355,613.5494113512241,330.4868194556553,296.5654168472746,557.2659651017735,1127.226102256242,456.1516830002866,170.34901164758304,836.6854335199356
1908,12,26,1,4270.9115657222765,12333.163473400604,2145.1334874419667,3424.3849272912043,1161.5853799734662,351.5897960647774,809.7481840677558,379.33516092006255,337.1774142647877,296.5654168472746,350.57251411313064,1266.7564450787809,448.5572894763357,153.3138055202971,760.8498638124591
1908,12,27,1,16710.559294335802,17304.005216297228,1956.1330961711012,3424.3849272912043,756.589461328047,689.8586129013127,383.891379399007,638.3438900442292,1376.3509321657975,296.5654168472746,489.89496953481085,1099.3173449869066,433.3489795659075,147.63540347786844,1706.5905878218166
1908,12,28,1,34724.00980626989,40083.961450410556,2886.132360711935,3424.3849272912043,456.8602559587221,634.8113564881473,376.05369222410667,472.1035526511846,335.26581574795694,336.411470680647,548.128893110978,828.7395234252157,494.16269634509393,164.6706096051544,1590.6978402393956
1908,12,29,1,23086.38856041027,80828.8135409023,3076.7252164766064,3424.3849272912043,346.2888787693953,619.7179012857636,4369.373577493256,517.1059678309877,856.7916387111777,336.411470680647,591.5240209211951,785.0480681624213,623.4235691525429,2153.9502484235286,1099.0889755412077
1908,12,30,1,14296.644417011166,106686.63189882314,2602.589866845441,1325.4372629000702,283.2397569920906,292.98845122930726,1211.5529720331824,590.587610199319,337.1774142647877,314.28007948625776,736.5482001177965,737.726861231514,530.2799920245452,2992.444685354105,1299.3103606037857
1908,12,31,1,14332.807935772864,173719.82539277372,5488.722227557641,1325.4372629000702,239.10746431752463,887.84600650675,544.4908878157969,540.9889561066472,0.0,1056.803772295515,1044.8707024928235,641.8745301473925,672.8359342145397,2992.444685354105,1534.471581440136
1909,1,1,1,152227.2120277099,336502.5529546195,2409.7436709498975,10277.819268335834,84.56530676797405,904.9720546567071,31.8889796883851,614.1117187360991,1442.4349677348591,190.61124522471573,1455.531586696499,603.1697443188465,112.4831323371296,23.695928395620573,288.732133098365
1909,1,2,1,100812.72319715886,186150.34844298128,2723.5505689180955,10277.819268335834,83.58594339540367,823.4886451883199,29.1155266481015,614.1117187360991,1442.4349677348591,201.69159908508362,1065.198192851505,647.8876577732713,108.82981093507674,24.59022634632788,280.18918622850885
1909,1,3,1,55680.88327625499,110462.84413100005,3347.1987555095952,10277.819268335834,137.02245741147794,717.707176944645,59.96405214103191,614.1117187360991,3120.5502260252347,356.83599234795463,942.5948067517734,638.2449320699127,105.79100385386184,23.695928395620573,279.41845502938884
1909,1,4,1,39034.68642193991,88687.34457962005,12522.346791597321,10277.819268335834,1050.3672170861025,598.2172272883512,872.8027247786825,1145.6979388450916,1923.5920117623123,0.0,812.1368974016102,496.2190229831421,104.57548102138932,23.249007673957518,280.9680303875478
1909,1,5,1,22879.44752959485,68339.67956904473,16137.037120840016,10277.819268335834,1752.8564028723188,636.2727554980129,1357.010951853013,771.1389329100643,1518.357555339761,231.97789963686168,1308.428330060935,464.6577098527111,102.14443535641068,22.35470972325828,304.252225560019
1909,1,6,1,16777.25339447118,55268.243013543055,9893.07297314156,10277.819268335834,900.8102687325209,689.5472291233284,373.30284989077245,760.8190091597887,1073.843050491629,223.85230680593278,1367.3112460833493,470.7865609352655,103.3599581888832,24.14330562466483,256.1342598569176
1909,1,7,1,14171.244499824452,45728.549057896635,9316.189047692242,10277.819268335834,631.1928924896756,831.081788555648,301.20780583595905,679.7254211352373,1957.5028449356787,189.87255496732766,2288.3191180742497,483.0624226593171,102.14443535641068,23.695928395620573,278.6396108702884
1909,1,8,1,12877.81726120482,32843.26285083764,40681.16605276937,21443.11615656678,2279.6722837029697,1742.9121662537984,1776.385211751879,679.7254211352373,7299.683627614175,247.50011465013486,2548.1946025692755,535.6706643961809,107.00652668633435,23.695928395620573,280.9680303875478
1909,1,9,1,11540.032424378787,33858.90733437588,61825.34614262044,21443.11615656678,4952.450143342133,1757.3636326625704,2221.1364032472175,1127.227139357669,10518.95205687772,268.1834418562078,1649.761982834264,594.4077572155991,113.69865516963571,22.35470972325828,268.54708864227325
1909,1,10,1,10632.717915604213,29058.88763523886,47987.61421361702,21443.11615656678,4516.361397165243,2715.5693375932537,4429.420618556847,1166.2869492828834,9801.172754706946,658.2604957853796,2087.222516181459,467.2817660941016,117.34522366708687,21.90778900159523,305.0310697191194
1909,1,11,1,9100.46533573066,25865.69319656327,49254.36451943525,21443.11615656678,4757.32559362575,1675.145402868298,3877.2677036597834,1666.8625610781771,9044.772781421954,1238.1809458561484,1091.7267150878497,496.2190229831421,121.5995535807743,23.249007673957518,263.8902496077544
1909,1,12,1,8710.420909680546,24059.421134198572,49254.36451943525,21443.11615656678,2103.6589220208393,1457.4752930059256,1358.0751457587048,3885.222525199155,5094.066519959487,2891.6807693042747,851.3679002850739,458.51977899085415,121.5995535807743,22.35470972325828,291.06055261562443
1909,1,13,1,7556.4176672427975,19935.474953308178,0.0,21443.11615656678,1323.160723155272,1166.7313840711313,1024.2457036607964,1515.0292001544478,2412.7557802888487,1046.1214789426135,1285.8530778050456,488.32869470053436,203.07334788034882,21.46041177255904,242.93447395254267
1909,1,14,1,7315.273633355422,18219.2096528282,0.0,21443.11615656678,937.1283271321573,951.34738188924,730.3153469181327,1678.639813962388,2541.24015931256,1892.019019706116,1432.020033655683,483.0624226593171,192.12688948336006,22.801630444921333,214.22270854655554
1909,1,15,1,7647.55236901322,13974.5725866833,0.0,5920.277715398051,737.1069605528869,907.9929826630731,609.0054277800633,6466.220204026277,1709.2943854579903,9941.215726679518,1302.6024585110154,472.54803813531885,120.99179216453803,20.566570329232942,269.3259328013122
1909,1,16,1,6770.179239028224,15721.522010533066,0.0,5920.277715398051,607.4161261666277,872.2317268042345,527.8974799549849,3217.986075827322,1775.420510146065,2581.3336651266186,1247.6728124688618,508.4858049277223,128.29168206407567,20.566570329232942,249.91973250432088
1909,1,17,1,0.0,14208.794728405666,0.0,5920.277715398051,514.2677876195414,844.06361431265,416.9757305576287,2173.369163534617,1676.325519872632,1414.7862350170142,1250.5857482438216,508.4858049277223,113.09089375339947,21.46041177255904,265.4479379258938
1909,1,18,1,0.0,16739.21210229524,0.0,5920.277715398051,510.588373837873,850.1054703253079,385.78666301482866,2741.727525742403,1271.938834279613,2441.6628888336836,1384.9969275742458,488.32869470053436,152.60889161836295,20.119193100196757,161.43979084895494
1909,1,19,1,0.0,15479.117435912087,0.0,5920.277715398051,1159.661449011577,802.1870204085205,729.6277139329086,2390.104507978291,1963.7198310174251,2169.125062302555,1361.3813411128608,455.88664297016106,248.67571281237744,24.14330562466483,334.521679284207
1909,1,20,1,0.0,16008.929966096404,0.0,5920.277715398051,1582.4879828515539,818.1816095015467,1764.9246619986122,1226.783054025925,2160.9678439762833,1145.8446636861515,1177.9704207107716,422.5729324191481,268.7385924529773,266.91529800680166,881.7164917568105
1909,1,21,1,7318.600453220644,23729.055405918247,0.0,5920.277715398051,1326.3572563851935,860.8011884018288,1660.6336592441555,1229.6638209183595,1886.1017017538654,879.1677611705634,293.2702124863961,521.6424052515473,404.9311729282252,123.84588618971178,567.3717439687149
1909,1,22,1,14487.79645066331,26250.267542797243,0.0,3803.9035779447677,1475.1660799402616,839.4913989516878,1533.0941127045364,815.3756503979654,1872.725762002161,670.8279497692137,146.14614916671005,1265.0856612367513,521.0608737628395,216.8410038708198,676.8074612792311
1909,1,23,1,11683.186491318686,22282.8103910917,0.0,3803.9035779447677,1878.8814257459505,832.6330759102443,1862.011890622494,1068.2561464989835,2288.6044521706654,620.5872926600606,222.6523266275318,1946.2507104436565,329.54174569568215,160.50799360206267,565.0433244514554
1909,1,24,1,8842.082326176049,22100.751259098335,0.0,3803.9035779447677,1042.477901029232,800.6683917350699,1179.2087085385403,967.2598483844542,1136.2955015859443,500.16134149306953,446.28256740829585,3206.070099639191,237.1214929991524,91.20560876494716,452.5003434646409
1909,1,25,1,20172.625911751522,27659.691609579328,0.0,3803.9035779447677,724.5928730144519,912.5651980240353,872.0659751516937,1010.0477095823634,1136.2955015859443,445.4885428398146,1254.5390182240826,2175.1519486535108,220.7051818560037,78.24079927035235,460.2563332154162
1909,1,26,1,33310.539998805,79980.21317140582,0.0,3803.9035779447677,585.353245745587,931.5888797936954,725.8129880864683,794.7358028974143,3457.021048512639,419.63438383225173,1707.6045646513771,1258.0942311130286,226.7895489230352,72.87683759565753,432.3152990084876
1909,1,27,1,22353.205114506058,57296.4635682822,0.0,3803.9035779447677,497.5982068821762,1110.3951590880365,602.7676142715032,765.2418336242407,4103.305010742717,412.98617151598563,1339.8464230622726,975.8038901393717,228.0050717555077,67.06549869191846,459.4856020163576
1909,1,28,1,20479.096590270547,55786.804698491425,0.0,3803.9035779447677,439.74775655496114,1452.9030776449633,489.7665937046025,637.700115879506,4756.653729884075,653.0896639838896,1875.4104719733666,1028.3758127586877,205.5043935453275,62.14434917248814,389.6330164990055
1909,1,29,1,17246.032557337996,45270.33281557516,0.0,4644.671849424063,397.8323644357103,1213.1883580065648,459.6089756396756,1558.4948888564527,3180.3651678726806,1300.9696177317555,1783.132827959387,854.788590541486,209.7654763636166,59.01727364298231,388.0753281808661
1909,1,30,1,14803.340274270831,41201.61805675039,0.0,4644.671849424063,368.9071392720849,999.2739964763691,324.43179130016557,1019.6220230780101,2896.550333562968,412.98617151598563,1450.6420159315064,796.0514977220678,190.30360523461766,53.65331196828749,411.35952335327585
1909,1,31,1,13302.23882586481,38510.62043722594,0.0,4644.671849424063,346.3613782992974,949.0612742087588,165.33480240436282,921.5064918561403,2245.83912366848,412.98617151598563,1414.3343521649813,785.528033418767,177.54061549355544,52.31118028117086,363.24155765023596
1909,2,1,1,23682.924933476228,69644.77761637024,6968.9224296281645,5537.966105159334,985.4163823077255,4037.1028703137486,426.2260314298552,2148.797916510221,3108.3046473793024,1920.7890613085842,3121.314716293139,2033.8705814759626,595.4778827293777,325.2112899948097,1417.1718511233523
1909,2,2,1,32732.88309488528,74726.06844639663,7073.824020222287,5537.966105159334,976.5749074164028,4037.1028703137486,448.9179199412899,2325.5414382104505,3631.5676425969696,2038.1047377076613,2961.207282090728,2036.0497285276463,519.4941998898689,322.5133313992856,1390.3179535550862
1909,2,3,1,96489.87362646472,130918.92637748124,6939.142948132773,5537.966105159334,976.5749074164028,4037.1028703137486,966.861093824952,2764.265290254512,686.1857092639965,5036.118025637206,4109.73624479039,3247.383095825455,855.2553707451206,430.9201381134007,1253.533448116947
1909,2,4,1,55377.436979431266,92955.5061403488,6305.094389863279,5537.966105159334,2618.708840111569,4037.1028703137486,1213.5903577981933,2933.6374378474334,5662.261369132002,3555.8216283226884,5355.952589371869,2995.2376223987108,904.8216906919555,558.6737274465518,1176.135809808494
1909,2,5,1,41817.11758218134,100900.64848488173,6491.403206253533,38086.626436323786,2371.96367929907,4037.1028703137486,850.4546527598968,2744.8624779489714,4732.821949903776,3205.8185208552054,4821.220807825133,2448.0901168641913,654.7548795268565,442.6158571011209,1164.6154066221486
1909,2,6,1,54854.218946038214,115576.86469262016,8274.655423534492,38086.626436323786,3900.5866766590393,4037.1028703137486,2736.94300321256,3956.902783760281,6797.9916901650595,4955.153685587034,5145.701046471923,2991.6057106461294,1605.3680164803602,1324.2365979547117,1136.0577874559117
1909,2,7,1,58891.76851008434,128873.31815283292,31409.122467595163,38086.626436323786,11615.657666804958,4037.1028703137486,11519.489723397672,13542.146248011975,25200.458885792923,29322.115373726076,13676.233463450759,17612.04806646941,5370.0448158226645,2621.4936099541337,1056.46964995005
1909,2,8,1,47518.077078980845,103303.2153447316,34250.89308868066,38086.626436323786,14665.966504302478,4037.1028703137486,10107.386271659363,18886.816118027597,26882.812998229943,22727.360905059515,13612.773076924668,10012.272724078783,3913.9835205991126,2371.8753764455687,1025.7215315864662
1909,2,9,1,35146.339688225155,67097.99537668344,75571.04600569619,38086.626436323786,12516.127878810912,4037.1028703137486,6555.188875643207,13808.193543380494,23321.233547432574,19285.647482281656,11736.010170484295,6573.941867858427,2438.4738600557653,1362.0354087347196,1000.4090964163787
1909,2,10,1,29482.680899008803,52495.4210650325,39560.32024171446,38086.626436323786,26690.372356466676,4037.1028703137486,12446.975642713289,16366.99237144761,38531.184193300294,29412.507734166098,11593.484384352212,7646.445408411811,2287.0737383652395,1284.2009010295146,921.9567733091849
1909,2,11,1,29589.542385597735,43879.31922281495,23673.191332417973,38086.626436323786,10083.36205679784,4037.1028703137486,5346.510182024889,8171.6342044016255,17747.611328345407,12929.99538639211,12493.373471974799,7267.81860819945,2224.001609168568,1280.5944927546113,899.9706517352349
1909,2,12,1,27704.344461811048,46877.158076036576,18398.18267558459,8774.21890358641,5831.836838299619,4037.1028703137486,3666.311727130515,6318.114894375243,10271.214581194037,8069.510689050838,7943.88795858528,5174.384673980279,1589.228574426822,973.4106790605472,849.4269109950479
1909,2,13,1,26618.59143297781,55271.3114258804,16183.427267892961,8774.21890358641,4213.1668197390545,4037.1028703137486,2915.4819961540957,6367.172659986178,8914.687057498466,6093.708642786205,6570.646807531442,4381.62913617356,1424.3226434864598,814.5917627517894,882.3655285560403
1909,2,14,1,35338.891989532014,70757.58849057913,14110.086985895083,8774.21890358641,3311.2683694814195,4037.1028703137486,2499.1365958328424,5429.228851155014,8317.762196887239,5107.848737470311,5510.33818544493,3916.5628362486905,1267.9929014197583,711.6036985975568,878.552437360588
1909,2,15,1,31338.643133068617,56489.47112365852,12259.718701023034,8774.21890358641,2733.648013698444,4037.1028703137486,2239.6370049916704,3844.3834180756758,7477.621305015822,4493.8610590831795,5252.64740278127,3524.951951520605,1081.5452047259164,642.3515295718653,867.5999413735457
1909,2,16,1,26103.438417440193,48959.58724872867,13248.87635270157,8774.21890358641,2522.0647184151553,4037.1028703137486,2175.539787443195,3422.605253634681,7062.496188917764,5518.210614650961,5289.267166809308,3413.724654096099,1106.3283646993339,590.5835930688069,800.5706659328097
1909,2,17,1,24182.95604053431,45085.20527124446,35034.2879913337,8774.21890358641,2454.665475205334,4037.1028703137486,2081.8088626757026,3438.3647431056083,7826.431902908041,6016.826538368878,6702.041017666337,4694.7907270445785,1327.8236363964581,722.3772726846149,869.790440570954
1909,2,18,1,22254.408645772564,40110.286068900714,24544.12893192911,8774.21890358641,2503.021541726215,4037.1028703137486,2172.5927889352397,3885.5614389512593,8185.886734546211,5826.710993185204,8149.978164664021,5103.199203628543,1626.3695498638222,790.3055703182523,872.4677173677388
1909,2,19,1,28662.065332183927,70306.53187704428,23623.060044473423,14550.402685665036,2265.797969258169,4037.1028703137486,1762.141385629971,3573.845515492285,7323.703801112036,5230.413002540172,6447.887371300857,3833.755248288593,1150.5598899925133,640.0689926890159,655.6164097843424
1909,2,20,1,26368.575879448555,55325.52004383333,20037.550614183594,14550.402685665036,6569.011810197855,4037.1028703137486,11730.691283135913,8589.769046007894,18425.82799181375,16421.278813282337,9165.032248817992,8431.937122713198,2049.439024614577,966.1978625107403,883.501342954708
1909,2,21,1,31860.853039229904,72774.55820008232,26708.004823498217,14550.402685665036,13666.199728132724,4037.1028703137486,9902.733597494367,13065.125141984878,23399.41685724902,13696.872508835413,11983.609711356263,7712.546202309732,1932.4787165110972,866.7705558937589,770.9259101279104
1909,2,22,1,29206.454037448842,54799.798730099035,19680.645773146724,14550.402685665036,7445.201971925419,4037.1028703137486,5014.072378111302,6827.671720600282,13732.003500059316,9130.11438488119,9292.057055290545,6360.2946590096835,1724.4892540638095,810.5744978379748,875.794030963815
1909,2,23,1,28878.81268705795,48719.22828233233,15339.42588279953,14550.402685665036,4792.283425119022,4037.1028703137486,3551.8699517374553,5172.671140844173,9388.77934461464,6480.063086602706,6948.912324594516,4761.708701086987,1337.547819056339,685.0806200188307,772.0211597266145
1909,2,24,1,26695.209102607678,45984.250085977495,14703.43193126651,14550.402685665036,3617.9995368641303,4037.1028703137486,2751.677995752412,4033.1583779741377,11421.357006325892,5181.620567119725,5997.006526704733,4193.405309593222,1174.2625852259625,614.4589288634328,780.8074953961896
1909,2,25,1,22690.927737216352,38984.178741231946,16042.01214219921,14550.402685665036,2936.38983409041,4037.1028703137486,2352.1141147127355,3998.0808046357524,13020.817971005614,4526.130159799466,5514.603555686897,3890.4130716296677,1124.15603290911,559.9975988386059,709.9732417199816
1909,2,26,1,20759.35596075887,32088.433415942964,14858.315164169238,4521.024272391901,2500.0970538775455,4037.1028703137486,2102.519713301196,2738.16893134576,8152.352688408171,3950.632131664222,4978.415306252584,3403.555301188805,988.8953532721224,523.1118028117409,727.545913059193
1909,2,27,1,19401.408579293173,28853.30400866163,13581.089663855153,4521.024272391901,2271.646944955509,4037.1028703137486,1986.1132722361408,3699.751974383314,6531.8858465125795,3669.055069089034,4801.766558185146,3310.578360321244,1002.3336334757068,496.1322168564434,807.7100707243994
1909,2,28,1,18023.298653187816,27634.121506771527,13879.632706986544,4521.024272391901,1975.9336155142773,4037.1028703137486,1811.421749568938,2826.5406921959307,5799.78863700189,3172.577459273988,4625.221843538278,3069.3286221524113,874.0959746486126,462.8528291044819,798.3801667354011
1909,3,1,1,4501.489716199426,6285.949513521106,3904.928039595308,7077.083200873722,998.9506400259257,2678.011854271116,638.9747653847934,4134.578318278628,6243.172780744453,2583.1803907700323,5148.093815144232,2817.4555421071063,887.4667258059449,382.9822984997679,710.0868231598913
1909,3,2,1,4539.395300121564,7782.92561231832,5933.97321343921,7077.083200873722,931.9594648880181,2678.011854271116,873.4576133360142,3816.931404158732,5440.239608604837,2301.408936021836,5332.961203433704,2921.5098138201497,887.4667258059449,351.52894025408426,911.1665365219961
1909,3,3,1,4823.082303198416,9972.03325392586,6259.5272938064,7077.083200873722,954.0631521162537,2678.011854271116,737.8711236482923,3479.627492419162,5870.247812595694,2565.4907030280456,5191.163651245409,3013.9419679248326,884.9006220484953,327.48013165636826,969.0930708534303
1909,3,4,1,6106.428269498215,10709.781860144862,5382.82833732254,7077.083200873722,897.749758193225,2678.011854271116,602.3010061744425,4336.740371383627,5319.856150839294,2627.3074140386084,5184.921646013408,2782.498391487986,872.8129227698879,306.7546967600824,912.6268693202479
1909,3,5,1,27393.841274363658,32716.43514090989,5779.464094625717,7077.083200873722,862.92794939058,2678.011854271116,771.2131373232099,4030.7859817097465,6508.148263291161,2629.154139682022,5331.0886018642395,3145.1447799887865,955.4009463325735,306.0151548100376,894.534968541677
1909,3,6,1,49296.413516178596,43872.15959402831,10008.300112595829,14018.973683880991,1565.0770784502315,2678.011854271116,3171.543422069295,4319.7946837804475,5898.789430516644,2310.1565838063248,5164.218995326983,2680.7140646204957,852.4866798489146,401.1147714971332,1147.5781906422571
1909,3,7,1,28495.72433890863,36064.0730005464,7566.8315668870155,14018.973683880991,1144.2908849697849,2678.011854271116,1751.3357244341096,3406.2526650977406,4833.612481835867,2206.837143862521,4835.8895201205005,2540.9762599377145,829.5943331704582,297.13608633574387,1129.4862898636864
1909,3,8,1,19920.594103758296,25726.591837286887,6538.691227120394,14018.973683880991,970.1138296112464,2678.011854271116,1140.1609783078343,3128.8517590350857,5430.443145688212,2226.2763611614737,5151.7349848627855,2513.8277195868036,774.355573338673,277.89430041331127,1042.1908403669931
1909,3,9,1,16060.474932539068,21484.00037936664,6476.363819870268,14018.973683880991,893.0569753663118,2678.011854271116,1077.9465653616967,3486.7446812124476,5686.469936147423,2189.147456120421,4723.741492784453,2537.8891349480123,795.3571067221349,267.16181199014994,1061.0129075447205
1909,3,10,1,23509.527049577264,37289.392327110465,6384.256931124751,14018.973683880991,828.1061405879348,2678.011854271116,730.0943220299695,4111.277997824453,5244.0277599930705,2370.223765260149,4469.795913259916,3152.953390256996,889.9653005171757,263.8338732149562,1050.4660595571893
1909,3,11,1,36629.29484645547,50626.75795181626,6072.470249237674,14018.973683880991,785.1909816924806,2678.011854271116,774.5448828586432,3835.7411173981463,5270.779639496683,2298.687445599939,4627.7186456311565,2780.954828993219,879.8359435797814,266.4222700401051,1135.571009856474
1909,3,12,1,30911.197186712467,57926.510901473775,6503.225211470374,14018.973683880991,771.7927466649061,2678.011854271116,665.6451018819828,3339.9950265696048,5887.203229182276,2372.945255681932,4528.9909295440375,2744.454115879163,876.6620784060958,265.68272809006027,1112.935851483294
1909,3,13,1,48439.50536900275,74571.62502543571,10558.996051805667,12107.415632687178,787.231322052011,2678.011854271116,774.5448828586432,3391.001546254969,4575.795952959115,2652.0924160947934,4719.268055701347,3398.2890291474187,1000.5103492269643,266.79204101512755,1119.7507378751768
1909,3,14,1,50228.93120575254,61956.35910403015,13295.266499754518,12107.415632687178,817.360348027743,2678.011854271116,761.2097146100484,3509.112988848505,5080.690580207783,2841.138804326975,4627.7186456311565,3655.337583440241,1002.401162521959,261.24091131603564,1155.8534098325147
1909,3,15,1,29699.42825388283,42379.88839414744,30437.17406401696,12107.415632687178,800.6295570795854,2678.011854271116,2958.131613450089,4389.526188267256,4658.783297475093,3159.1643993377415,4368.4673616595455,3963.6868912390505,1098.9676986581792,253.47115576680923,1275.6006992908237
1909,3,16,1,22855.252476027683,29565.175670839315,16581.484658734735,12107.415632687178,832.798923414848,2678.011854271116,2323.6264624689934,3785.58188209293,4654.261853052004,3362.4014161982054,5750.13521977675,4013.353284456403,1118.0108897004616,265.3129571150379,1406.6250031358209
1909,3,17,1,18850.971110636357,24798.908507409426,12182.65119866078,12107.415632687178,901.7624275669732,2678.011854271116,2214.7512398132153,3643.3228346649594,5698.998105069799,3574.386080843158,6933.51537835536,4342.58608483285,1182.8387740995897,257.9129725408419,1286.8777136775118
1909,3,18,1,15309.420144720387,21053.399848078334,12374.945840477303,12107.415632687178,944.6775864624276,2678.011854271116,2253.635247904607,3945.7186299421965,5367.142923764365,3618.6103001982956,6797.127564034708,4515.011095289198,1187.9034525683035,262.724560289889,1359.1641871919298
1909,3,19,1,14000.870997621223,18058.629407193326,13483.071772501215,12107.415632687178,953.3830386630888,2678.011854271116,10569.082704575521,4521.956736885334,5745.342910406861,3435.687265415154,7191.934394962807,4558.503238526978,1205.6635917317938,262.724560289889,1289.1493424747857
1909,3,20,1,14759.99080329577,19164.280652615565,11915.533739016919,7909.302780284609,980.1795087182376,2678.011854271116,7173.158090551696,4310.813469350815,5785.564926420857,2807.6061544863014,6632.026525646735,4490.223297577373,1245.708316157538,272.3431707142194,1354.7020591972475
1909,3,21,1,21658.605451677577,22119.161733120207,9909.53399306367,7909.302780284609,1018.3338734414658,2678.011854271116,4653.965532650618,6717.6094796181505,8192.480507663284,6416.399649948616,7016.013880839159,5595.232448316923,1576.0604104082468,272.3431707142194,1211.5894449665407
1909,3,22,1,19039.490903015285,20448.922617694556,9863.892074188945,7909.302780284609,1099.4033970601129,2678.011854271116,3717.147451393117,7388.658708700648,10767.631500149413,5703.466355509869,8519.71294124316,5780.096756526119,1599.5605185029392,273.08271266426425,1354.7020591972475
1909,3,23,1,15487.858664779482,17986.01031521852,15066.32259772965,7909.302780284609,1290.3792547121575,2678.011854271116,6691.978723055053,5413.130447932095,7412.81393495108,3872.097693776489,6548.5917223782035,4409.41326108122,1375.296555909609,300.0942541359232,1315.516462443614
1909,3,24,1,13760.936716411796,16375.093838307792,14628.60911343917,7909.302780284609,5263.94210489707,2678.011854271116,6516.386728621472,4833.333746592203,7036.3094899672415,3657.4887347960876,5457.593241233947,4130.6640340664435,1036.0981566002645,351.8987112291067,1531.6457165878955
1909,3,25,1,13036.09323662425,15264.328572324277,15320.720178342757,7909.302780284609,7594.826931624278,2678.011854271116,5931.898691206333,4353.770787424663,7031.882242303036,3706.9615428218954,5442.404361835929,4218.374702892618,1204.4480688993215,591.6792107725752,1303.428152057904
1909,3,26,1,11428.130301629724,15178.413026888866,12989.989403018639,7909.302780284609,4211.398524760812,2678.011854271116,4747.287152069898,4215.0703343933355,7041.67870521966,3467.470385698975,5717.780825990485,3797.436130762107,1026.5765610791402,745.2482922507771,1243.9601553282298
1909,3,27,1,10436.13310536985,12184.665390116545,10344.254564641016,3861.629282118477,2969.30732522415,2678.011854271116,2998.161676516755,4170.333719121221,9700.382222774855,3190.07275484308,5055.712137709684,3640.628340842177,1067.8368083373568,579.4904638181584,1793.69432427789
1909,3,28,1,9991.649808793505,11634.396777685703,9254.086108895408,3861.629282118477,2490.303420151806,2678.011854271116,2219.1717375752223,3850.907507802836,8609.112771902235,2950.678793806607,4870.844749420017,3526.4047162216707,905.2268649694687,1177.4238256497533,1698.0425259910123
1909,3,29,1,9117.603498674162,10541.019181611377,8454.23018632026,3861.629282118477,2067.544897657177,2678.011854271116,1668.0011555141182,3798.121690919206,6522.466170631076,3044.3758211874388,4533.5684000475185,3666.2333186981523,994.7703802957956,795.9206110500672,1899.8118409523106
1909,3,30,1,8044.855311133183,13934.683226302932,9244.359142577785,3861.629282118477,1730.5486816081088,2678.011854271116,1186.8217880174745,4302.764267739411,6638.422380732412,3877.4434785337207,4715.626885982794,3998.644041858171,1100.2507505369376,567.2560661260732,2155.126691850287
1909,3,31,1,7551.477843806401,10117.578279109715,10444.517140529617,3861.629282118477,1638.053251976069,2678.011854271116,942.3846339947829,4174.824326335982,7334.25383809931,3372.121024847625,5506.072815202962,3701.9168516678906,1045.6197521213887,626.4650728672243,2457.0910626930104
1909,4,1,1,15641.094004039209,26818.946629249243,12831.365029224557,9409.73043457564,1844.943764432445,5096.958720322719,6910.465917993597,6741.9265413286375,10911.752541136373,5420.042567291267,8753.163936922409,6300.822104060177,1543.173764884934,1177.0586197484945,2808.787878276898
1909,4,2,1,15142.071024212892,26316.7498100981,10371.939007237192,18652.893570084798,1183.3974085274654,5096.958720322719,3544.2568722585206,5207.070886678463,8328.029643598273,6077.574092428062,7574.465282267654,6863.314436749676,1256.9181378349003,761.2717011683912,2907.847119759717
1909,4,3,1,39283.69384823654,32213.21551764606,25251.204560398364,18652.893570084798,3487.757810580776,5096.958720322719,12977.4353741489,12617.758989263175,23102.697066981604,18238.845630733565,8563.511011288125,7503.8020743270645,2693.3284805999674,782.4536434412486,3229.7693721788964
1909,4,4,1,39690.97724995346,29527.331918683598,42488.13710330161,18652.893570084798,7892.036510662501,5096.958720322719,34288.327640295145,24788.99911018491,37796.44947454274,21798.16631817007,10377.853865407906,7871.623937075213,6720.355624620133,715.3470590854333,3352.761845633355
1909,4,5,1,32228.819478899695,25218.25819346178,31230.295932987618,18652.893570084798,5950.312601843017,5096.958720322719,20800.897802127234,15127.415323281388,23921.26690108447,15831.29856825947,10706.079307194013,8396.616780918768,5791.628651555939,636.9647425283363,3410.526120764997
1909,4,6,1,26349.42146204109,24690.491271502837,18876.300481502,18652.893570084798,2891.298312144799,5096.958720322719,9277.315025246258,8678.733905924191,14062.634123500298,8639.66293242885,10842.363088093902,8881.295404307948,3239.976109986616,754.0588846185842,3514.534267841936
1909,4,7,1,22420.749639047863,22945.58745587772,15316.979037451403,18652.893570084798,2017.964626920592,5096.958720322719,5630.322510556842,7159.129370116788,10801.542333322779,6765.625188724177,14247.376942184588,13037.655214024406,2617.4933616622,700.464918609248,3714.275342805679
1909,4,8,1,22102.181433745034,24530.93382997993,14930.893297461917,18652.893570084798,1912.2069849516045,5096.958720322719,4698.825398827577,7224.285538950643,11169.85166028977,5851.10721089537,19707.05085182933,17029.12623017128,2342.17744010452,639.2016286735334,4564.4324201998215
1909,4,9,1,18997.14955927242,24749.81391001776,12816.400465658886,14063.920415375103,1589.9692308364756,5096.958720322719,3452.408752093292,6627.882063759788,9697.556320010426,5188.715881433922,13253.857776081208,10928.422463681245,2139.7253594496783,597.7507588809615,4130.307931113434
1909,4,10,1,18625.150610675126,23746.443075827436,13320.706257815777,14063.920415375103,2003.1381536413392,5096.958720322719,3690.460742681981,6384.8809035314225,9738.060926300863,4799.056770676612,10240.21765004101,9466.577983245328,1972.1182666593281,592.820479214004,3605.318290134559
1909,4,11,1,19526.416356057376,31790.797419256367,14111.583442251775,14063.920415375103,2072.6457485560036,5096.958720322719,4181.545299608257,6819.622518988766,9688.136644128923,4725.965313632559,9879.741847889207,8836.986080925852,1789.58725464798,614.4132781257724,3258.6515097447173
1909,4,12,1,26252.64124777199,47906.099013034705,15051.358034163983,14063.920415375103,1872.6923933220462,5096.958720322719,3829.133394696165,6605.3442992476785,10261.794905312534,4577.352497382126,9898.571897005973,8184.513134564792,1611.985863012774,823.4480058572489,3213.3000633983697
1909,4,13,1,22885.49629298675,36284.99868880817,14515.626658519814,14063.920415375103,1646.894726867392,5096.958720322719,3229.4191983231567,6580.264681595127,8957.82917303557,4383.737893084634,9862.368266660018,8420.768994073847,1717.7363494388912,655.8641479183443,3117.4860059117
1909,4,14,1,20776.494123702374,28748.977989204348,13653.667797147831,14063.920415375103,1520.4616359218114,5096.958720322719,2929.4802390669583,7175.397230215759,9484.671645088318,5334.801599435467,10964.082190119187,7564.1826072145905,2138.7124237559287,713.0645222025839,3285.099759313411
1909,4,15,1,23768.615748194155,29747.23480283268,15049.86157780754,14063.920415375103,1490.1965872554533,5096.958720322719,2788.924782450437,7077.7053411838515,9580.752339079556,5138.757092975649,9555.365642662986,6977.447263576312,2175.5832830079535,609.4829984588149,3090.3075899438495
1909,4,16,1,36485.13265228381,30135.90036551597,18860.58768975811,11469.348307161985,2156.1636806060947,5096.958720322719,5090.530617179347,9306.571631618706,11971.46607780585,6684.077672155091,8897.978458306234,7581.615783627217,1955.1684760507972,551.8261167980037,3214.1113593973914
1909,4,17,1,28271.920093410936,24855.162733587014,17632.745249210104,11469.348307161985,2191.257534790027,5096.958720322719,5420.430727933265,8840.565222533642,13807.360907111333,6461.207045822666,9469.954204404226,8838.348047833048,2099.815693116438,513.5251479037639,3318.11950647433
1909,4,18,1,23990.403739227884,22822.850962399283,14106.345845003727,11469.348307161985,1589.2211060379977,5096.958720322719,3261.263154423214,7103.971156968655,10733.720666976045,5215.444805219969,16924.15685253437,14635.696385184223,1756.6330800783817,498.2321507886674,3931.378152148775
1909,4,19,1,23047.804777334113,22203.031670330965,12469.222590939637,11469.348307161985,1354.1738966201076,5096.958720322719,2545.3062391244653,6597.803468264319,9026.592806970719,4774.660552966445,19953.610058495804,13434.44157300001,1731.7148620124597,519.8249497004359,4456.286663527785
1909,4,20,1,21921.726659221975,20962.37028208165,12110.073065368102,11469.348307161985,1210.7379693451533,5096.958720322719,2136.6557793518773,6333.450741656096,9217.247046812301,4896.447249344271,14051.794111579815,10580.666913366247,1876.3620790781008,566.2517498976175,4085.6866511662433
1909,4,21,1,21684.816759708716,20221.86010475883,12056.200636532449,11469.348307161985,1155.3087229112639,5096.958720322719,1808.6384732002969,6475.031961579859,8648.958000881108,5388.356643094007,12632.778255490784,10498.948898932076,2024.9935098724204,653.6272617731472,3982.5709296882533
1909,4,22,1,22346.148223881966,19884.33474769186,12616.623542059657,11469.348307161985,1133.1370243376796,5096.958720322719,1497.5664084695343,6456.222248340445,9715.453704185218,5295.8259687511145,13602.36973487127,11033.747904507616,2101.7740354576517,737.3963653737733,4115.380084731086
1909,4,23,1,21914.66976859831,18175.229075998526,12021.782140331787,15204.333563482416,1089.8818087156608,5096.958720322719,1491.917994662595,6001.484721511434,8839.612240722692,4965.845255101497,14179.755218837101,11514.068233793765,1786.5484475667652,737.3963653737733,4388.624577207842
1909,4,24,1,22002.37683777977,17923.61926436697,11623.724749489766,15204.333563482416,1040.0294925977882,5096.958720322719,1368.2259183972344,5857.361648447117,8143.403996320673,4543.333867108988,14903.827825756609,11729.259005137445,1782.5642338380528,686.0392855096261,4297.8405549152185
1909,4,25,1,21289.630884776023,17345.734940903676,11863.157766537704,15204.333563482416,1003.4393888169001,5096.958720322719,1257.631613278507,5921.246890710749,8838.38768285824,4785.643710740253,12969.846538022146,10768.618346565145,1685.7951105630762,615.7828002554788,4660.165348086564
1909,4,26,1,21585.012163743453,17276.184261265484,12006.069348587896,15204.333563482416,974.6025784022207,5096.958720322719,1195.8265056807295,6210.679234971636,12406.655103531362,5288.536262264021,11723.526160020294,11028.300036878662,1800.5269601403336,562.1888342461425,4289.565335725023
1909,4,27,1,21450.931241891187,17839.749327156213,13135.145669603744,15204.333563482416,1003.4393888169001,5096.958720322719,1145.154503557442,7675.37974294504,11485.410802320188,5969.200455986484,12057.473439935555,11979.860916069254,1819.50262213633,551.3696094214322,5120.738086741708
1909,4,28,1,23650.664862053192,18005.443593352356,14038.257080780877,15204.333563482416,1072.1988589330508,5096.958720322719,1053.306383392213,8641.453393197355,12450.92758017444,7300.203664445094,12625.495916053484,11781.013747612444,2205.5661795425553,569.8125074348687,5276.750307357085
1909,4,29,1,25275.765959991648,18887.10073817621,15684.359072984116,15204.333563482416,1173.0596840391513,5096.958720322719,955.8917104897022,8646.53709947824,13593.534264601218,9011.049178925146,12164.627863086042,11538.583638123984,2733.2381469332076,587.3880414328227,4972.189789317444
1909,4,30,1,26236.51121206026,18736.748533664602,15682.862616627424,15339.173757964978,1211.8941622155444,5096.958720322719,852.828623780252,9048.149895671631,13753.66875458675,9702.793726507976,12078.28012404255,11628.473454001843,3389.620476474685,601.357167155865,4718.8220488171555
1909,5,1,1,25653.81367198084,7206.575495024053,20325.618462819144,17004.846748631608,908.4275394081038,6477.849406032748,5596.350166645475,9282.847668974458,7589.150267452747,9742.93571023027,17279.951150761928,13555.20263877506,3084.524245521126,474.7676716329607,30723.77948365102
1909,5,2,1,23753.493839714192,7426.682939995961,19578.13851272321,17004.846748631608,916.1808327743129,6477.849406032748,6430.6781886812005,8268.30935217722,8353.556965237029,9588.199540530682,17902.071005557653,15383.870206227235,3176.16116128117,453.37117089311647,30371.67702006762
1909,5,3,1,21753.369411482712,7184.176084964288,18554.562364844012,17004.846748631608,941.957132649732,6477.849406032748,9344.441102372346,7967.099755032236,8394.626752080352,8885.957815606398,16993.85924429246,17472.21946399293,2994.7781430560417,455.86826624295264,3450.2796247179954
1909,5,4,1,20665.600128185506,8307.01043947361,17162.109725075657,17004.846748631608,994.0538231630737,6477.849406032748,7701.40757310634,7333.500495552627,7611.192309015507,8345.741966868794,15524.90734634684,19964.618904239218,2788.0042034412268,466.23098369109965,3481.2711318812976
1909,5,5,1,19817.765126097296,11380.741357829493,15922.295633675367,17004.846748631608,1080.360220371173,6477.849406032748,10987.392770568695,6790.475936311416,10934.359763252018,7908.942754161554,14490.815146234963,20992.449930235194,2482.367740117717,587.9358502847068,3268.95496893253
1909,5,6,1,19155.42553469185,10653.527633967271,15225.695199701953,17004.846748631608,1106.748622354444,6477.849406032748,9421.390507858408,6749.975742940041,10040.432522097137,8222.40013310701,14350.370028513482,19842.94986052598,2485.946779568916,497.2734852978721,3276.094373724058
1909,5,7,1,18635.231882994532,11255.959256126398,15334.188285551734,15083.594304370561,1113.2097001596005,6477.849406032748,7829.765730342606,6687.869797874785,8432.776439400566,8714.503919029756,15167.032379708482,16034.89038788723,2609.3223470660528,458.74426271534657,3370.7726168120607
1909,5,8,1,18348.923749114736,21548.437038443553,15121.691482921746,15083.594304370561,1024.3188718294316,6477.849406032748,6879.931739008129,7549.642740930062,8447.376937016927,9534.158516439678,16381.102397344835,13523.423410939511,2868.7014137089513,445.8753197698362,3590.228184552418
1909,5,9,1,18435.622691064433,35112.86517608508,15690.344898410385,15083.594304370561,912.3041860912261,6477.849406032748,5904.475232868282,9196.424662198604,15858.024346515343,9579.93787317866,17632.624446373586,13121.18918433512,3009.296887999594,459.06381787894503,3907.607179376927
1909,5,10,1,17973.900418821282,26135.713482216695,14787.981715411473,15083.594304370561,829.262333458326,6477.849406032748,5840.296154250149,9343.852144345541,12585.628945280103,10040.355734904144,16857.575463392375,14206.222820435052,3150.7702398915167,425.52422092233627,4005.4494768611517
1909,5,11,1,17947.689110790147,19851.60501609742,14341.289492981843,15083.594304370561,787.4353560879856,6477.849406032748,5596.350166645475,9653.958227482191,9298.35045615206,10422.336354828343,18369.181063757092,16369.934247067942,3208.7776906195077,404.8216113948846,4349.033332454697
1909,5,12,1,18390.256965625405,17416.30842465383,15356.635130899862,15083.594304370561,801.5817159140378,6477.849406032748,10165.507631122198,10399.568482018249,9395.184724213948,10554.523032461177,17664.874806739277,18134.135380910833,3313.987944675641,512.2925779870305,4217.765639809981
1909,5,13,1,17177.47990556357,15088.40626500415,15002.723202576373,15083.594304370561,837.0156268245706,6477.849406032748,10885.066433486234,10539.370404743746,8950.670219365817,11003.568952066837,17631.584112168282,16438.940570367995,3435.540227924069,506.9057909435015,4413.450234778492
1909,5,14,1,16889.15551721981,15556.850548448887,15045.372208737965,15370.900862549124,934.2038392835232,6477.849406032748,8664.175613448062,10590.207467553058,9072.372431754691,11404.988789289988,19289.876835486288,14549.438481059115,3710.383446158017,428.38195709966766,4694.239780046286
1909,5,15,1,16048.377405755698,15043.402884061794,14632.350254330526,15370.900862549124,920.6695815652872,6477.849406032748,7329.185289335058,10885.909716227085,10018.767267569701,11608.128610064005,20491.46284265864,13230.14653691424,3821.941430561555,397.3257602715963,5009.99618287269
1909,5,16,1,18145.28204825628,21940.17101346346,15427.716807836097,15370.900862549124,793.2163204399768,6477.849406032748,6379.351298000655,11271.424109197442,20935.22964664713,12170.893950868363,19334.61120631618,11618.48569668195,3648.661897886322,396.9651194441092,4737.1573383955065
1909,5,17,1,18515.264742390034,14815.317567014099,15843.73167495642,15370.900862549124,1088.7256158452697,6477.849406032748,6263.845328701903,11608.643292499042,18474.810306397685,12269.061998228057,18905.993513714435,10642.409413161138,3797.428386773113,349.844428034535,4851.712333459977
1909,5,18,1,18688.662626288995,25354.291140400823,15477.848095780397,15370.900862549124,941.957132649732,6477.849406032748,6007.129014229372,12681.305317774815,18894.927850712833,12118.408064161202,20662.07765233502,10552.519597283448,3499.9629380457504,356.9842034040918,4753.058739976669
1909,5,19,1,17858.973914376485,30247.386013759176,16835.13401116987,15370.900862549124,802.1938180219256,6477.849406032748,4928.936865658704,12627.079117444913,18894.927850712833,12370.145928182543,21035.55763205347,11091.858492549758,3674.998225923473,353.7703914730369,4945.579280548895
1909,5,20,1,17968.85978266158,24283.415234797678,15593.823463412888,15370.900862549124,788.7275716490025,6477.849406032748,4774.874332547337,11721.332115059588,18894.927850712833,11601.324884009377,22709.455368451774,12993.16429505474,3468.224286308658,356.2720518966448,4816.745475901307
1909,5,21,1,15854.816977217071,19054.84061259701,14635.34316704366,9477.591186047403,847.8974420753882,6477.849406032748,4312.768594282821,11800.976846794147,18894.927850712833,13265.321884798845,18710.410683109854,15327.575574061302,3382.057223294774,351.6293718769242,4383.270023614149
1909,5,22,1,17484.958711315227,17917.48243969301,14331.56252666422,9477.591186047403,847.8974420753882,6477.849406032748,4145.9357343035235,12540.656110669172,24548.617314792864,10727.532066421776,22570.05058493579,17809.987256988035,3198.8509208209034,329.1418185070833,4255.9776813648
1909,5,23,1,15334.623325519751,16863.994203999056,12035.998475718983,9477.591186047403,819.6047224232481,6477.849406032748,3850.744717087962,9496.363332773368,25565.00034240727,7191.441243657497,15012.022583112202,20545.724784660968,2457.8546963292747,324.85521424108623,3457.4190295095236
1909,5,24,1,14319.439202924048,14212.885944854972,10817.8830014886,9477.591186047403,801.5817159140378,6477.849406032748,3825.0403412128603,8065.638928444291,24729.47509171762,7536.681742886774,13220.567081510017,21996.673529838972,2452.3848435830814,335.20880154169794,3658.701566871384
1909,5,25,1,13562.335651713469,13038.706823907227,10991.471938848099,9477.591186047403,806.7505781581771,6477.849406032748,4299.9982674148905,8087.24468013817,24520.35828714836,8166.123599026575,14174.553547810401,20824.474011675746,2693.6661258311947,363.0557515124781,3346.1092184412028
1909,5,26,1,12384.843044770832,13209.515110665363,10719.86511013466,9477.591186047403,728.8095764241389,6477.849406032748,3735.238747789284,7877.880709801917,23712.150096515004,8302.295316205693,17270.588142913828,19578.728280521693,2857.8292372628166,366.98171495098,3322.2571160694283
1909,5,27,1,11998.730314925777,12265.466914989966,10120.534339336966,9477.591186047403,686.3024856005977,6477.849406032748,3709.534371914183,7819.84172976135,23857.213105090173,7032.914426584636,17317.403182154325,18647.142915970548,2701.837140427342,329.49789426080685,3442.328923927383
1909,5,28,1,11493.658571707989,11987.264196437924,9158.31290207638,6072.920340786111,709.4943543539116,6477.849406032748,7406.216555890778,6771.5814946340315,23058.424590338524,5282.0241244688505,14545.952859118255,19259.120046289834,2077.801224039227,325.2112899948097,3083.654962751759
1909,5,29,1,10484.523212504184,10001.490012360857,8426.545743724086,6072.920340786111,672.8022335550362,6477.849406032748,8522.555962925848,5982.75973670999,22185.220636122864,4859.22114821677,13121.735332002525,19967.342838053777,1948.1454552409039,325.2112899948097,2823.5534654594544
1909,5,30,1,10200.231333088359,10358.96004961801,8547.010480426401,6072.920340786111,621.9433495264752,6477.849406032748,5622.054542520576,5653.166112829832,20279.62020529423,5635.429094963591,12428.872751243409,20552.080630228113,2056.056871146991,359.84193958142316,2726.522463974252
1909,5,31,1,10288.946529502022,8272.951062532964,8167.658794041153,6072.920340786111,594.9020386281928,6477.849406032748,4980.263756339249,5969.203186627514,17613.851930827957,6727.524322818194,13524.344669470576,21269.383201373766,2323.606952386037,368.7666587933691,2793.292124695247
1909,6,1,1,7760.46261899405,17623.937659455718,5791.435745478001,3483.1072982608043,475.49451965394053,2385.2267777645434,4110.408030068522,2762.316536180195,8465.839501744604,5078.689911521825,6745.110853767514,7537.760449214129,1883.0474546567668,264.824494222113,4043.0936112166064
1909,6,2,1,7917.831279904588,17570.751845614748,5569.2119765306425,3483.1072982608043,448.9632938455229,2449.7276730351236,4210.6059793396735,2721.392700618745,7005.883936870074,5770.628851277777,6236.699527615984,8288.204215102527,2063.14742100317,261.9165422333576,3937.625131341416
1909,6,3,1,7499.357665913192,18334.786517520715,5785.599565687428,3483.1072982608043,421.9355852162816,2465.975366907046,4210.6059793396735,2961.852007706555,8207.74038259141,6655.502022725633,6393.373858940785,10141.205591297352,2307.6025684249694,254.42982125760452,4238.859335785043
1909,6,4,1,7574.362331971884,16206.331159774307,6210.069411222473,7279.431623443707,440.45507454627983,2671.480118041202,4210.6059793396735,3134.104922192024,7149.533994063029,7199.800107096082,7442.238804768596,7725.984275794467,2246.9614848932765,233.2296186896927,4451.824535533041
1909,6,5,1,9743.95294789813,15866.760194482686,8463.95715263788,7279.431623443707,728.2654856615998,2713.119936507045,3074.4561934454127,3884.968339885133,10323.022798542399,8370.33257675197,9310.470970725035,7230.409917147376,2263.641159316799,226.57830621306076,4702.271610436764
1909,6,6,1,11728.552216757284,15323.651210839203,8661.4893917022,7279.431623443707,712.2148081666428,2881.8836713478495,5062.779714562595,3713.477981341842,8906.209349204973,10022.86043933505,7537.637451398478,8818.372533193598,2152.8935234682535,209.53232077193658,4628.4436745241055
1909,6,7,1,11807.186140851114,14823.499999912709,7786.062423121491,7279.431623443707,606.627194560955,3717.7826153730875,5998.45174084482,3598.9251331448368,8747.393613842773,9494.502513149851,8246.209078658263,10108.518385523616,2110.1476371925555,199.55306952011094,4553.317665012987
1909,6,8,1,11644.877656503751,14119.810770633636,8650.265969028136,7279.431623443707,583.6053541709057,3410.301132349115,6416.18877935032,4149.490523369408,9651.399908190922,8878.862501292315,9597.915311661513,9235.043609014781,1965.3653620344435,186.665866279538,4251.353294170264
1909,6,9,1,11276.911216833963,14485.974642845742,9162.054042967735,7279.431623443707,578.5997191555459,3977.909010730015,5597.496221620823,4660.741918354744,11256.512678399507,7844.404552728981,10108.30327280327,9375.780189429452,1889.8678883279038,174.6095064643145,4120.166731125476
1909,6,10,1,11245.659272642699,15242.849685965066,9373.054389241031,7279.431623443707,584.1086381262498,3968.111406385107,7001.004261044162,5279.344244305602,14167.192525784829,6889.064218572408,11273.061449106252,9545.572063865107,1806.942219533991,177.52202352683352,3988.980168080625
1909,6,11,1,11525.918643131023,15296.035499806036,9678.33148597691,7900.401564831861,576.6001856032102,4370.139771337295,8321.17773154751,5655.199595342231,15043.222382764918,5170.443017172909,10376.917564623174,9981.40147418142,1605.8407198040923,178.7682886648738,3727.986245189433
1909,6,12,1,12229.591451047136,16216.559200897571,9331.90183943588,7900.401564831861,556.5776455416643,4183.413761864172,8655.170895784733,5706.545028779587,16844.264411309025,4434.085465888926,11095.16429999257,9495.633277266315,1354.5651387111222,177.52202352683352,3315.279970477692
1909,6,13,1,11582.373768121222,16024.272027780939,10105.569775771548,7900.401564831861,538.5614401670103,4602.506287717068,8421.048236540033,6384.457261341348,16623.843995681636,4587.558086464124,12652.544605392284,8616.983026509964,1117.6057154229484,173.77866303895695,2901.924658966721
1909,6,14,1,11385.78895788686,15152.842924081067,10790.198558892425,7900.401564831861,538.0581562116662,4482.6489278978315,9523.716844940871,7481.521076765579,16849.916216837886,5163.639291118281,14022.664753830219,9644.541659124503,1287.1711505545113,183.7579142907826,2733.175091166404
1909,6,15,1,10903.904141004474,18902.442799860746,11129.894151828967,7900.401564831861,539.5612069431781,4379.937375682204,9490.97241707451,7471.099478889672,17415.096769728207,5485.941513934788,14733.213016080035,12229.554849063043,1449.2408615523818,175.0249281769973,2988.976719663757
1909,6,16,1,10306.08469244552,15215.233974932615,10163.931573676777,7900.401564831861,503.52199505934965,4378.304441624708,9707.904251689346,7724.3527801178925,16455.231797402812,5001.516218845041,13974.809380384424,14324.25995239571,1693.6960089742147,174.6095064643145,3220.3583385899715
1909,6,17,1,9891.038711042655,13395.665459108037,9343.125262109945,7900.401564831861,466.48301639935323,3889.8122183288124,9507.344631007654,6938.242332210459,15592.389486656866,4266.227824512548,14276.506299934186,13315.496463101163,1852.1191514746674,162.55314664909906,3508.449547849148
1909,6,18,1,9897.692350773528,14323.348788986215,9434.409099859395,6871.20954446123,441.95812527779185,3679.408665022239,1386.8083812114187,6857.241945467707,15403.054001438617,4019.1553726429647,16285.391650453244,12653.580546183259,2143.5745150858525,155.48641245979243,3981.1105968899396
1909,6,19,1,9957.272670183198,12733.911198434702,9524.944709430625,6871.20954446123,422.94215312697,5078.751505581771,868.8733934347666,6622.459443726798,15329.58052956282,3755.753978242343,15383.421894420055,12962.293045157208,2118.858884158687,149.66594340852612,4204.541515025604
1909,6,20,1,9989.633554329537,12278.763368449849,9911.030449420112,6871.20954446123,409.42829881236725,5111.410186731417,868.8733934347666,6801.999003881604,14062.634123500298,3794.340824580678,15384.462228625354,13294.612970523525,2157.215382428193,135.11248824346643,4284.373041331183
1909,6,21,1,9252.692547758192,11108.67546395141,10441.524227816733,6871.20954446123,409.42829881236725,4920.601842114661,267.3418813151315,7016.700865812767,14196.393521017546,3704.6288367460165,16429.99810499593,13308.232639595832,2232.7128561346995,131.78911454203632,4374.670286024369
1909,6,22,1,9031.307807617259,11527.002345891797,10594.91100436277,6871.20954446123,403.91937984162763,4971.957618222438,584.8072955868324,6996.7049544411,14276.460766010414,3718.139092768825,17133.264027808447,12860.599516083419,2022.292348022433,128.4611757668426,4081.954689570656
1909,6,23,1,8056.852025193675,10969.574104675028,9890.080060428427,6871.20954446123,373.8855697493623,4437.008420991184,16.70866292952454,6676.939829370723,12172.105174082026,3823.3052583561553,17036.512946711555,12261.334076898593,1828.0112819637047,120.97901986485314,4019.322638444759
1909,6,24,1,7448.648866144975,10887.74977568964,8710.124223290059,6871.20954446123,329.34493970081127,3955.0479339252774,100.25525201992683,6009.449194684868,11300.785155042586,3644.756047465315,14777.947386909927,11816.424887200741,1665.266280503346,118.07106787610584,3836.050872261604
1909,6,25,1,6561.698527456676,10262.816463059335,8118.275734275073,5757.588173558418,305.3165314000735,4295.922918424707,100.25525201992683,5085.485578126254,9896.311481110179,3636.105595767274,13772.98454454765,12350.315914838095,1444.919002592442,113.49686396287179,3439.895035930256
1909,6,26,1,7125.040024682016,9581.21980260651,7655.122491923332,5757.588173558418,284.79750851773963,4728.160563440334,183.79447361406113,3805.662521902678,8300.053206230006,3601.3093968022126,12530.825503367194,12439.297752777768,1352.1340930461438,102.68676928568863,3400.9528279763413
1909,6,27,1,7742.114703372171,11042.193196650556,8106.304083422788,5757.588173558418,272.28342097926895,4153.204481800733,183.79447361406113,4332.1650357307835,7512.7566960538425,3736.4119570298376,11867.092280357678,11919.02639421255,1314.9931176091436,103.10219099836334,3166.9750618531457
1909,6,28,1,6807.278321164777,8536.834523512438,10547.772629131603,5757.588173558418,372.8858029731945,3840.0893762785327,183.79447361406113,7581.670090499848,12905.897925251373,3465.2348757095438,13833.323928457641,12109.701761226012,1100.2507505369376,94.78919167102445,2781.9339807086935
1909,6,29,1,5776.26660102726,8352.525222471593,10153.456379180936,5757.588173558418,439.45530777011203,4079.804095916931,183.79447361406113,6501.467234240715,12308.690474363702,3776.942725098148,13564.917703478875,12514.659921644963,1103.9648480806409,95.62003509638198,2592.090716933313
1909,6,30,1,6588.11146093399,8740.167981042909,8556.737446743773,5757.588173558418,353.869830822337,3992.605417247341,33.41732585904908,5179.195230571333,11205.646428639357,3341.795845861313,9701.636631934387,12328.524444322271,1071.145731603547,93.54292653298413,2604.584675318534
1909,7,1,1,7266.278649881253,12281.831780787186,3336.4990925602106,4604.484183617538,146.78208546457876,1448.8207425012574,699.1999543380538,2146.9338908738737,5238.375954464211,3474.4685039266114,8196.273036801866,6880.6568153686,1147.183437680071,43.387830591352355,2714.839801588053
1909,7,2,1,6237.888060547107,11281.529358934198,3274.1716853100847,3068.539798361542,138.26026389625883,1303.8978448997036,0.0,2050.5129284122995,6280.192106958692,3420.135891576037,8967.056649541104,6876.298521265402,1018.000372205513,39.917005007294485,2855.3562686218406
1909,7,3,1,6749.714256219073,8940.22846541322,3059.953957870114,3068.539798361542,135.64182710155058,1295.4882345036638,827.0423868354195,2005.9457700161252,7018.412105792449,2977.116129333083,8204.387643603526,6003.640924900887,956.0087077488098,34.71008187012779,2964.7189692924717
1909,7,4,1,5008.476901157873,10513.403470578925,2863.3195926197104,3068.539798361542,129.08553341292767,980.4136081124367,872.147836221425,1749.6422450193058,6949.554275098623,2729.654893117595,6947.559890127508,5997.466674921313,902.5932321657335,42.954148583615094,2905.41323176259
1909,7,5,1,6004.50660634568,9478.22342849543,2799.346083377198,3068.539798361542,120.570512979164,906.8499288228326,1481.1123334666597,1626.02345395481,7089.7190522153805,2567.434624757907,6730.130041210634,5856.366903331504,859.1045263813285,31.672938293807174,3201.2117530126598
1909,7,6,1,5395.698570958004,10555.338439183945,2784.9801023543064,3068.539798361542,114.01421929054109,800.2846522315176,714.2378328357256,1540.3630031211342,7178.169808742658,2653.550357392189,5736.298774845544,5586.515860110526,831.4176174191668,38.6150459693122,3175.818188242707
1909,7,7,1,5751.365858397811,9904.937304157253,2641.4699377613365,3068.539798361542,105.49919885674174,769.6181506320434,1601.3662448059736,1622.7190448721888,6109.507579985885,2600.870078512019,5487.866966609415,5179.106159258618,814.9405301344013,28.635794717486565,3118.6218203103676
1909,7,8,1,540.9913164926065,8978.583619625277,2541.581475961721,3068.539798361542,100.25552413276893,671.5033077881816,593.942990961509,1530.4497758732712,5853.480789526471,2451.188105310208,5152.047085124494,4740.189623952602,752.2735752152095,38.181363961566866,2722.6282431788727
1909,7,9,1,542.5639949746293,8484.671513784153,2389.3170416828916,1514.8811130458528,98.94290516811883,666.8984337460738,586.4281447661782,1477.6639589896413,5231.687984588258,2206.2539673434944,4599.525588666291,5031.014957544918,684.3393546885808,37.31354343871113,2399.326787561368
1909,7,10,1,4847.579794935071,8491.626581747973,2346.1442757966206,1514.8811130458528,92.39341261405218,574.1477792810822,639.0484403475145,1321.9330899172776,4801.868174115162,1978.9123210323203,4600.461889451218,4688.434881477605,628.3240108249457,36.44572291584733,2214.3512997801813
1909,7,11,1,4876.008982876783,8474.238911838067,2433.686972654717,1514.8811130458528,88.46235685469381,531.2179429098809,646.5714726497814,1253.5572404387724,3995.3555251406688,1932.0638073419611,4470.316080362567,4506.2037092891005,667.8825261176875,39.48286649217601,2214.3512997801813
1909,7,12,1,4124.450131442003,8111.245732374711,2322.5750881807867,1514.8811130458528,83.87159104573225,469.13379004436365,721.7526790310565,1258.471489843719,3460.129541553512,1901.155451836623,4316.554684812725,4365.103937699123,644.8078510143466,32.54075881667098,2022.3986664073193
1909,7,13,1,4388.680278941901,7502.575005130215,2107.908423833984,1514.8811130458528,80.60024533594138,511.28798273826686,608.980869459181,1354.8924523052933,3024.2811385162317,1861.7910368062521,4665.066643602982,4089.1694422926093,601.9539182646519,37.74722544645647,1924.2318505234493
1909,7,14,1,4469.834521115367,7867.818353641047,2008.0199620343683,1514.8811130458528,76.0094795270155,488.2962712089475,458.61027058969484,1100.1987676307997,3001.6739164005867,1591.7803085238975,4225.525441845186,3803.519582947811,563.0504347205263,36.012040908110066,1778.1174410963117
1909,7,15,1,4436.767947906748,8275.91719445889,1740.6032111191166,1514.8811130458528,71.42551485261019,522.0245241662011,676.6472296450511,1083.7614506557766,3249.7881791193927,1424.603039752995,3788.68910902121,3634.3632930687345,499.75545967122594,29.06993323260503,1627.0541260749928
1909,7,16,1,4193.809285001588,6737.415248700868,1888.90203605305,826.6849622778393,70.1128958879601,495.96289660883457,676.6472296450511,1380.4804405858893,3166.8950313622972,1347.6237392492194,4121.804121572505,3502.97888541721,623.711776966125,36.012040908110066,1564.2598157493037
1909,7,17,1,3932.805144644036,7508.404988570654,1778.6132025754384,826.6849622778393,66.18184012860172,489.0637502159778,624.0187479567788,1410.982678271544,3121.209603337003,1307.5789516133746,3431.0222092239924,3680.851763502515,704.1253652395701,31.23925628606991,1490.1073614370614
1909,7,18,1,4147.334619607915,7306.605737209209,1567.1639193953113,826.6849622778393,62.90573362464288,481.39712481609064,624.0187479567788,1335.1507262476493,2512.227557597607,1223.8931211414188,4567.691361982872,3757.9390904522174,526.7873368847713,27.768430702003965,1391.2915087539618
1909,7,19,1,4055.0909778824175,7598.8208721003,1670.2697623613515,826.6849622778393,60.93952563151876,439.23476745184564,639.0484403475145,1284.822034066493,2171.9888647575613,1210.5772572916196,3922.4760878286093,3549.376558057121,476.0257528193026,39.917005007294485,1418.875572721323
1909,7,20,1,3731.683761865642,7121.171351644985,1578.7614561583598,826.6849622778393,58.318368382995125,477.55972978101323,330.80058252022155,1293.8879769340958,2131.2016681906803,1043.3999885207172,4562.281624115034,3621.288410759307,426.57423225106623,30.805574278324574,1361.679204788984
1909,7,21,1,3819.290018324231,7109.511384764107,1568.3610844803643,826.6849622778393,55.042261879036275,453.8005392445895,390.9520965107608,1651.611442235406,2797.455343289535,981.486081423593,5131.032334176555,4297.641176894005,377.7844963360813,33.84271785464519,1331.336734424911
1909,7,22,1,3610.3052431365827,7915.3787448644,1441.6112310808933,826.6849622778393,54.38731262360107,397.839889094705,375.91421801316307,1502.404662890202,2258.555686108619,1215.534257702834,5087.338297552159,4182.055585366302,334.9305635863865,28.2021127097493,1406.138225536383
1909,7,23,1,4381.522575594928,7261.3977954447455,1362.5235126372684,615.6292121164142,51.76615537507743,403.2040774735011,421.0196673990944,1499.1002538075809,2666.4276517778367,1075.0859127179772,5172.02150186713,4144.3745009326185,319.1085080502034,32.10707680892564,1392.0216751530568
1909,7,24,1,3335.7921978706704,8577.33756636056,1569.5582495656677,615.6292121164142,50.45557675081561,378.6774079301211,421.0196673990944,2474.917674431707,2454.8617314792664,744.0554813342483,5078.287389965573,4197.763603696421,296.0338329468962,29.06993323260503,1281.9288080833303
1909,7,25,1,4189.877588796961,8577.33756636056,1569.5582495656677,615.6292121164142,47.834419502256296,303.5542766156528,451.095424394364,267.02167240567667,2354.259593064736,794.2183815742205,5061.850109521116,4145.191681077105,294.0552318917771,33.40857933952672,1304.4828368566448
1909,7,26,1,3965.166028790375,7145.514089517994,1306.1819308131592,615.6292121164142,46.52384087799447,350.31334335166366,428.54269970143537,1388.6990990734569,2018.4481478890998,700.5893914538793,5081.928559684321,3866.624049649899,294.0552318917771,27.334292186885495,1225.462606550148
1909,7,27,1,3458.884532894209,6030.146205028832,1299.7471684800596,615.6292121164142,45.86821150913218,347.2515919938844,593.942990961509,1153.8318688945772,2183.5750660917256,575.1870006584071,4497.676869963075,3365.4202277861123,272.95240493892015,26.90061017914823,1198.6087089818818
1909,7,28,1,3357.8701842505657,6775.668122501514,1378.9097097415315,615.6292121164142,43.90268362943516,328.84842516606307,315.7708901295599,1181.7922534396764,1795.861206809048,530.8753048253989,4123.5726897215945,3266.4506325267166,242.62511026845524,31.672938293807174,1220.5137009559662
1909,7,29,1,3160.7813104001048,6137.949758467667,1167.4604265611533,615.6292121164142,43.24773437403563,334.2207782152011,353.3614933201603,883.4634231872382,1821.4827252066846,611.9659997879763,3504.7819043829127,3049.9886920697104,238.0128764096345,32.97489733178945,1796.4527306746015
1909,7,30,1,3222.2770715504357,6733.9377147186,1360.1291824666612,447.1406606054201,41.281526380911515,308.91846499452305,285.69513313429024,941.1634894757022,1675.854536078628,332.74108250593423,3512.064243820409,2837.9758435096032,226.14127007905432,32.97489733178945,1795.8036938753717
1909,7,31,1,3853.163093318437,4954.156278863697,1170.2288708207457,447.1406606054201,40.62657712547631,351.8483013657243,270.6572546366184,693.1125143416612,1731.2422302618675,590.2329548477918,3626.709073249335,2611.889336908012,218.23361876328045,38.181363961566866,1692.0389355981517
1909,8,1,1,4168.102040586124,6573.664310317962,406.2804185209666,1078.809686706303,20.722376804841048,212.78763703049094,3.4064846920106993,409.27224698981627,716.0460818084816,580.7077383712675,1521.0726416331904,2060.3835372702943,216.4913693700273,17.285195306445857,1496.5165998294333
1909,8,2,1,3631.879165900809,4867.217929316317,393.50068123608355,1078.809686706303,20.129997987124167,105.6508335190928,54.5039187943106,397.2577544792452,349.1968046032489,470.0985919402572,1505.5716619736597,1852.819780607086,213.81046623394568,16.892142455224146,1389.0198799566265
1909,8,3,1,3309.9841407319004,8217.719640467343,246.32419856965578,297.1331475148413,18.9459204651435,34.559416392558,0.0,379.7698048728121,195.03438912658163,459.0376772971562,1301.9782579877958,1684.934659841506,185.65760685268762,15.320844065067439,1228.139883346994
1909,8,4,1,3509.1900817696337,7762.469530071795,251.943392188373,297.1331475148413,18.9459204651435,29.129094184400206,0.0,380.8628017232633,795.9155136076771,424.93157054614636,1078.8265709415716,1667.864674604189,174.26545675047458,18.07084450152421,1116.2621650793087
1909,8,5,1,3732.288638205047,7909.651041835373,459.9358611850653,297.1331475148413,18.354221760879785,20.735813128940528,8.516007077352606,343.70090880971924,411.4231834763691,338.2812594361749,958.9176504334881,1654.9713878823322,164.21038176396792,14.92779121383766,1046.57183876181
1909,8,6,1,3243.8509943146614,6453.893948764729,598.4328969835296,297.1331475148413,18.354221760879785,23.20399295682523,13.62577504590347,423.4812060450081,1477.5703587728797,435.0691223675406,1113.8858336616574,1632.9983217787692,166.2227473421963,11.785194433532311,1003.5731508126627
1909,8,7,1,3266.1306061411683,7733.728734515963,458.40199341970015,297.1331475148413,17.17014423889912,130.34079646820024,0.0,469.38707376182487,291.61432593962155,303.2615094721483,1279.1949388907688,1787.0821778844738,178.2834350022961,5.10694802169036,952.4615028731113
1909,8,8,1,2858.948017147985,5927.558952562681,446.64732873897213,297.1331475148413,17.17014423889912,98.2454775683697,37.471086028908736,554.6238824054269,846.9984159131147,456.26758883203587,1158.3081042298422,1772.4637330801113,213.81046623394568,3.535558330060557,889.4238037477035
1909,8,9,1,3067.7311668894513,6614.883316044533,457.8931982582394,297.1331475148413,16.577765421182203,75.04311754560634,0.0,380.31206687617856,61.295714896135834,424.93157054614636,1132.507815937286,1425.43456511573,184.32053173694766,3.535558330060557,859.0813333836306
1909,8,10,1,3364.927074874663,6425.255433619593,363.86336309465105,674.1480939050596,16.577765421182203,110.10057882574097,10.219535937101801,292.88926453178647,469.93821005229904,341.0513479012952,1544.7922615151444,1192.7198195655562,161.52947862788633,2.749863484245664,861.271832581039
1909,8,11,1,2278.8716078715074,6957.829534906294,336.2687078797938,674.1480939050596,16.577765421182203,90.35024140046413,10.219535937101801,308.7334824406836,1015.064272991073,341.0513479012952,2539.8719289264777,1143.325819729643,163.54184420611475,2.749863484245664,853.8890389897302
1909,8,12,1,3317.1418440793036,7151.241792547021,459.9358611850653,674.1480939050596,18.354221760879785,103.18510309227439,10.219535937101801,243.16214426058662,643.6087742797783,356.71935704424,1311.2372324153257,1493.532910477596,157.51150037606484,3.1427337325219367,844.9647830003042
1909,8,13,1,3733.90164177622,6836.831808418986,469.1390677777573,674.1480939050596,18.354221760879785,91.8280467225016,10.219535937101801,215.29496099728775,678.8948801317257,365.9335460439275,2007.7409828931884,1493.532910477596,157.51150037606484,1.5713440408921422,746.3923191169232
1909,8,14,1,2291.674823717586,7318.367984500783,517.1753168230897,674.1480939050596,17.17014423889912,211.30983170845346,10.219535937101801,277.03657377905864,901.7926705159459,270.07876554284525,1770.0246169719708,1430.3376459818073,134.05190970911673,3.9283829275991775,750.0918288725272
1909,8,15,1,2539.472497336266,6702.128506825431,519.7267749108752,674.1480939050596,17.17014423889912,241.4211357284543,30.658607811305327,0.0,0.0,336.4442534014514,1406.323778783696,1409.2725578164318,121.31593158652848,1.1785194433535218,781.2293693157228
1909,8,16,1,2832.6358963935454,5631.8662836900385,484.9790583118865,674.1480939050596,15.98538660346529,241.9191806159787,22.141782123256075,363.37485211683014,330.621203764871,336.4442534014514,1630.619833455985,1749.7642846260994,143.43169423313498,2.3570388867070435,747.8688778351972
1909,8,17,1,2703.5956107009833,4342.110298049061,355.6852291061141,706.3246658040878,15.393687899201574,220.69103786873845,22.141782123256075,468.8363389147401,543.2986458175997,336.4442534014514,1416.6230874167215,1735.2366376154375,138.06988796093822,0.0,698.9558420530346
1909,8,18,1,2854.209819157771,6007.337673324134,272.89378118005834,706.3246658040878,15.393687899201574,174.7729321723167,0.0,313.1054698422638,454.1414135990119,377.91782350873524,1169.751780488543,1598.9491490978362,125.33390983834997,1.5713440408921422,744.9076474386687
1909,8,19,1,2340.2665562985326,5434.771931244936,406.2804185209666,706.3246658040878,15.393687899201574,140.2118828456677,28.955078951556132,293.43152653515295,808.9146663242595,346.5818052228457,1098.3848540019321,1492.8065281271474,121.98446914438163,1.1785194433535218,733.7928922518342
1909,8,20,1,2855.8228227289437,6462.690064130377,424.16307198167107,706.3246658040878,17.17014423889912,122.43739563002683,18.735543014454333,277.58730862625583,808.9146663242595,344.7350795794321,1361.9015082155113,1317.6575838562362,123.99683472261003,1.9642142891684229,675.971826400268
1909,8,21,1,3082.0465735833977,7900.854926469725,477.30971948455965,706.3246658040878,18.9459204651435,137.74615241892337,22.141782123256075,240.97615055968416,528.4438169523205,301.4147838287348,1283.3562757121674,1235.7579738343259,115.28558775647858,0.7856948458148988,637.4352664458029
1909,8,22,1,3186.488554815569,7290.956834290438,479.35986469312013,706.3246658040878,18.9459204651435,124.9112907271131,22.141782123256075,276.4943117758046,417.9227598347619,230.44220147028489,1593.3758689045333,1273.8022494431484,111.26085660002178,0.3928382927599178,649.2883009918357
1909,8,23,1,2419.9086076245612,5845.223221520234,444.60466581214627,706.3246658040878,17.76184294316287,127.37702115385746,23.84531098300527,409.27224698981627,589.7376479133412,259.9314941127609,1284.3966099174684,1246.290517916929,99.19341603532028,0.0,625.574118939851
1909,8,24,1,2889.9983358926374,6747.029607356377,303.0473767644357,659.2363547503917,16.577765421182203,125.40117094429557,23.84531098300527,332.7794131494871,589.7376479133412,151.16907332516413,2095.545189824062,1247.1076980612472,111.92939415790853,0.0,623.351167902521
1909,8,25,1,2732.226424089307,4661.429741916262,287.207386230557,659.2363547503917,16.577765421182203,133.7944519997996,23.84531098300527,296.7105170862819,0.0,201.86655204082555,1367.1031792424058,1204.0695437924776,112.60468462039702,0.0,675.233547041131
1909,8,26,1,2620.727552233038,6374.115228003277,549.3715753340423,659.2363547503917,15.98538660346529,181.68024323544134,23.84531098300527,260.0993590198226,793.1272895468809,201.86655204082555,1189.3100635490982,1101.9220257496784,103.21814719177708,0.3928382927599178,634.4659230893553
1909,8,27,1,3105.1326871954907,4920.915145212911,565.2115658681715,659.2363547503917,15.98538660346529,224.6345736175203,23.84531098300527,371.56809207301814,435.57523243654254,201.86655204082555,1126.265810705285,1033.0065002433257,97.85634091958035,0.0,628.5353493363795
1909,8,28,1,2929.9201742787427,6480.077734040283,531.9977170345479,659.2363547503917,15.393687899201574,185.14206343730854,1221.2034372771277,324.57770034958077,433.7101366121405,201.86655204082555,1226.5540281003553,1045.9905847590521,89.14509395344889,0.7856948458148988,619.6435451868751
1909,8,29,1,3050.189753053158,7202.381998163337,477.30971948455965,659.2363547503917,15.393687899201574,138.23603263610585,1221.2034372771277,280.3155643303,541.442969668903,166.83708246810892,1469.3680316277037,917.8748976848002,85.1203627969921,0.3928382927599178,595.1829708158343
1909,8,30,1,3038.2938517159714,5081.802232082021,493.15719230042345,659.2363547503917,14.801309081484659,128.85482647589492,1221.2034372771277,276.4943117758046,0.0,221.2182928619073,1462.1897256107761,1007.0383312120417,72.38438467440383,0.7856948458148988,610.7517410373706
1909,8,31,1,3102.813994562037,5610.694238564346,305.60631713420634,168.29466364958313,14.209610377220908,121.9475154127703,0.0,305.9967538928087,646.387578664666,226.74875018345782,1392.9034675347673,946.2946071492072,65.01426456678004,0.0,527.7318214556266
1909,9,1,1,3254.9403938662617,7093.35107978971,312.6172151646287,602.1804450066371,11.506159400843508,64.79727280198883,77.5715496154282,252.64325647443283,249.1975254452388,0.0,732.9882710590048,507.4870291956654,81.76416919842207,0.8593294856556661,434.9520110053705
1909,9,2,1,2965.70869101361,6572.846067028101,369.6396846308462,602.1804450066371,11.506159400843508,68.07865379049974,55.16208179442506,223.87795176822684,61.25144241949276,0.9227504863548894,534.0347576290796,598.4573388198105,77.84073161136038,0.429655612680301,421.4358196613917
1909,9,3,1,3137.0903204490364,7458.0830262442,362.13495600293345,602.1804450066371,11.026679416353938,71.08570185735361,117.21686565469103,206.39847500562436,160.7185098902554,0.0,413.6160733605192,598.4573388198105,77.84073161136038,1.2889485777458387,415.64316622820525
1909,9,4,1,3137.0903204490364,5888.9992375278,423.1604462229705,602.1804450066371,10.547199431864367,73.27301702735133,60.333245565225496,202.45012979411803,124.59405288467975,4.613703833731201,356.02317175265483,720.5349726053772,72.27633820040703,1.718613320573672,395.06058673258286
1909,9,5,1,3137.0903204490364,6451.234658072322,472.67818706102474,602.1804450066371,10.547199431864367,72.17976767586683,86.19152025127937,206.39847500562436,47.11627679170488,0.0,695.5882563768942,357.4799940324176,74.24143344625551,0.429655612680301,455.53459050105425
1909,9,6,1,3137.0903204490364,5791.4237252122275,497.6839727789223,602.1804450066371,10.067719447374797,74.3670828458575,77.5715496154282,217.1166224145941,0.0,0.0,552.7295632991453,257.73861752572253,71.62805935642616,1.2889485777458387,404.7068961611851
1909,9,7,1,3059.5653363102797,7080.668308796863,359.1345610078146,602.1804450066371,9.58823946288519,76.00736510660309,89.63787128418818,191.1727746942328,58.63371449202221,23.068519168655946,590.1295779812559,616.0085523645507,71.29716702980043,0.429655612680301,421.4358196613917
1909,9,8,1,2730.8150459643152,6199.215724795835,352.1311452593774,470.6099049132337,9.58823946288519,86.1209421915666,89.63787128418818,193.4265511454437,45.02228284324599,0.0,968.5927585432939,539.4115335014052,65.4113353587242,2.1482780634015053,358.38189461596164
1909,9,9,1,2480.2954288193887,6993.320837604554,371.1361409875384,470.6099049132337,9.58823946288519,15.311206189983933,89.63787128418818,217.1166224145941,162.29159576246684,32.29631562046436,474.9437747655272,335.93367755995644,65.73885123304909,0.429655612680301,476.77431975588684
1909,9,10,1,2589.07235714941,6528.558648964192,438.66373407678765,470.6099049132337,9.10875947839562,22.692884596833224,51.71491215079043,235.15530686811204,168.04701772606697,0.0,318.62315707054427,516.2671758576868,63.12210069088529,1.2889485777458387,368.03631700454423
1909,9,11,1,2883.2438834384575,6705.810601629805,524.1936971352466,470.6099049132337,9.10875947839562,73.54653348197961,53.438087667259424,247.56802303737723,85.33284381056276,0.0,91.99779411276585,524.2483019341639,67.37372944273875,1.718613320573672,444.59832043397273
1909,9,12,1,3331.5580634961266,6253.731183983006,431.15900544862427,470.6099049132337,9.10875947839562,97.87806740542729,49.990918023624715,235.15530686811204,47.64001077071654,0.9227504863548894,269.2592990270823,516.2671758576868,66.06569181687348,0.8593294856556661,418.2230875051639
1909,9,13,1,2840.3984760799235,6066.251190193413,348.12812450555793,470.6099049132337,9.10875947839562,69.99245250586911,112.05143215875883,213.16827720308777,94.23443751858596,21.22276548612139,233.35736560065973,517.865217028944,72.60723052703275,0.429655612680301,368.03631700454423
1909,9,14,1,3225.200640523294,6645.05603735798,273.10328506988,470.6099049132337,9.58823946288519,57.689110849767815,65.5052279467225,238.5444443887029,27.22286329755243,5.536483478912042,258.04449629347755,564.1448525369094,70.31799585919384,0.429655612680301,425.29758861678783
1909,9,15,1,3724.6268712419746,6848.900896944078,372.138766746239,568.2324431016172,9.58823946288519,56.868561485882886,75.84837409901081,225.00483999377607,160.1910080408911,22.146128307821133,213.9135193026526,502.7019854617028,68.68379293997107,1.2889485777458387,354.52012566056544
1909,9,16,1,2951.6957224895805,7094.578444724501,194.07542488076692,568.2324431016172,9.58823946288519,55.77531213439838,81.0195378698131,239.1036520796184,81.66858989265708,0.0,91.99779411276585,466.7914580073757,61.15970660690436,0.429655612680301,415.0022423889558
1909,9,17,1,2269.3952118910797,6783.032312110263,214.5768769654805,568.2324431016172,9.58823946288519,86.1209421915666,55.16208179442506,233.46921095153493,25.652603328105222,42.446502933107595,266.2735398576853,513.8701141010542,60.17850956489709,1.2889485777458387,346.80470070969204
1909,9,18,1,2767.914128100868,6258.742924132867,392.64770111282667,568.2324431016172,9.58823946288519,63.704023450504316,62.05723969239114,235.15530686811204,0.0,0.0,277.48834259129,579.3080841041508,55.926880813043624,2.1482780634015053,351.30739350433765
1909,9,19,1,2658.3306979856898,4072.908255685491,477.17503841258514,568.2324431016172,10.067719447374797,131.50834431931847,12.066321668766426,186.09754125706482,0.0,0.0,309.6554762205689,455.62332936802426,54.94568377103635,1.2889485777458387,416.29220302743505
1909,9,20,1,3248.2867541353876,4536.443079390345,367.1331202337189,568.2324431016172,9.58823946288519,115.37495583136848,87.91878882123885,191.73198238514829,162.29159576246684,0.0,252.81161524045118,469.9875403497213,53.3101302708798,1.718613320573672,402.13508784420685
1909,9,21,1,1920.7848150753687,7724.0120954483245,358.63324812858957,568.2324431016172,10.067719447374797,126.31561401651766,65.5052279467225,214.85437311955252,0.0,28.604808255395028,344.8083690190501,454.82430878248005,54.61884318721197,0.0,399.5632795272286
1909,9,22,1,2172.110934005882,8159.726647298619,241.5879142011799,649.2246906370933,10.547199431864367,88.85610673789094,20.68547369389814,239.1036520796184,227.7300841112741,0.9227504863548894,274.49218007991396,486.7397333087485,52.32893322890616,1.718613320573672,364.8154718883361
1909,9,23,1,2147.4118168226155,8217.924201290167,277.6001364214404,649.2246906370933,10.547199431864367,56.04882858902666,51.71491215079043,243.61967782575852,0.0,7.381945573187222,407.6341516797461,403.75962954038306,50.69405501918289,0.8593294856556661,384.11620370552095
1909,9,24,1,3117.331026702165,9424.833053832353,277.6001364214404,649.2246906370933,10.067719447374797,74.91329928804373,43.09576012565864,227.2670892888177,171.71127164397285,0.0,375.4670180506619,374.23218699144473,49.385342102884344,1.718613320573672,353.2382779820665
1909,9,25,1,1351.3945544576984,6451.234658072322,412.6553225999388,649.2246906370933,9.10875947839562,42.651421114412166,49.990918023624715,200.19635334290712,118.31112907171531,35.06446016383385,356.02317175265483,318.3733842359137,43.825675725199225,0.8593294856556661,371.249049160772
1909,9,26,1,2738.275187481206,1377.921700122431,410.1562404845461,649.2246906370933,9.10875947839562,36.089475604419015,55.16208179442506,188.35131770827573,149.72574813653776,50.75093656321616,350.7902906998231,244.17342712956966,220.11092624900445,2.1482780634015053,369.3181646830432
1909,9,27,1,2228.9693098888756,2235.2361070725588,299.11169654672875,649.2246906370933,8.629959607359213,45.93280210292309,63.78123381955686,199.62867280816096,0.0,0.0,309.6554762205689,90.16674914887581,47.09610743504542,2.577942806229338,407.278704478102
1909,9,28,1,2165.558106997884,4375.555992521952,228.08239558333005,649.2246906370933,8.629959607359213,49.760399533661875,20.68547369389814,209.21993199158143,148.1526622643263,0.0,373.9689367947792,215.4450051663444,44.80687276720649,0.429655612680301,363.53362420989856
1909,9,29,1,1882.8792311532297,7378.304305482747,165.5604490067365,1237.8858638571753,8.629959607359213,63.704023450504316,132.73772446336997,175.94707438284127,173.8024396896671,15.686476399382311,366.49933720049194,334.335636388868,41.53644105736031,2.577942806229338,339.72208663802627
1909,9,30,1,2404.484260975111,7573.353049703196,176.06557262970648,1237.8858638571753,9.10875947839562,63.704023450504316,132.73772446336997,235.15530686811204,0.0,0.0,278.23738321903664,430.09098974697577,35.9760993892083,1.718613320573672,365.4563957275856
1909,10,1,1,2339.258429066764,9916.49499062672,292.10828079804094,502.75122447376015,7.381271307326807,253.40687171040756,53.24243971075769,436.2074174349976,210.85944460746285,241.12405137605842,566.7532683871408,460.7080058218404,39.289074398199766,10.016684856696976,462.72267305252655
1909,10,2,1,1605.442616914459,7121.069071233574,482.32284827906483,502.75122447376015,6.710135351732026,79.26751795231351,53.24243971075769,387.6834409834861,104.10625784240428,194.92675146510294,631.5556860380646,546.8206334767584,41.953095272709874,7.740082569747026,468.37740616586206
1909,10,3,1,1676.3139613223414,2466.185275635483,324.7160648074034,502.75122447376015,6.710135351732026,68.0329316368902,53.24243971075769,414.47457308399515,78.90579895661136,194.92675146510294,562.1862012256394,535.044159618904,47.94629812731601,8.650814785999858,285.4058195022889
1909,10,4,1,2246.4099110022926,2176.015748969044,298.2213050145483,502.75122447376015,6.710135351732026,140.43232894341836,0.0,352.8092158963634,44.426017359946734,194.92675146510294,561.2811104670392,473.95540393953473,62.59604942060512,7.740082569747026,573.6430620412973
1909,10,5,1,864.6001579555638,6419.732291412672,294.8243490852405,502.75122447376015,6.710135351732026,131.07561679408508,22.18434987948241,352.8092158963634,62.99219852239501,175.76940281702997,523.8602891007758,381.22361711533637,77.24647600436113,5.463936790168224,433.05357836762465
1909,10,6,1,1866.95082088811,6910.371424095069,297.5478996541746,502.75122447376015,6.710135351732026,134.19452084388752,24.402784867430647,312.368332431578,184.33363732519095,135.773213224409,627.9041129773371,348.10966171066724,75.91615379325648,7.740082569747026,433.05357836762465
1909,10,7,1,3032.144275600766,8330.841775290275,260.8622720733962,502.75122447376015,6.710135351732026,116.71396175855612,19.96591489153418,273.4525608510361,0.0,190.41685305170694,622.4215517150619,465.86532051058316,67.92071471735811,9.10640914781701,405.5019662402463
1909,10,8,1,2062.62831661358,9128.117580847027,235.72928756529274,604.965379742412,7.381271307326807,137.9339398355285,24.402784867430647,160.22994913095502,168.42380476132723,100.27720243659898,538.4665813438801,413.611190169388,61.26437662856671,6.374212499049118,411.8625268726743
1909,10,9,1,1748.1934329615624,9323.575446712408,425.2554851219386,604.965379742412,8.051863172159013,109.84747404677074,133.1060992768274,161.7465881714801,116.70036449597788,130.69957750936683,354.10895681488535,474.69086606945484,59.26686744050908,7.284944715306583,417.5172599860099
1909,10,10,1,2433.115074363004,1033.1344338581255,292.7891684403998,604.965379742412,8.051863172159013,137.9339398355285,266.2121985537288,147.0885683948347,0.0,130.69957750936683,884.3568979365368,474.69086606945484,55.93701016997977,7.284944715306583,387.1342248219736
1909,10,11,1,1838.0175693302992,1733.2438487442357,260.8622720733962,604.965379742412,9.39440712872986,141.68152349743733,26.62121985537888,117.26415821338789,117.36916148356472,130.69957750936683,626.9886188765632,444.5187591844658,52.60715289945046,6.829806860866132,387.1342248219736
1909,10,12,1,1989.7407177421608,4903.42519489231,233.00573699637462,604.965379742412,8.723135150444419,117.34264137066249,42.150264771016516,168.82141274572479,116.70036449597788,130.69957750936683,610.5617417740849,376.8108443358161,51.94131650343125,6.374212499049118,387.1342248219736
1909,10,13,1,2916.310456647077,4179.279883366711,239.11876121287494,604.965379742412,9.39440712872986,99.86208228533111,0.0,138.49710478006497,435.64117016769904,48.449333235021314,616.0338996943811,194.28911920709953,47.94629812731601,5.463936790168224,368.7664834037009
1909,10,14,1,4136.34603277919,6938.191695950345,258.8196091468208,604.965379742412,10.064998993562066,119.21235086644595,0.0,239.07823354823867,0.0,159.99447797894734,646.1515749389949,367.2407568677219,47.94629812731601,13.204019359908365,408.33338927690426
1909,10,15,1,3273.691560380935,7287.58158071958,190.21456748087206,496.42342972622697,10.064998993562066,139.81181400157982,28.83965484332711,118.27242662575694,214.17517051771415,134.64573862111664,187.09370348904574,384.174545414319,44.6164408567867,8.195676931563911,324.9646124155119
1909,10,16,1,2547.8399533616193,6417.175281132394,370.911672533997,496.42342972622697,10.064998993562066,76.1469809684723,28.83965484332711,191.57099835292695,122.67243900485255,105.91457545329254,223.59903075443754,329.71402868353255,41.953095272709874,6.374212499049118,397.02392305023324
1909,10,17,1,2318.2893826415134,7181.619074683293,267.6561839320117,496.42342972622697,10.064998993562066,28.087282255726453,8.873739951792935,191.57099835292695,0.0,105.91457545329254,146.93680316277153,395.9510192723422,43.950604460767494,8.650814785999858,415.391664468506
1909,10,18,1,1846.9899016950574,7153.901083239427,201.07884062941363,496.42342972622697,10.736270971847471,73.65022479462975,51.02400472280946,226.4452234400497,261.914087885175,105.91457545329254,156.97602824434014,342.9614268013958,47.94629812731601,6.374212499049118,400.5611736060452
1909,10,19,1,2292.2797000569913,7309.0604670787925,212.63148370196762,496.42342972622697,10.736270971847471,156.03501386269843,19.96591489153418,150.62174425998552,0.0,0.0,231.8072676346872,331.18495294337265,54.60533737794136,6.374212499049118,402.67865616356875
1909,10,20,1,2098.6184587950584,7044.154201986635,174.5840808367236,496.42342972622697,10.736270971847471,73.65022479462975,0.0,92.49803578148438,141.23862016730084,77.1814683637244,135.98208398050028,261.2615719258292,53.93950098192215,11.838149289211245,404.0903112018768
1909,10,21,1,2129.5679648164055,6501.658900810189,169.83283190468234,496.42342972622697,10.064998993562066,39.94564938116382,37.713394795120045,124.8473534157886,299.0464502101138,110.98821116831671,172.48741124601747,393.00009097319065,49.94380731537363,5.463936790168224,388.5458798602817
1909,10,22,1,2039.7438284480982,6595.040916265044,171.86801254958823,365.2054130169391,12.078134814965118,17.476476750205624,0.0,120.80580692236937,55.03539830528704,72.67448583296444,161.5430954057998,407.718413350894,53.93950098192215,13.204019359908365,392.08313041609364
1909,10,23,1,1816.0403956732803,7628.175350123886,345.7786880258595,365.2054130169391,15.43313447948582,25.590526081835815,42.150264771016516,195.61254484623382,59.01426939763513,63.09775543064002,146.93680316277153,347.37419958074724,53.27366458590294,10.472279218514128,409.7450443152123
1909,10,24,1,2877.39674549317,8918.647298643313,214.6666643468735,365.2054130169391,34.892540601777746,28.711063065684723,0.0,164.27149562437427,21.881907072738382,63.09775543064002,167.01525332590853,388.5873181938393,55.27117377396056,11.838149289211245,361.7000952520573
1909,10,25,1,2214.452277748747,5729.646356827719,160.32285175881688,365.2054130169391,36.23508455832123,25.590526081835815,108.70331440945345,129.39727053713915,199.5840925773491,63.09775543064002,167.01525332590853,509.2848255132665,281.01537306107076,11.382554927394095,361.7000952520573
1909,10,26,1,2116.5631235241444,7861.579248556395,172.54890019181772,365.2054130169391,26.840677429618697,31.207819239575365,259.55689358987263,149.1051052195728,196.268366667059,64.78702341391815,183.44213042828878,465.86532051058316,203.10711240345816,15.93575950131067,371.59790644035877
1909,10,27,1,2323.2292060783384,7658.450351848746,170.5137195469119,365.2054130169391,22.143813921980385,43.69078364199971,155.29044915637266,78.34499749538095,80.23208932072733,161.68568988388589,189.8297824491002,350.31604810042734,123.86177663013923,17.30162957200779,432.34775084847064
1909,10,28,1,2113.5387418284095,6709.799537667698,174.5840808367236,365.2054130169391,18.78813414400652,31.831600049533627,527.9875271316523,92.49803578148438,158.4766270304569,86.75917072691375,201.69999573205237,397.4219435320134,99.2204276538279,26.86317657426882,409.03921679605827
1909,10,29,1,2776.483209572832,7205.552690911369,164.39321304862864,428.3335380548783,18.11754227917428,23.71755071790344,388.2261228908946,86.93985024766985,208.8718929964531,101.96841434160707,188.0091975897484,608.6357715065764,82.57451775341495,20.033826220775158,392.08313041609364
1909,10,30,1,1923.9100094944092,7288.808945654373,320.6382212357368,428.3335380548783,18.11754227917428,26.838904168781134,199.65914891531511,118.27242662575694,213.5063735300375,108.16952465996992,156.97602824434014,529.1513828002412,101.21928742278568,25.952444358007646,391.37730289693957
1909,10,31,1,2600.7666330399857,9490.087956198415,177.9810367660885,428.3335380548783,17.446270300888873,26.214306891794077,86.51896452990817,37.40336896192761,196.93716365464584,108.16952465996992,149.672882122826,520.3258372413696,122.53145441900098,31.416381148177326,401.2670011252607
1909,11,1,1,2083.6981757617064,3532.867684377912,448.6899916655475,78.71847170706309,11.55104688875318,20.917885276349864,24.79817383391736,342.06564995601394,127.19388342797552,192.08862573949187,431.7074851915182,627.703308208007,39.93735324218063,5.765231658704526,340.78488439680893
1909,11,2,1,2802.7953303272716,2256.919554253877,394.7128108848564,78.71847170706309,27.858127155571058,95.77974714162535,20.922870795929498,208.0506795468787,375.56247739562707,318.7545656593512,325.45815279963296,698.0806781947285,38.627965035415194,11.087194654757361,349.28726646670174
1909,11,3,1,2432.4093853007234,3029.648061114797,432.4384756335096,78.71847170706309,84.25245457952745,57.24821865424752,12.398677611610358,190.24076187611527,167.58545360787315,263.39167479193213,367.5708814319247,668.6167941014144,36.664220370466865,7.982944494082356,340.78488439680893
1909,11,4,1,3088.8010260375777,2872.033947405849,352.34064914919907,78.71847170706309,65.90843452042449,40.184057753556246,23.247725174443573,170.56681856889202,563.7770211840137,210.54616256482385,357.0426992739978,660.4359128785934,39.93735324218063,7.982944494082356,315.934887946218
1909,11,5,1,2621.5340540186244,2716.465441920837,401.67881522462056,78.71847170706309,44.16520742238658,39.632942509155896,13.949126271084145,227.258616444987,0.0,170.28754353870335,642.2919350371296,624.4255078512633,39.282996784031354,6.208956828730723,316.58392474544786
1909,11,6,1,1977.9456291278498,3547.0846615397854,513.1199200968774,222.70664801136198,36.01200734567485,31.927126691896355,34.871997067013645,162.1278661425129,386.7342129910352,144.2778707926654,468.0775690103067,570.4099003101836,37.31857682864975,6.652225491380339,334.90298840377676
1909,11,7,1,2946.755899052755,4888.083133207774,473.0747479954642,222.70664801136198,24.460960456953416,30.825712670124446,34.871997067013645,252.5670008802937,0.0,173.6408085227367,285.2492357631317,484.4788682428356,40.592384990796795,6.208956828730723,259.67962337277146
1909,11,8,1,1707.5659055131762,3745.304098508267,495.1325146911368,222.70664801136198,20.383680305159046,33.57802302401105,24.79817383391736,217.88765120049032,382.4388407891418,215.58091984521894,339.8147648334883,522.1236335588019,38.627965035415194,7.982944494082356,441.5235085975959
1909,11,9,1,2409.9281480280347,4014.7107016939444,458.559121337129,222.70664801136198,19.70424696543552,69.90835640190878,29.447063980248714,161.66185973339793,393.6105763845499,178.67556580313178,321.62972292409404,545.8581768622493,39.282996784031354,7.095950661406536,321.8167839392501
1909,11,10,1,2957.542860434868,2403.3851031390054,493.96527873302216,222.70664801136198,21.743227098059304,49.54158636995926,30.22228830998557,154.1633929690794,0.0,174.4766948665725,204.8418050321082,529.4964144167761,60.23388338281247,4.878237826028705,433.67016332687155
1909,11,11,1,2272.8228444796077,2910.6959428514256,438.82834427595105,222.70664801136198,25.140393796676946,55.59650585510404,26.34780388269443,212.27015576006826,462.3647906435853,148.4767417292247,291.9489880455197,536.8601154951102,117.19665976534547,6.208956828730723,478.8025597535032
1909,11,12,1,2460.8385732424354,3794.194135077107,365.1054218706128,222.70664801136198,22.422660437782834,47.33957479344422,31.77191835876271,158.38286918226896,0.0,159.382142633964,708.3427537344925,513.9427523359809,86.42367338962273,8.426213156731464,500.3911462879841
1909,11,13,1,2390.3704797277755,4199.838246024649,468.42825100846005,136.90245628051048,20.383680305159046,41.834954085670944,22.47331945540329,184.6232664356932,439.16412894753154,140.92460580863204,489.1443366685289,477.93234730865066,87.07870513823889,8.426213156731464,442.82969515603594
1909,11,14,1,1849.6110324979988,3545.0390533151326,341.311765801488,136.90245628051048,19.02481362571199,22.018482831092992,23.247725174443573,224.92011155580627,307.6748733175346,209.71027622098802,522.6430980806632,349.4534690590902,115.88659626811314,28.38380264562033,397.0401489702555
1909,11,15,1,2127.7533357990505,2398.2710825770155,294.86924277589867,136.90245628051048,17.665946946264935,112.29687513305348,39.52170582404172,172.43931704907016,0.0,168.6060512423416,420.2221955645118,381.3688935855274,85.1136098923904,20.844126814188343,405.5425310401483
1909,11,16,1,2988.8956173490087,2694.168312272481,360.46640716534324,136.90245628051048,18.345380285988462,176.14459678057574,43.39619025133286,166.34734235570244,378.1434685870452,145.95936308902714,380.0132785280105,386.2810542309073,81.83845114930958,17.296151483489837,419.93492206317643
1909,11,17,1,2442.289032174374,6489.282971050862,359.882789186286,136.90245628051048,18.345380285988462,154.6796785949751,192.95472730969425,167.27935517393234,405.6489221611041,167.77016489850578,469.9917839480762,507.39623140196494,68.74456908158797,16.85288282083606,410.1263534347821
1909,11,18,1,2468.7019656516895,3439.3833885116446,224.63306368148594,136.90245628051048,16.986513606541408,168.99234560882283,192.95472730969425,103.0890905334177,326.580162811695,178.67556580313178,233.56543244160312,437.83604155956135,73.32979132190113,13.748176152783259,339.47869783830737
1909,11,19,1,2336.4356728172115,4240.4435692841835,198.51241797793315,136.90245628051048,16.986513606541408,154.1326456856954,172.03922400998368,169.6263329069438,0.0,182.86471713111428,241.2222921930705,504.9446909688418,83.80354639515807,14.635169985455867,384.611094264939
1909,11,20,1,2407.0045790551762,16365.888601297214,220.57018467345694,8.610736184132223,16.307080266817877,187.15873699828376,131.73901941346324,144.32642131546777,321.41818042865555,193.7701180358536,357.0426992739978,288.8913405839945,126.36035134133645,15.522163818136548,333.58868888529486
1909,11,21,1,1859.3898666483435,14144.35806932947,171.23201859805494,8.610736184132223,16.307080266817877,177.24682726940296,162.73980649591851,121.36501461328486,329.16115400331637,200.47664800392033,457.5493868521851,263.5224369917421,96.89742846284605,12.86118232011065,333.58868888529486
1909,11,22,1,2848.7659321052765,6955.886207093053,207.22179397304498,8.610736184132223,16.307080266817877,188.260967487111,518.4261541946693,175.71830760019913,312.8274360246656,192.08862573949187,260.3644415713495,275.7982987156248,87.73373688685507,15.078895155482773,295.6524879701772
1909,11,23,1,1692.8472479264362,5521.403439558797,403.41470459832334,8.610736184132223,16.307080266817877,146.42519693439496,378.1653974289582,182.74229511168434,0.0,203.83963259664378,320.6726154550145,288.07416043967646,91.65717447391674,17.296151483489837,295.6524879701772
1909,11,24,1,1036.455607189582,5485.8098564498405,321.5735064585754,8.610736184132223,16.307080266817877,92.48122034548564,173.58639822668252,145.25843413369768,342.0472706091997,196.28749667605115,365.6566664941552,363.3636910717779,86.42367338962273,75.83957046959246,283.22343326486083
1909,11,25,1,2216.9725958283825,3875.50706200687,539.2405658002464,8.610736184132223,15.62764692709435,118.90209339552668,87.56678622165366,127.92299571565515,336.0375173968311,148.4767417292247,714.0853985479956,388.7325946638615,81.83845114930958,205.3370179812522,1168.9152754170386
1909,11,26,1,1523.3810602321003,5033.423597568806,218.83429529986094,8.610736184132223,15.62764692709435,101.8379324948189,87.56678622165366,119.48404328938838,0.0,130.0192049038927,504.4580561710743,279.06701929306604,168.2621245389323,65.63663060325277,366.94918036582044
1909,11,27,1,2212.0327723919872,4973.487276586842,222.89717430788997,2738.4016489944606,16.307080266817877,85.87600208293833,58.11972224145722,108.24057956475806,340.3328895987244,135.88984852823694,582.9512719643283,254.5152958453005,244.86032169931255,45.236228959083256,359.7529848543677
1909,11,28,1,1557.6573861190996,8026.45527146268,272.23534038315387,2738.4016489944606,16.986513606541408,88.62749596979836,52.695607765388935,125.57601798264373,229.46330447336317,112.40727403113958,608.7931736251899,260.2446366349984,144.6944873979874,34.5927594743528,326.40060633382257
1909,11,29,1,3179.9357278075704,19051.77220026039,297.1962324103933,2738.4016489944606,18.345380285988462,77.61498868612911,68.19436408525021,128.86348137771577,532.8428055890043,93.94973720579287,288.12055816998065,326.53610589996083,137.48913816320956,34.149034304325895,346.0177435906112
1909,11,30,1,2760.6556120305886,44317.079382889184,459.14273931618635,2738.4016489944606,18.345380285988462,85.32080450339079,46.49626895958379,143.38593565351954,649.7221439267344,97.30300218986056,1147.6966953353044,394.46193545372824,123.74022434687181,34.149034304325895,387.88061714109097
1909,12,1,1,452.1753073560676,3371.571475864589,492.6708439844171,177.1606267639255,36.241885692877496,248.5570575596715,0.0,275.2318580494137,574.9204977516962,124.71229858130798,1566.3271795657329,805.7214627633339,74.0591050214048,27.935968909202938,289.137781097876
1909,12,2,1,243.90630250320618,3408.4947043197485,406.84907193655465,177.1606267639255,35.692354022707654,213.51429268610792,7.256738242680718,297.22736055815625,577.5297479708399,97.64318849259207,1208.7643131888897,2778.321692972526,72.72202990566487,35.91754388116124,880.0938997587665
1909,12,3,1,1021.636136879966,2784.686476212823,363.94566819423284,177.1606267639255,34.59465090928632,189.78776083082968,0.0,267.9028481610348,592.3374784565764,114.07904671875829,1293.551550924429,1215.6916614010072,67.64384562771396,133.1495065242155,742.2628224818055
1909,12,4,1,1231.7298520226882,3402.767001290721,339.64321696389777,177.1606267639255,34.04511923911954,181.70473724631896,0.0,286.568523055889,566.2072975613019,125.68425944623861,1574.025652685311,873.0752662159774,64.70025450172577,133.1495065242155,407.9683060772952
1909,12,5,1,316.14869994629055,3575.007213805756,549.019908090261,1527.836347417733,32.946736012239164,228.61076804752167,0.0,359.87556762688973,561.8554073041605,107.31419909881646,1296.4644866993888,803.1972840952842,87.1597399937281,47.5269829747136,350.1391272657485
1909,12,6,1,2186.728778869316,6098.46951973223,1131.6202968218972,1527.836347417733,32.946736012239164,259.8814552482988,0.0,276.57056737005604,560.9793774471058,95.71190225394216,1644.456278386995,764.4629452533916,172.71228868674103,35.91754388116124,352.51622454289026
1909,12,7,1,50.65839340657223,9291.152556351484,962.0717916248899,1527.836347417733,32.946736012239164,237.24082454131204,0.0,444.51080436053513,972.1105509713266,97.64318849259207,1656.0039880662648,714.7874722567366,114.42796886910578,33.015069980923805,318.44990554321066
1909,12,8,1,1034.7417908955329,26164.351997361835,543.3333739353822,1527.836347417733,32.39788445552559,210.28108325225918,0.0,333.21152818339164,1800.5710447496976,103.44579485632669,1304.162959818967,746.7846147975719,97.84958801494504,34.10338356667359,326.37626745382
1909,12,9,1,6184.054066359848,15195.800696798775,377.3838462760202,1527.836347417733,35.692354022707654,189.24889259189194,16.93214364971269,406.5185727543924,975.5958310475249,185.6250859875445,975.4797709826671,788.8784720106063,115.76504398484572,34.46630693104252,320.82700282041384
1909,12,10,1,2922.2584073156704,9920.586207076025,360.3242438113836,1527.836347417733,49.42044407508363,186.0156831580432,14.513149041082764,357.8759764897007,976.443601876854,281.33407235895504,621.7245277975999,742.5715971643955,807.7149221857176,34.829230295419514,362.8115707707223
1909,12,11,1,1815.2338938876937,8208.30984263394,392.37833896862713,1527.836347417733,86.2111813246682,183.3213419632063,21.770132866972467,309.885789197725,561.8554073041605,253.30272101387501,992.8221421857248,707.2149362525873,1698.7606874428948,34.829230295419514,278.84243487004386
1909,12,12,1,2737.3678729723138,6914.360360132962,321.0347821701763,626.6015024517429,68.092958932027,177.92449490326462,30.639779765282174,371.2037597895344,978.2333402943942,239.7633061651102,783.6629502013641,692.9052039472119,610.6381536123093,21.76809774436723,293.10501853320153
1909,12,13,1,2691.4980839176146,5495.526495516761,486.98430982953823,626.6015024517429,75.778240952923,177.92449490326462,19.351138258342615,330.55105522965584,562.7220174851035,284.2402353450569,1334.020551512353,706.370516770024,371.0923678527799,22.493944473113153,323.204100097617
1909,12,14,1,1376.1944843642705,4920.09690192305,558.3203843462545,626.6015024517429,88.95883967548176,172.53581251359083,20.15746979455254,368.53481399196795,986.8994421052461,220.43100456129534,1268.4794965756614,733.3102221952885,273.236026933166,30.475519445063373,316.8678783450686
1909,12,15,1,1192.312077252682,5496.447019218034,509.7304464493042,626.6015024517429,86.7620732217279,194.10687141289583,10.482309970729556,313.2240896555564,729.9683627612549,182.71892300132936,1042.9350408571281,702.1665789163189,222.7107945295968,37.731704195648874,262.9978240088057
1909,12,16,1,1520.659116705853,5149.102742672734,393.41089385476727,626.6015024517429,87.31296511882326,204.88423619231753,7.256738242680718,331.88129170658,567.073907742448,182.71892300132936,1206.7876781988566,762.7831860679051,191.42458740236398,28.298892273579938,278.84243487004386
1909,12,17,1,2285.222809432894,5153.807641589076,600.1987154844214,626.6015024517429,84.01441487091436,248.5570575596715,4.0314939589105085,383.1928337687257,690.7730914184446,155.64981291260315,1014.0345566326268,644.0741504329515,177.2569934993096,28.298892273579938,247.1532131475675
1909,12,18,1,3078.921379164357,4563.240547133652,727.3675766637863,626.6015024517429,67.54138692150455,221.60548094088648,26.60812208423232,238.57833576391332,932.067508798984,197.22057910633472,1465.1026613857357,1357.1546241661251,160.67861264514886,28.298892273579938,434.90333324542667
1909,12,19,1,2139.850862582849,4470.472214145835,1167.310780925459,419.9434815092776,57.108446549795005,313.2620695873927,14.513149041082764,324.5522818182011,568.8165477804455,217.52484157508022,679.5567062725393,1571.8914065407948,151.0557235546294,23.945181423231865,548.9715507104592
1909,12,20,1,5786.247060623787,5045.901807739546,898.472396471613,419.9434815092776,50.518827301960556,235.07718691514506,274.1445362043558,297.8967152185337,666.3855505611675,3200.0839517519557,878.1252960465148,1090.299908141149,140.09575934840362,25.396418373350578,429.35406861202057
1909,12,21,1,10861.56279726161,4413.706585911904,753.7650667933399,419.9434815092776,49.9699757452178,205.42310443125524,3622.679776998562,314.5543261323681,691.6397015993875,5281.538144036385,740.2810138384805,1185.4559960602253,135.28093835085986,25.396418373350578,353.30318166197105
1909,12,22,1,6473.8906455519045,4172.324815402892,595.0284587724873,419.9434815092776,88.40794777842206,222.14434917989828,674.879030540263,321.883336020747,689.8970615613898,1435.6833936133628,774.0190521178847,1038.0911766971417,287.94385320623803,35.91754388116124,369.14779252320926
1909,12,23,1,4184.030450851674,4235.738670367124,445.6222561345666,419.9434815092776,117.51000243986816,200.03442204158145,490.2332018016633,339.8796562552238,602.7933186851716,1068.2821866633494,969.6955128008586,785.5098738599931,278.8544435811009,36.64339060990716,461.043290334497
1909,12,24,1,3186.7909929850566,3865.5858621171255,435.7980201538938,419.9434815092776,80.72266575752606,173.61354899146633,349.1292760184239,287.2294048723233,595.8227585327749,764.7290889317445,662.2039317275027,727.4174453766256,191.42458740236398,36.28046724553016,353.30318166197105
1909,12,25,1,2667.1014049038363,4326.563675541701,440.45199942288315,419.9434815092776,68.092958932027,216.74750211988257,191.89871951093863,299.22695169534535,565.3406873801557,653.5464855903979,736.4317772787888,762.7831860679051,169.2345428049036,32.65214661655488,304.98239195917563
1909,12,26,1,2228.9693098888756,7057.348375035823,413.0518835343783,1402.5142843105718,62.599682570716865,130.4795958631242,137.06817504870986,285.89916839551165,567.073907742448,423.45419003148356,832.8187414038828,1208.1554445142367,164.1563585269863,29.387205859321654,459.4531501763746
1909,12,27,1,2182.9987081108707,11371.536120818913,397.5485956805612,1402.5142843105718,118.61178623398754,56.61382377291563,97.56202282787909,245.91581849601053,987.8414096934571,462.12851284769005,981.2640291642813,1047.352551666249,597.2741553595789,28.298892273579938,413.5094577507209
1909,12,28,1,1879.0483476714787,10472.491306085873,551.0850178622907,1402.5142843105718,193.8391352898865,193.56800317395806,73.37371396301718,293.8975329441555,1407.676363732164,417.65158366774335,709.4351046500781,1083.5808713988654,350.502761651433,31.56383303081316,297.8511001275661
1909,12,29,1,1718.6553050647765,11375.627337268219,581.5827984089653,1402.5142843105718,113.66736142942017,183.8602102022181,61.27874091986762,274.570976232867,1407.676363732164,348.0397465202417,894.5105597806877,1118.0840330488077,266.5506513545335,412.86983644381274,485.6012202254867
1909,12,30,1,1605.1401787449715,15707.202752960498,508.1741318384848,1402.5142843105718,88.95883967548176,190.86549730877925,61.27874091986762,288.5596413492474,1407.676363732164,348.0397465202417,1269.5198307809626,991.784301850931,387.1305163369566,573.6015186603975,331.91741912730714
1909,12,31,1,874.3185044717529,13480.558200430763,505.076467180315,1402.5142843105718,77.97500740667684,210.81995149119692,47.571923414994785,301.8958974927994,1407.676363732164,311.30934543389645,5491.404102907594,6551.878003961163,447.55550692065583,573.6015186603975,769.197849649937
1910,1,1,1,2295.656248462947,49595.10704687974,1176.0701857390125,6126.00661298139,1399.0564332631977,313.175062223257,1491.870629384598,399.18392331582936,1852.689847849919,1568.985552701164,2711.7005285498303,480.6655647884838,88.19216657666259,156.7819327675261,697.711255548006
1910,1,2,1,1274.0506345968788,45349.28868854872,1897.731594385589,3154.5934801169064,817.4932572139528,313.175062223257,1491.870629384598,544.8451944280329,970.7196289127115,980.4290380848621,593.8767176195179,480.6655647884838,89.74009488659148,151.80595486779052,654.8107977112238
1910,1,3,1,2116.2689570344987,39006.290201207885,1897.731594385589,3154.5934801169064,513.9607071541851,281.95813256873583,2003.2931958371723,682.1064899801304,1512.35662812519,744.0686549321805,862.8183400143504,480.6655647884838,88.19216657666259,171.71272786866385,623.214270034645
1910,1,4,1,1564.1770081639866,36076.32897940644,7839.032890091219,3154.5934801169064,385.1536204904903,229.93840395192484,686.5794167298425,504.2263295582205,963.8960114312789,625.8806745078177,510.64317692653566,531.4526431221368,94.38167164475823,166.73674996891356,636.7426683789168
1910,1,5,1,1298.1025619389932,27761.120035240074,4297.454036763796,3154.5934801169064,334.1348589440596,396.41172049453485,269.0885079909567,578.4593339154644,982.1064522875455,593.3232896274797,611.4879702856307,584.8621523825965,86.64644643835364,136.8722983647659,652.5636308721807
1910,1,6,1,1452.6361951137644,21517.887252584354,2996.1976883000752,3154.5934801169064,352.0011191991591,271.55673308759094,322.5088161571323,264.7131281193561,1515.888521231518,542.680199557668,563.4769349248742,577.054915271822,83.55058981849585,126.91748116337841,645.7767330451027
1910,1,7,1,1128.1356087197044,18701.343884530303,2137.1147272694707,3154.5934801169064,336.6999647569749,365.1947908400137,242.38468182871543,581.2640715178356,1075.419068156451,557.1518792484555,651.5165681772911,427.2560555278749,88.19216657666259,134.38574011584157,697.711255548006
1910,1,8,1,1182.1522288761976,16115.836885220251,2760.0999841213447,3154.5934801169064,323.93408931595377,410.97622601035505,201.8227089141047,871.1913635644305,963.8960114312789,132.65342903670182,568.2663974063034,472.8383091210116,88.19216657666259,129.4069008142044,668.3618947104701
1910,1,9,1,955.5329651294193,15280.955461803238,2188.095517519102,2167.3116085409147,308.63293487379497,386.0103210133899,176.09338256917346,470.612190070789,1089.0804306916602,536.651631161151,768.3594966305891,472.8383091210116,86.64644643835364,139.3617180155771,675.1487925375482
1910,1,10,1,5301.345435344979,15402.774638050607,1915.4049350055268,2167.3116085409147,295.8819728386755,375.60892153224495,147.40258924701607,1417.4318081703623,1442.990247517076,495.65113498654233,464.2286290596835,472.8383091210116,91.28802319652038,146.82711556615337,704.498153375084
1910,1,11,1,2997.972526859432,16193.549118343122,2205.8821487841265,2167.3116085409147,283.13101080353044,517.1036018668035,135.5314096545085,962.2243190420601,1001.4470989375984,513.7368401760158,733.1536213763688,458.50502252781945,92.83374333482932,136.8722983647659,670.6317602044876
1910,1,12,1,2696.62192053283,13594.389969970798,1928.6599404704311,2167.3116085409147,274.1978806759934,353.7494320474555,135.5314096545085,735.3253181902321,950.2346488960694,534.2370882633202,433.8122162868926,677.347884310622,97.47532009299607,136.8722983647659,702.2282878810665
1910,1,13,1,2755.8497916131187,13601.74112715847,1678.1743243767169,2167.3116085409147,267.8298563613717,371.4458154975697,108.82378673980273,431.38857537878874,739.7055646146516,490.8220491908804,496.2415293260951,488.47280189925823,91.28802319652038,131.8963204650156,1004.8013582322355
1910,1,14,1,3865.0445075510697,19194.92158139284,1473.1182569277182,2167.3116085409147,267.8298563613717,317.33816825793224,92.99512542172899,547.6499320303171,840.986131331426,493.2365920887114,902.8303078280055,608.3038822717666,91.28802319652038,159.27135241835205,961.9009003955181
1910,1,15,1,7015.846989398713,16465.541934273937,1428.8216147328853,2167.3116085409147,267.8298563613717,418.258478768238,91.01575176685039,523.8310182808906,741.9801037751803,487.2080236921945,576.2820950314104,491.07521426951627,106.7606817809077,149.3165352169646,672.8789270435307
1910,1,16,1,4935.655923377386,14192.984198080747,1348.9517100082,2560.6548541960165,266.54730345490134,210.1668330900162,91.01575176685039,561.6451455484187,1458.954404357655,467.90725820574505,483.43636921955886,422.05123078735863,159.36595443062893,149.3165352169646,731.5776487186022
1910,1,17,1,7458.8033179536915,14529.037098072162,1307.9404965185186,2560.6548541960165,261.44691864084837,271.55673308759094,103.87788377098826,613.4687235807081,781.8057304420283,472.736344001407,593.8767176195179,656.5085667918593,569.3770538019692,134.38574011584157,745.1287457177839
1910,1,18,1,7783.303904347412,16303.816476152828,1587.3152270870894,2560.6548541960165,256.3465338267955,366.2387501514812,81.12268024508465,376.774496990875,1290.497230758773,475.1353092031169,656.3060306587204,579.6573276420802,522.9612862203436,129.4069008142044,1142.5367964086383
1910,1,19,1,8928.576511298874,14488.080650886115,1528.5173823323832,2560.6548541960165,255.0639809203505,251.78516222562797,205.77133155038814,550.4404323859413,744.2546429355558,366.60550037000087,505.837084367101,579.6573276420802,247.55812100729153,124.4309229144541,1282.542100078994
1910,1,20,1,5326.299309962772,13817.02501621559,1244.8376072538656,2560.6548541960165,249.96359610629762,157.10314516179196,0.0,414.588624258403,752.2225937834248,387.10574845730525,534.6570096459876,1022.5478759483508,218.16073214840398,124.4309229144541,1343.510687248083
1910,1,21,1,5698.803534677285,12147.262169382335,1241.4388879038245,2560.6548541960165,238.495186977623,260.1113742949784,80.13425900183636,522.4357681030784,1292.7717699191485,340.0766838861796,574.6689774596425,2652.0583908701674,194.9528483576121,126.91748116337841,1402.20940892309
1910,1,22,1,5831.890865971499,11374.340499401314,1417.719131522856,2560.6548541960165,228.2944173495172,184.15696878158354,80.13425900183636,659.697063655176,776.1264463270317,407.60599654460964,531.4474045803154,1751.9840447778295,213.51915539023724,164.24733031810234,961.9009003955181
1910,1,23,1,12759.547455115338,10705.385195356166,1734.7063562312642,2083.568949791178,225.74422494247798,209.13560498968928,76.17677727627016,952.4290933041422,806.8539163519185,377.4631545621025,752.3613615363861,1130.6480820980744,977.8667229228616,487.754567446965,968.687798222596
1910,1,24,1,12769.56909150783,9653.014535725964,1718.052631416516,2083.568949791178,230.8446097565309,397.45567980600237,77.16646410370947,1172.3233687735894,747.6735154625206,340.0766838861796,1051.7027666258623,1448.4827067344734,1641.621032026349,622.1546145722999,1011.5882560593136
1910,1,25,1,8363.656867845402,9584.43874082176,1623.9081054219344,2083.568949791178,227.0118644430468,361.0444160164791,64.30559768376261,1175.1281063758738,1841.2465141854032,328.0195470931458,1981.8064024732917,1448.4827067344734,925.245993071759,905.8626127089241,1095.1193062387956
1910,1,26,1,6488.708915145653,10323.965153865794,2043.9898170798813,2083.568949791178,300.98235765272835,333.9905923966332,174.11907125100464,838.9724742548111,1293.9161032855848,547.4937076572089,1762.455672854831,2071.119875599581,487.38764132312195,612.1969359690256,1099.636338571921
1910,1,27,1,6135.84709776068,9684.204445506879,4416.0693420782,2083.568949791178,482.0758453634228,355.83735067033626,327.45725029432873,479.0121656309818,1843.5069257735881,389.5202913551362,1744.8277901107126,1815.8232220763177,374.4396626456967,420.5688508937835,1040.9376168968495
1910,1,28,1,5357.165950052148,14388.314946200995,2990.6464466951593,2083.568949791178,362.20188882726495,293.4034913612941,227.53937941723441,703.1206661272726,1297.3349758125496,360.57693197348397,2004.0907070743708,1199.69208413693,310.99889182651503,321.02067887993826,1160.6049257409452
1910,1,29,1,6387.390171215813,14434.522219950102,2766.6708415312532,2083.568949791178,307.3652953732262,210.1668330900162,227.53937941723441,659.697063655176,1299.609514973078,350.93433807835834,1866.559961513756,1241.3707191746048,300.1567691421111,288.6868374382466,993.5201267270713
1910,1,30,1,6181.345326983353,17088.289964570744,2401.9882552781683,1911.4611235289653,302.26491055917336,204.97249895501403,133.55709833639392,865.5818883598619,1371.3069450312491,369.0200432678318,1607.1640039256297,1232.2622758786267,533.8034089047056,258.8138016284088,995.7672935661144
1910,1,31,1,5035.170772756551,16923.414010511955,4305.271091268673,1911.4611235289653,279.29826549004633,335.0218204969601,119.70654508900778,399.18392331582936,1359.9201216565682,378.6626371629574,1667.9968294710695,988.6764780214504,386.8054237521265,251.3484040778325,977.6991642338074
1910,2,1,1,17155.037176929156,57528.05581730558,4142.6990156944985,4974.4644300196605,4545.755249040209,1723.6786728893994,243.61229848167693,2416.630256923966,8630.533994597821,1664.4768298860083,3430.2862015454216,1925.0044302872718,575.9353235315989,286.9127682617976,3413.4237298884186
1910,2,2,1,23710.18954135814,61725.56657126289,10306.27655688911,4974.4644300196605,4212.738895537804,1501.646351039999,352.27535603084937,2974.445583106927,9215.980595901083,1510.3666822204805,3238.042499165622,2537.952617712316,553.146992349767,265.2605401034622,3348.732563309211
1910,2,3,1,69892.89652958374,108167.02718478486,41756.66593389424,4974.4644300196605,3785.6189508755306,1414.6921791230445,593.4957004155569,3112.119758813556,8380.33468694641,1628.959682743835,3076.56444119786,2631.239091908102,638.0953548076593,246.31233673825108,3019.375080128739
1910,2,4,1,40113.603988839575,76782.83682150979,21177.420269745715,4974.4644300196605,3481.8328729156387,1527.9999580484682,372.5753262508299,2723.5852960383763,7389.991859934778,1645.9393715091794,3416.4832367551594,2543.5578135867872,557.2983550069265,238.19167815315848,2833.0191230707223
1910,2,5,1,30290.39599676903,83346.37002447006,13044.284865235682,34210.864853038176,3229.199777155191,1544.041284053668,280.6306356970576,3104.8587629903386,6414.765535418347,1667.592369108976,3025.8427031132946,2468.4882259828087,772.7496605700918,203.00501901966382,2805.0997774943785
1910,2,6,1,39733.783969558244,95505.18401229005,15659.032951822837,34210.864853038176,3291.836081889185,1534.87481205072,199.41809897533372,3271.719294457047,7324.439923881554,1632.0752219668802,2893.6335825321244,2656.862844476878,1528.93803394407,197.5912466295972,2736.322853025978
1910,2,7,1,42658.097468931985,106066.69655983735,24518.36139077917,34210.864853038176,3104.9711060994505,1563.3927249488052,204.20200716932686,3383.766426081819,6439.488787162644,1743.144195266641,1932.7476721946514,2437.459463106539,1439.8603905453012,186.76370184947868,2544.5192187823714
1910,2,8,1,34419.310190538636,85307.02866285869,25122.200528626163,34210.864853038176,3148.816519413234,1546.3329020544188,200.6204039446921,2930.5948632333775,6392.8677981592045,1498.0291468974228,1855.7504107743875,2437.459463106539,1050.3609974092756,200.29813282463786,2470.5216036777374
1910,2,9,1,25458.965091874714,55424.57469642041,16090.67030927057,34210.864853038176,2901.40311571395,1536.0206210510953,458.5591153247997,2990.3912994244943,5633.793331749505,1561.1967046436669,2343.1779987285654,2448.2694837215263,919.8580543039608,303.16553103957455,2409.6892084383007
1910,2,10,1,21356.107152726127,43361.32575203631,12298.832421139408,34210.864853038176,2705.1426942141097,1557.6636799469286,1325.4463099376064,2830.79176378109,5896.424903135168,1618.2110724245035,2160.2471400626873,2424.6475868222255,872.2057106117383,552.1647241595844,2220.586714132515
1910,2,11,1,21433.273752949397,36245.40559471445,11794.689050891719,34210.864853038176,2548.5519323791364,1509.6670140425717,5444.163459809761,2481.124984530106,6435.391791159346,1555.0590923743803,3504.123748134171,2433.655937334566,764.469016972014,676.6929347385613,2167.676149467263
1910,2,12,1,20067.324712631835,38721.69540152787,11026.125315215679,7881.377440612314,2416.8665583788465,1469.5636990296532,6803.021192054618,2383.742217018891,6202.851949039269,1575.0608541859665,2902.9464262460465,2779.576597013413,764.469016972014,2636.352638256889,2046.0113589884547
1910,2,13,1,19281.62841944849,45654.886794478676,11278.197000339425,7881.377440612314,2295.7697025597745,1494.7714970377472,9155.489062685867,2784.520711966555,6294.398618355087,1424.0506680473627,3007.383316466071,2909.4970299597903,760.3176543148545,5943.990161666091,2125.365856658911
1910,2,14,1,25597.2636740934,58446.95046572006,17027.58394341607,7881.377440612314,2191.375861336467,1295.6553551957443,2818.2028482470114,2576.229792567457,5475.140693413606,1496.4869549820598,2909.099555128312,2803.398679479691,783.1059854966865,2054.400720344383,2116.104805443369
1910,2,15,1,22700.008592979797,46660.94516382831,17466.018739563882,7881.377440612314,2114.1244188312035,1322.0089622042678,2262.8645108072947,2528.6773885488246,6172.760219773531,1852.4996219938619,2875.1741958849016,2997.3784938480826,830.7583291889508,1445.408554500546,2089.6381737832553
1910,2,16,1,18908.82354564197,40440.816018047146,12911.734810586246,7881.377440612314,2068.1911286929235,1524.5625310473963,1735.1159084545718,2621.2194921778946,5319.172293838656,2196.1435982904413,3099.680249702044,2675.279916635662,789.3330294824466,1919.0850246118516,1928.2961344691869
1910,2,17,1,17516.81825070373,37240.962310939496,11221.325096549617,7881.377440612314,2256.100042894907,1627.5580289694965,1313.5498186615498,2324.088153294896,6424.3722846675955,4985.797418561738,2701.3898801523246,2916.7037103697817,849.4173794299063,1077.2892003878371,2094.926960384283
1910,2,18,1,16120.804301208356,33131.66544323042,9747.413805106884,7881.377440612314,2227.9137057646158,14642.165903612731,1080.7076415372178,2244.9290615751993,5579.119626463675,11165.936798259438,3399.5205571333836,2554.568019768603,894.99404179357,860.7383047854223,2101.5549676267988
1910,2,19,1,20761.824114642288,58074.141779791826,9983.398218640725,13069.874776371213,2034.7850995014687,2458.5241784597933,1118.9156278802093,2271.695085394119,4644.863261980528,10133.29132279708,5220.015202419535,2622.2307413956128,955.0783917410299,793.0661499096703,1579.145424181001
1910,2,20,1,19100.236800741477,45700.04390291471,12847.159142936647,13069.874776371213,1965.8851642940876,1842.7154968166997,1618.0493719614756,2121.91924998204,5488.844438666153,4917.878663500437,3739.2730519100614,2532.547607404823,948.8513477552697,996.082614536926,2127.9989006320025
1910,2,21,1,23078.826448621676,60113.56281661563,12299.965327589292,13069.874776371213,1885.501906552105,1701.9083018823771,1304.0579373242645,2151.1056057420324,4877.403104100451,3609.5079668028793,3370.2516197467917,2296.528823978197,1110.4453473566934,779.531718934526,1856.886166027695
1910,2,22,1,21156.676588512357,45265.27546355048,14368.65250527917,13069.874776371213,1812.4262176957825,1648.1825909761437,5419.104893079337,2322.806801090799,4930.805327867986,2974.561073156182,2473.8904122842887,2305.537174490686,1417.0720593634692,2005.699660049026,2109.4767982008534
1910,2,23,1,20918.16164236739,40242.33477398921,13173.436200535076,13069.874776371213,1752.9217281984818,1649.328399976519,2145.924532731997,2174.1699454156956,5012.886523658759,2624.6860184135894,2498.502927813919,2316.5473806725017,1100.0890224300988,1399.3685979698623,1859.5192100007862
1910,2,24,1,19336.74741960821,37984.479352171365,12076.782756940402,13069.874776371213,1673.5824088687723,1610.3708939639757,1297.9831332684105,2335.0508332632835,4979.969279907866,2499.7528955714524,2944.35532061669,2309.3407002625104,3103.3644033867968,928.4104596611742,1880.6743564048975
1910,2,25,1,16436.485847576587,32201.21897637904,10186.18847318976,13069.874776371213,1603.6385352491434,1999.5640177561677,1012.6445244280064,1929.4316744334744,4184.021849468181,5263.080409408501,4065.222581896336,2223.260906476716,2508.9246016280567,814.7269622737107,1710.0712658753514
1910,2,26,1,15037.465407163538,26505.122321521874,8249.938059504231,4060.927698241362,1560.8370603475828,1926.232241732528,5093.090408748216,2205.919005583882,5022.493272908008,3677.270944903125,4575.765978354698,2289.121958001228,1742.3357398949174,2130.199256609031,1752.3815586836386
1910,2,27,1,14053.340713405532,23833.50176658897,8123.392409039863,4060.927698241362,1547.2658609885357,1663.0781079809683,3348.3560605385055,5354.62848844777,5371.1617603636905,2681.700386194503,3248.8520499049905,3343.098967959952,3801.5882715743987,2425.2384062597243,1945.4790162588483
1910,2,28,1,13055.185728698249,22826.393231926268,6808.314601886395,4060.927698241362,1535.7825384539851,1565.6843429495557,2417.0126637247254,14510.601849045497,4520.399348913817,2532.154503490657,3674.748349035092,16219.83537604721,2568.986869859233,1483.293515623391,1923.0073478681593
1910,3,1,1,5642.48193815056,10062.579007591028,5904.255254790831,10858.595584481443,1447.0477734141448,2997.6909691893106,726.2301690360969,5896.782843247233,5908.433339696653,1730.0589305300832,6269.872030380845,4963.601132369279,1065.2661558857485,1381.9140463951378,3211.405700921766
1910,3,2,1,5689.884278288023,12459.161267186892,8972.052630730761,10858.595584481443,2204.052256342155,3077.1337265482853,992.7242294615303,5222.222094024564,10701.636112142658,1671.7983470600288,6964.344090188526,4565.832410852097,1111.3065342908967,1142.0141113091647,2531.353998917109
1910,3,3,1,6045.451937499009,15963.562914911427,9464.300483253208,10858.595584481443,1775.888373267634,3529.9829059165754,838.6393557530531,6146.788895512966,6240.572567414786,1586.8999032333834,6235.281468014951,4790.640802529931,1170.4855338716288,1102.0117127821902,2371.328481589554
1910,3,4,1,7654.125011246214,17143.948726132134,8138.686646114753,10858.595584481443,1467.6730137587026,2961.6616417332457,684.5544820445217,4124.388000048969,6827.290650236344,1505.2104648064314,5955.230953475519,5860.632657844009,1056.499714529945,2099.0958179832587,2114.629392872293
1910,3,5,1,34337.13277211912,52372.79429837236,8738.447320741772,10858.595584481443,1309.0391153169128,2605.5696668405853,876.5309460514396,3924.212311275907,10669.849074185704,1642.8238322862119,5552.450462849601,4345.2279160800435,1286.657443123245,1279.4472444458404,1987.4034319331518
1910,3,6,1,61791.405669769636,70230.85543698644,15133.364359025412,21509.71577565486,1178.7854282819824,3078.406847659795,3604.636856645049,4846.501153290356,7353.118895904944,1847.358982275934,5676.510845181053,3348.9043494012512,3217.7476936211992,1152.0004039314258,2042.2433822683872
1910,3,7,1,35718.11426702542,57731.78788792505,11441.222238493552,21509.71577565486,1093.6597074673057,3155.3033627956956,1990.510795636308,4293.953608390993,8055.965624062106,1332.9990342552321,4113.117206710772,3070.446225782586,2279.495569671387,964.5785796455145,2362.47600616297
1910,3,8,1,24969.90923591373,41184.33305927825,9886.42142652114,21509.71577565486,1118.162433343027,2949.3123669514953,1295.831640165291,3688.8706231236447,8143.132745926066,1176.4276106035877,5435.541014083997,3122.094102054092,1668.052846391332,919.5973418168882,2176.051953140095
1910,3,9,1,20130.46102190548,34390.8136528863,9792.163609881669,21509.71577565486,1200.7081349388868,2899.6606436021157,1225.1234521234587,3836.5108715288948,8875.082273279382,1354.2470117561136,3954.299961232661,3120.0922463846177,1575.994171297277,974.5648722677759,1792.1723007935773
1910,3,10,1,29467.619648932723,59693.49669162599,9652.929407177435,21509.71577565486,1251.0110530026507,2861.2123860341653,829.8055781884725,4020.5984715172676,7088.792015828067,1354.2470117561136,4570.776954936495,3050.6278546551093,1593.5270540088418,847.1466457723188,2391.076311387448
1910,3,11,1,45913.12496926303,81043.35749421541,9181.413742689707,21509.71577565486,1321.9392114109467,3033.720296645375,880.3276985863755,4243.83849996408,7068.024484362863,1292.7306897980025,3591.930560293662,2700.503298070633,2077.9336636367193,747.1692634738474,1851.3930915322205
1910,3,12,1,38745.65062124345,92729.59709142204,9832.721660791398,21509.71577565486,1343.861918067851,2837.6596454709857,756.5409101064675,4120.686315903799,6222.489274710533,1239.0499489858278,6168.927456553433,3191.758679350429,2191.919482978403,769.659882388168,1761.461020659644
1910,3,13,1,60716.08408483874,119718.84562199417,15964.917693321215,18576.03521431924,1356.7620141618595,2739.6293198838453,880.3276985863755,3420.498522599186,7772.28396976268,1566.648898283938,3916.715984815874,4136.434369757863,1867.5169893811578,1346.9191011887726,1873.3199922043634
1910,3,14,1,62959.92847315199,99179.7124406349,20102.292048700972,18576.03521431924,1327.0992498485552,2836.3865243594755,865.1660001302894,4845.219801086259,6230.824542441333,1609.1760086777886,3363.765889303284,3227.591895833409,1700.9325219046545,1174.4910228457318,1682.4924001231066
1910,3,15,1,37227.37270775792,67842.77951642124,46019.79290522335,18576.03521431924,1218.7682694705293,2847.589990140905,3362.1509280820296,4215.7911239411505,7276.971280532736,1175.3215941793815,5136.6985113363835,3114.286864943169,1624.1985578960325,997.0554911820816,2004.9494922018223
1910,3,16,1,28647.849792014433,47328.85030256115,25071.21973837653,18576.03521431924,1085.9196498109056,2734.6641475488855,2641.021063284477,3979.1680835848783,6529.763974960165,1657.3110896731205,3229.5611593548047,3239.4028442829845,1534.3480544281094,942.0879607312088,1803.1357511296164
1910,3,17,1,23629.014286577738,39697.298976815284,18419.925970459197,18576.03521431924,989.1912992145416,2966.626814068151,2517.2469306463704,4431.770156564832,6701.272704202929,1839.5701342184375,4758.364235459334,3490.035174096571,1551.880937139716,982.0617452392111,2000.54595314344
1910,3,18,1,19189.429364636144,33702.955373215824,18709.950021657645,18576.03521431924,911.8205494621666,2790.5541643446804,2561.415818469165,4715.945600939736,5389.527604516505,1790.3446144950979,4614.015157893828,3871.9892358252264,1613.2460266303387,994.5660715312557,1684.6714709973558
1910,3,19,1,17548.88748716011,28908.950721773945,20385.518661199538,18576.03521431924,1004.6714145273671,2631.6686496267853,12012.545345206829,3465.630594676832,5389.527604516505,2172.777054117951,4270.437745163293,4064.7679367919027,1687.771819012829,1024.5535634170117,1759.2592511304852
1910,3,20,1,18500.942944461392,30678.47927329232,18016.611274261086,12134.623003428029,1895.7921566155696,2714.8034582091555,8152.766718215696,3937.7376956524017,6518.603192744211,2224.339228258517,4355.583744833274,4305.390988258262,1679.0053776570257,999.5735248518798,1579.395109385332
1910,3,21,1,27147.610824035317,35408.4238406736,14982.687801176085,12134.623003428029,1919.0570698024746,2645.291045520046,5289.509073220973,3424.2002067443555,5889.078565474104,2374.0408879234956,4111.620499685325,4068.7716481308535,1608.8738468105996,984.5797789089944,1811.8974319364968
1910,3,22,1,23864.52274180502,32735.753120427624,14913.580507726367,12134.623003428029,4236.6003449602895,2254.4428642828307,4224.773104013948,3936.4563434483043,5911.258854181808,2428.874378248239,3639.4925835468557,4074.77721513913,1639.5453506977487,909.6110491946417,1776.8053113991555
1910,3,23,1,19413.91401983148,28792.38237208964,22780.482896487843,12134.623003428029,12559.02650134259,2274.3035536226153,7605.907794770603,3736.4230271422766,6026.1160179992685,2914.2753891911675,4996.673254066597,4275.563338783707,1457.6140904195292,857.13293839458,1752.6766411978535
1910,3,24,1,17249.24055902007,26213.176364654188,22117.73262324106,12134.623003428029,6466.601927549375,2548.533841044415,7406.325169852066,3676.6265909511603,6453.616359587957,17163.5055794894,4979.211672103099,4164.260163562943,1380.9022081271903,822.137993188215,1719.7862901896713
1910,3,25,1,16340.27813820711,24435.2464906366,23164.538183035787,12134.623003428029,3593.086880847939,4575.979211142941,6742.020034660372,7378.8802259843515,5330.050524606048,12189.235656052733,4759.860942484781,4635.496988148434,1367.7635869516062,792.1505013024738,1754.8784107270126
1910,3,26,1,14324.927059646328,24297.674834702353,19640.066217103067,12134.623003428029,2685.158730322787,3917.139035930395,5395.565027362874,5350.357314434113,6226.7275464380355,6001.774759181015,3847.3685593034643,4685.343194317442,1451.0558206898577,709.684898616671,2509.5632901746185
1910,3,27,1,13081.241983319269,19504.720348572784,15640.906448622749,5924.766231492969,2347.2209528769954,3718.5321425329853,3407.585400083136,4753.816677194078,6157.5024415542775,4887.969486959667,3795.4827157545515,4655.515544842888,1534.3480544281094,644.7310755435369,2268.1630948869206
1910,3,28,1,12524.038999888056,18623.63165140743,13992.52756388099,5924.766231492969,4984.6567843548355,3799.24802100347,2522.1827089417657,7122.752157632378,6713.846243661384,4405.99556916205,4001.861984485713,4806.455462318457,1602.293495364645,652.2279485149721,3729.1620201048504
1910,3,29,1,11428.674142172178,16874.05624082593,12783.716381736931,5924.766231492969,4274.032993741797,3879.8365873627663,1895.8450990991598,6138.246547485737,5485.0299941112635,3664.653011049966,3684.227493529635,4894.136740639772,1396.2490009289065,772.1779160579513,4064.6481401191763
1910,3,30,1,10083.770538279054,22306.56140225226,13976.666873581062,5924.766231492969,3878.0820673875946,3579.634629265955,1348.8596172362147,5023.327757455513,6020.606264753317,2920.9737985206566,3828.74287187562,5240.05740031847,1251.591677700032,844.6286121025207,3138.9969916628856
1910,3,31,1,9465.435572852759,16196.699614280804,15791.583006472076,5924.766231492969,3015.341536706277,3724.770435979455,1071.0385784149817,6860.50207319416,6030.2130140025665,3664.653011049966,3407.1703930412373,5176.39839003041,1174.85771369141,844.6286121025207,3035.945098234995
1910,4,1,1,20398.038713589143,23638.17101846872,10977.183756575836,8339.650809354398,686.1807183608981,3341.9429177448133,6091.636325430003,5030.304008344487,8748.499224348845,4618.786898092745,7910.595531832632,13706.305397501952,4208.333485110686,1116.8051605922412,2756.9786290214274
1910,4,2,1,21535.494444154236,23195.00125660452,8873.149897646279,10657.785203807984,699.0659010490305,2958.4788389544433,3124.347660978754,5408.872398421133,8789.610460106487,5241.427411808627,8115.145491977106,13924.908036604384,3051.030735847081,1119.294580243067,2412.8670201299383
1910,4,3,1,19082.19785523472,28392.269388036857,21602.26018849356,10657.785203807984,699.0659010490305,5285.107670260592,11439.868504524304,5545.549966857995,9653.228962463223,5728.386192363039,14732.586153823104,12893.75218127735,3433.0444271705082,1049.333303849309,2259.083632910915
1910,4,4,1,18357.633544046796,26025.196773721607,36348.17054162099,10657.785203807984,1017.0793682270548,11653.641406426368,30225.946930431288,4589.661222602773,8929.473427116653,5423.998010276287,23331.999518923014,13139.379871917246,3205.161115352148,1024.353265284177,2748.5801266936205
1910,4,5,1,17718.253142196067,22226.748838504012,26716.199903768444,10657.785203807984,790.7535204548972,8320.355712239856,18335.783575266454,4574.427368620728,8919.866677867405,5566.066598844902,20173.94769522841,12729.199645249706,2934.6600911491682,984.3794807761748,2481.416958048918
1910,4,6,1,17110.941976801718,21762.57577039063,16148.448538220282,10657.785203807984,668.9855613708371,5304.586423266865,8178.458077035275,5417.699491382691,9018.759684844286,5853.942423049785,11919.44214910386,12164.275975334476,2996.930531006519,934.4194036459112,2395.8430289248395
1910,4,7,1,15605.692190626354,20224.083587617028,13103.196000635277,10657.785203807984,614.5516298758113,4442.938054988921,4963.241472054256,10559.481141483548,15076.945292248918,8030.146570313125,9764.01773167861,11678.625789929001,3042.860500830335,911.9287847316054,2297.5578530343405
1910,4,8,1,14103.44889536901,21621.853618519464,12773.520223687005,10657.785203807984,615.9833168411706,4279.469304269525,4142.130457170709,13066.37554256272,14945.558868693908,7568.579434426085,8824.917223600494,8782.140821820502,2623.0870746998376,926.922530674476,2209.9183463106915
1910,4,9,1,12276.504580989715,21815.084036014337,10964.155332400907,11086.496016508901,651.7904043807505,3904.6624490374556,3043.3502735672764,8374.063771165134,11362.382674472443,5451.882086322095,8953.966629350294,8898.248450647829,2477.126930211517,864.4581272521677,2402.1986523081146
1910,4,10,1,13362.849965952557,20929.794677599,11395.905980493728,11086.496016508901,700.4975880143897,4005.8755774034526,3253.184130330054,6981.376297780491,10656.71043183028,4825.50292553856,8709.670782641102,9409.122017488273,2500.0919151234457,829.4917960647748,2492.0853258708066
1910,4,11,1,12015.942034780865,28020.510867420922,12072.251131140478,11086.496016508901,888.1529743162489,4042.923401748758,3686.0139193099762,6145.792288243112,9322.643767711947,4299.132573813265,7828.276645433065,8969.91488361364,2672.3293019628936,794.4968508584244,2652.3378297477184
1910,4,12,1,12208.357453519824,42223.99671862703,12876.614710636544,11086.496016508901,4247.337997200395,4751.5426124218175,3375.439561954197,5344.23529834787,9504.889451997899,4408.176446618143,7984.7656799826245,9364.680821626758,3413.1708825351975,744.5367737281608,2808.277589186016
1910,4,13,1,10661.01679449559,31981.734426071936,12417.78759838868,11086.496016508901,3340.6029191463804,3718.65945464412,2846.805050676721,9541.51800156326,11736.339516569391,5554.694880680961,8079.557124927627,8679.645811545397,2873.935371430127,779.5031049155391,2913.1453750091464
1910,4,14,1,10380.410975501416,25338.388659363434,11680.265499442372,11086.496016508901,2101.4480238255155,4131.532631110681,2582.4245158290023,7471.4223296134205,10346.75149281985,4670.6606261556535,8466.705342176736,8780.339151718004,2993.618273567279,737.0399007567255,2782.628109103754
1910,4,15,1,9799.957795639311,26219.477356528783,12875.481804186466,11086.496016508901,1607.2177526625035,4507.230671120747,2458.523824773097,6669.86533971818,10343.078323989164,4377.799939193897,7922.9017895974475,9749.637666859477,2593.497574909471,752.033646699596,2759.2484945154447
1910,4,16,1,14214.689059327226,26560.781083082496,16134.853660820316,13015.04967244001,1366.6197754545335,4921.886217143412,4487.381821011997,6406.61864801011,9614.660689742175,4528.747814548094,7840.582903197881,11494.855439474664,2373.7844981078565,724.5355744646662,2851.178047022733
1910,4,17,1,21564.557189692932,21906.448418199478,15084.649381675546,13015.04967244001,1310.7541569941484,4831.367306114196,4778.213065186252,8495.649858087076,10889.532825398612,6075.924592688329,9662.407954728858,12942.197088477813,2264.0383682883394,779.5031049155391,3092.6917355851742
1910,4,18,1,22490.556392373535,20115.91656043193,12067.719505340358,13015.04967244001,1156.0424843012015,4183.985220905351,2874.77446101722,14512.025573716715,20340.878777904927,12667.938257666176,8907.402410780825,13361.986222358775,2255.8681332715933,764.5093589726686,3620.435462941884
1910,4,19,1,19932.032621331164,19568.780432633383,10666.993970567313,13015.04967244001,1044.2963339745804,3890.0215562549547,2243.7541897149254,11766.087800340112,16284.852734609629,8692.198655199967,7725.336462238345,13369.79345946955,2441.133732705335,819.4768894235414,4052.1638799021125
1910,4,20,1,22979.612248334517,18475.558342348595,10360.202903908832,13015.04967244001,1041.4329600438618,3796.5744666692613,1883.568932569599,9294.644143574209,12839.985474431627,7226.1816738187235,8189.315640127097,11945.673336231896,2860.686341673253,859.4506739315585,4120.713817821157
1910,4,21,1,22198.92677334742,17823.40568330187,10313.9803207491,13015.04967244001,1197.5763197021936,3841.3883297948155,1594.3829478272155,8133.596674196571,11507.190291831592,7199.543813462133,8620.367263456023,11413.580099295581,3529.7623443957314,899.4244584395608,4445.531570013593
1910,4,22,1,18385.694125946044,17525.158734559584,10793.08645845173,13015.04967244001,1019.9576555636497,3933.816922491323,1320.1308563887612,7820.804363930162,11475.827081047402,7870.319408173347,8590.266822166468,10978.17649119307,4185.368500198756,974.3931881539136,4406.9438566154895
1910,4,23,1,19018.05938232196,16020.27184178512,10284.411462404314,10344.744610381595,1095.8668915388878,3771.2393565499783,1315.1950780933664,8003.183494313072,10799.116361876886,8008.6493496744615,8584.778896406544,10049.515646141139,4185.368500198756,974.3931881539136,4099.150095628087
1910,4,24,1,19821.79462101206,15797.636795540328,9943.746492890901,10344.744610381595,1961.1128744095904,3680.720445520763,1206.114377765339,8217.169312397047,11468.480743386339,7644.5985914672265,8360.938045711744,9825.10762559726,3685.4384440391073,979.3720274555654,3881.2430082033766
1910,4,25,1,19227.511582928222,15288.306618990911,10148.575979049923,10344.744610381595,2571.3694433893747,3600.004567050278,1108.6264285106188,6961.159407449267,11441.920907226777,6503.220797122336,8259.328268761992,9792.277192618492,3229.671820402386,934.4194036459112,3911.2052327242523
1910,4,26,1,17038.786194774693,15227.397030867229,10271.2697475843,10344.744610381595,2133.064444310278,3649.6562903996582,1054.1050621092804,6999.1728561707305,10298.576470849552,6905.281133850102,7738.973126247985,10446.083254256606,2995.1639937055884,896.9350387887349,4278.69645620405
1910,4,27,1,16796.2625940726,15723.07505835514,11237.072496204459,10344.744610381595,3051.2828448988694,3969.846249947388,1009.4932198240823,7092.853939536775,10938.979328887206,7653.477878252809,7954.498937912448,11550.907398218927,3331.2477152051156,869.4655805727771,4678.419769698807
1910,4,28,1,15778.064336579992,15870.098202100908,12008.808369940762,10344.744610381595,2750.479448116808,4281.378985936763,928.5337999379558,7124.4606272378405,11055.955628568341,7420.1239904503245,7837.922090708087,12528.013150471174,3718.1193841060494,879.4518731950384,4960.564050603883
1910,4,29,1,14687.710297060017,16646.170368019608,13418.143993733898,10344.744610381595,2334.9919600479748,4564.648433250376,842.6259459146869,6890.25791882264,10234.578567763185,7101.871658821196,8620.367263456023,12162.274119665,4041.174893011366,859.4506739315585,5321.699650700471
1910,4,30,1,13985.193585935642,16513.849538647653,13415.878180833739,12433.473569954596,2032.6972226769979,4384.629108081186,751.7570019124744,6596.543519150481,10241.783629700047,7853.807050291477,16071.141136915141,11781.120800204253,4372.4006369333865,884.4307124966755,4874.990121479805
1910,5,1,1,6237.566707145961,18398.896274538027,12005.40965059072,12315.223345789349,484.34268305853476,4757.398969534775,4379.807165856186,3475.311922441122,16094.130506868521,5671.21604762107,9149.868948903328,12698.971624641197,3764.4909882551506,1047.215866445165,1629.0824650491274
1910,5,2,1,6153.886043267436,18006.134447672917,14145.469934630279,12315.223345789349,1567.8463611154398,4479.349318778444,5032.848601860978,3266.4515131735366,16889.512834411235,6787.825305143119,10556.10834970171,13756.551974804768,4113.382105186351,973.5061535657038,2003.8372581097558
1910,5,3,1,5990.733802795068,17908.46907361241,14443.424330978694,12315.223345789349,2068.936798987394,4915.138675252349,7313.17817432888,3440.715412930497,16683.250277002317,8224.711994789259,12850.227618151777,14573.309087935151,4440.191505856108,962.6614403741903,2464.6199533933045
1910,5,4,1,6563.069457179135,16535.903010209902,13258.404184284527,12315.223345789349,2493.521464648529,5228.45378079788,6027.344649172178,3104.5740180560947,16102.607050323677,9848.99836869864,14577.760127079613,15461.732634031347,4692.364705562085,1068.9052928281774,2773.0946740289064
1910,5,5,1,7714.355045965956,15833.342416164849,12473.300014438431,12315.223345789349,2475.4762435227885,5321.136997716658,8599.011699485636,4321.858611946802,15513.487280189884,10819.800390584498,16015.097773851132,15571.234139149614,4536.688605918709,1149.139002033933,2532.9429047629274
1910,5,6,1,8618.005999491004,15979.315394598307,12885.67796223639,12315.223345789349,2451.6147941003023,4895.2779859126185,7373.419981216172,3860.8565634067418,16063.049847532895,10706.706316789701,16078.790972822997,15103.200283635162,4301.959962059333,1185.9938584736633,2427.1671727421776
1910,5,7,1,7956.177132120604,16691.327476455645,11819.612992791692,10266.161961413489,1940.979776459379,4566.558114917669,6127.832032929476,3076.099524631799,15122.153524009856,9925.017525739782,16751.477630371464,15967.801747265079,4304.168133685464,1164.304432090651,2228.6901339461715
1910,5,8,1,9605.23740053046,19460.613405448286,11126.95398926506,10266.161961413489,1652.7036406240907,4436.317825208994,5384.427886593773,3506.2067478064905,15473.930077399102,7291.140666618268,14650.766169765398,16467.66510792356,4611.32480688249,1168.6537629748423,1957.5547006869542
1910,5,9,1,16562.75846612388,19455.362578885994,11457.082928793481,10266.161961413489,1374.0913918049334,4559.93788513774,4620.9009518230405,6241.181841214707,13519.380432362788,7081.153322988274,11710.900970224908,16414.015375982577,4742.931835800829,1157.8090497833432,2140.505859503976
1910,5,10,1,11722.30808847652,19244.27935107886,10406.991940293603,10266.161961413489,1176.772118486969,4427.533289539503,4570.6572599443925,4817.457169997487,13078.176345521706,6092.592727531408,10099.779007720812,15748.598551461719,4653.059250616664,1042.8951495799456,2133.9005509163703
1910,5,11,1,11052.86277744798,20478.223593235583,10022.710072455484,10266.161961413489,1051.2012409012025,4777.259658874558,4379.807165856186,7322.50072900416,13570.804795990854,7428.068615468955,11076.130890654471,12418.111274219102,3656.953030061807,969.1854367004846,2263.9638437230496
1910,5,12,1,9315.812541510799,20863.63426291302,10550.531187507979,10266.161961413489,944.7642630710787,5219.669245128391,7956.094936907286,4164.8217807115925,14038.427443267294,9834.19955738939,14698.827095360315,9957.830656480874,2856.2699984209476,860.7669188043944,2391.7572710356467
1910,5,13,1,9119.188035487157,19977.294739185374,10986.700170755834,10266.161961413489,838.3272852409551,5102.669414979518,8518.647104163316,4282.279066086997,15872.327619791784,10438.614166650787,16336.39088198059,9003.746244427144,2777.217454204904,828.2327792298831,2601.2658561325507
1910,5,14,1,8953.530385916667,21161.881211656073,10071.311759160264,6696.080193661636,724.716959178184,4770.639429094631,6780.746910516469,4468.9293704835645,17126.856051155784,8899.070459606915,16010.441351994314,9362.278594823327,2860.686341673253,878.1070143032156,2823.939661094653
1910,5,15,1,9724.895739058382,21812.983705389728,9269.553864499223,6696.080193661636,679.2758114342763,4897.44229180218,5736.007171326622,5032.439595351315,15855.374532881471,6283.1079510176205,14593.226099675943,8535.712388912843,2443.78353865671,901.9711061283311,2832.7921365213015
1910,5,16,1,14242.749641226814,24058.237143458373,9207.69717232954,6696.080193661636,644.5872293363507,5022.208160731357,4992.603024990919,12047.273422905544,16954.49966756749,6061.281558340288,11644.21435720215,8615.386244556406,3093.2068139064986,1032.0504363884468,2808.504575735437
1910,5,17,1,11561.961906194283,22726.627527241915,8872.0169911962,6696.080193661636,612.2997055865754,5269.320968477717,4902.24031466001,9202.244412412261,16314.520636702757,6232.480438643929,11485.896014065902,7906.128780874814,2505.1707098635743,1118.77952790151,3483.108600554439
1910,5,18,1,25720.529801722674,21558.843699771172,8410.35761282353,6696.080193661636,577.626036894526,6664.916330928002,4701.265547145362,7348.554890487385,17131.094322883437,4951.993817992258,11052.848781369667,8177.180038516661,2750.9402118537355,1097.0901015184972,3758.6702715269485
1910,5,19,1,44315.67612827532,22586.955540682287,8106.738684224917,6696.080193661636,528.5907583313565,7100.705687401906,3857.5005754701615,4397.173647054207,16460.034632683077,5307.944174219654,10458.323490705814,9603.30201742364,2970.432471492729,977.8554844498951,4221.495845755094
1910,5,20,1,25233.47827304026,19727.35539481681,8714.089832067035,6696.080193661636,474.768276477788,7072.0604623926865,3736.890403277781,8945.262109257555,15239.412375139555,6329.217931517992,11052.848781369667,12019.54181043416,3503.485102044605,1047.215866445165,4309.793613471968
1910,5,21,1,17677.16443298597,19299.93811264025,8202.809151184398,8658.281413377763,431.7281870819795,6715.713863277702,3375.313003536398,11766.657290208599,11101.022584604923,7027.566048352749,13186.98669887742,14824.341788882544,4201.046518744383,1105.7601492679078,4896.099870574096
1910,5,22,1,15053.500025391726,18238.220981729224,9008.985381000472,8658.281413377763,393.44547416481765,7397.597530608835,3244.7047163354287,11080.849116083298,12757.197900019528,7012.611460082365,13649.635470521345,17154.90215924122,4819.77620839074,1019.0310577548449,5749.115323222085
1910,5,23,1,13688.55314871328,17381.286086750733,7989.709447940544,8658.281413377763,357.57873300165664,5954.387438587651,3013.6090453771626,10996.706988014335,9772.324398008339,6656.816880816102,12369.119459860627,19425.807230650644,5412.007838523348,912.7872053008579,5810.855664659141
1910,5,24,1,12261.472126400638,17954.67634736152,7809.690613036409,8658.281413377763,327.6773541941045,5430.370789085227,2993.6128153599316,10972.076551202332,16356.90335397854,7116.982024052712,12583.314865280263,22238.614631776778,5539.198524189382,830.4074446719715,6075.5219812604055
1910,5,25,1,11400.613560272592,19581.38241638335,9248.595095174329,8658.281413377763,302.5631786769512,4847.790568452855,3365.188330109957,10618.565715339055,15851.136261153815,7139.258129497118,12527.437802996874,22238.614631776778,5161.8219932808815,741.5036877168201,6835.926921752907
1910,5,26,1,11025.804359187845,20127.468378869587,10480.970731478308,8658.281413377763,273.85487234053613,5016.606427840669,2923.246335046253,11081.988095820276,11271.401108053748,7809.254839402667,13151.39833182794,22238.614631776778,4650.851078990532,758.8723972346133,7331.892532193567
1910,5,27,1,10471.60786667431,21045.312861970997,9643.86615557739,8658.281413377763,249.948682700396,5083.954534640163,2903.1235466112234,11446.603984118972,8981.180342193127,8034.040994341834,14301.534530494178,22238.614631776778,4959.995106651068,732.8336399674096,8356.963789287332
1910,5,28,1,9143.440395557162,29034.970559270536,9996.200061525675,7834.722352168999,230.81478294475312,4000.528468735089,5796.248978213913,11441.620947769705,7718.599194546583,6878.643273493434,13908.732086704525,22238.614631776778,4929.301521047636,730.6875885442787,8363.546399219964
1910,5,29,1,9143.440395557162,35122.77887568051,10917.13971472616,7834.722352168999,217.66115895062066,3429.0244017729024,6670.261411750529,10880.531054843028,6716.106655249414,5226.005492654844,11856.913055596338,18619.059395867487,4418.330606757245,700.3281144118556,8517.897252812443
1910,5,30,1,7438.258963348812,29699.72520206646,9860.364578171286,7834.722352168999,217.66115895062066,3442.2648613327583,4399.929954291217,8574.524204872529,7896.889158553595,5272.115473155138,10374.507897280657,16647.031375904993,4027.70504609187,745.8530186010115,8368.086130207934
1910,5,31,1,6844.176357992865,25690.194039042497,9085.116694440054,7834.722352168999,197.31927331796462,3710.3841674192236,3897.619593922423,7787.20446168939,7118.883745093958,5855.811746583613,11028.069965059558,14800.519706416266,3659.161201687939,819.5627314804725,7532.548641863821
1910,6,1,1,8778.251965409127,18199.364865167794,5286.1414956739445,7017.290802575912,331.4355324781569,3160.39584724179,1920.7771074117318,5661.58352756218,7137.814692143743,5391.129071473606,12879.330254757604,7308.574863547793,3102.701951898932,266.48235871369155,6765.561091438689
1910,6,2,1,8655.787568691076,18143.706103606404,5639.2684361370475,7017.290802575912,311.77966351639,3832.9857304587845,1967.603722009003,6211.710740520471,6666.095048864005,4097.557186085377,12167.230312205806,8323.115316818541,2922.2943300427387,342.28089497832457,7109.899686879598
1910,6,3,1,10246.121047839859,18932.380253274303,5080.405684354819,7017.290802575912,289.3051608416092,3892.6951105891635,1967.603722009003,6969.274638075128,7326.982886918146,3499.0621013476507,10244.793288408518,9659.954532868687,2822.926606866141,327.6019032441769,6484.7787298299445
1910,6,4,1,11962.82736190005,16734.38425426707,4580.0009053924305,7017.290802575912,266.84557157270467,3621.2656896127073,1967.603722009003,6444.774469198783,7453.000832951561,3076.750759670438,10500.896490540805,10374.216635723817,2912.1367405624405,312.9229115100293,6374.46326682116
1910,6,5,1,11394.600578436892,16384.679205213382,4440.766702688,7017.290802575912,252.7971432252131,3386.247532425775,1436.6911592105005,6228.653064107979,7952.975621081926,3601.251787861984,10485.264217163853,8470.451894089114,2796.4285473523505,276.26263039932985,5876.227790886548
1910,6,6,1,11027.80868646607,15823.890928352566,4827.201092781191,6981.708235122425,235.94499457058382,3523.99923669243,2365.8830629212152,5452.580745827472,8494.485472142544,3594.553378532495,10068.01555862519,8852.405955817769,2447.758247583772,271.37249455651073,5160.76618717536
1910,6,7,1,10623.936739842624,15308.259759927781,4597.221083432219,6981.708235122425,221.8965662231177,3345.762281079398,2803.1423965252297,5235.177988532659,11073.756369824187,3560.905554924149,8078.891921805143,10356.199934698838,2439.588012567026,261.59222287087243,4974.1832435679235
1910,6,8,1,10252.134029675559,14580.495198383562,5380.965765538455,6981.708235122425,245.77292905148,3202.918092366648,2998.295476819675,4936.622924978441,12717.499421504539,3573.056157893832,8178.173487826629,9638.134306071883,2451.7329565108344,227.36413337303995,4439.856906278583
1910,6,9,1,9601.128529609212,14958.554710874096,5516.234795667806,6981.708235122425,325.8280918638816,2951.73129706338,2615.7093797184007,4662.271180834862,10653.743641620922,3679.2960453980077,8777.022598786201,9918.594285359875,1954.9164223440446,210.25295002602536,3932.541968367901
1910,6,10,1,8292.30281672994,15739.877703354327,5300.302826298755,6981.708235122425,285.09958038089,2293.273058184294,3271.535100915469,4230.170743120464,10024.501565799375,4004.7141172400247,9093.492984278077,9852.93341940234,1954.9164223440446,232.2542692158591,3680.813885082478
1910,6,11,1,7238.327317315486,15794.486299603412,4733.396438721672,6981.708235122425,254.19900337879463,1727.1160998905252,3888.380829420789,3547.921880673124,8582.217696903474,4222.646085888725,8836.059375901106,9793.278120453231,1954.9164223440446,193.1389052771091,3691.709239453723
1910,6,12,1,7236.423206400695,16745.93607270396,4850.425675006044,6981.708235122425,230.32264055040685,1551.8073228339715,4044.5539170234865,3402.8443366761553,6382.413394564577,4479.366517863622,6696.43353263343,8571.945976529629,1764.2849658587877,200.47267834038703,3363.713675569649
1910,6,13,1,7391.457921395022,16547.454828646798,4904.805184605717,4347.2007409249745,210.66677158866543,1226.6649221623684,3935.207444018006,3026.2691611392165,7326.982886918146,4578.907996038386,6586.342415872718,9059.197646470624,1764.2849658587877,215.14022446694287,3182.5784091478663
1910,6,14,1,7375.623735894723,15647.46315585688,5736.131937611741,4347.2007409249745,190.99598922099685,1506.2295870414457,4450.553321423369,2864.249293554653,5844.152885161725,4609.907611307162,6569.21343547032,9047.386698020899,1764.2849658587877,161.35731440162232,3139.223978212307
1910,6,15,1,7507.007389002377,19519.422662947356,5473.864094437871,4347.2007409249745,169.93826010567383,1573.0684453963465,4434.986636030229,3391.5969117735244,5557.080613480174,4659.6004619139785,6299.307268547916,8969.714698046811,2062.3881353886227,180.91499637099733,3289.489073915593
1910,6,16,1,6946.998347381374,15711.52323991748,4862.43448337598,4347.2007409249745,154.48797160462618,1426.2775812378782,4536.486487130187,3101.5841962466216,5524.445921177843,3852.831580118953,7484.69923270253,8707.071234216672,2129.317817377141,144.24326965270612,3278.593719544348
1910,6,17,1,6621.996679167758,13832.777495902472,5090.488551759856,4347.2007409249745,146.05891459613122,1364.4038952179371,4442.833257935698,2682.2972805731083,4550.632353903912,3936.1722543341143,6809.684364225656,8398.785461123302,2129.317817377141,166.24458884255458,3054.1040221870057
1910,6,18,1,6254.503272649489,14790.528260878387,4107.918787679662,4347.2007409249745,137.63284026881658,1597.3850586264432,648.0676901840473,2272.8340651310946,4996.498539645415,3028.4599017139735,7943.855687953701,8122.329193173963,2129.317817377141,154.0206799364428,2970.7999585569455
1910,6,19,1,5610.512918058296,13150.170042794287,3720.4647817816767,4347.2007409249745,134.8246459399084,1155.7648074617548,406.01206024163,2417.9116091280634,4659.838488751218,4170.149249981207,8974.089023803584,7601.045976852636,1470.2448321210632,144.24326965270612,2608.529425713381
1910,6,20,1,6267.431183595885,12679.695982806306,4301.532499983766,2916.6955291372155,129.20676594150197,1106.1258153235156,406.01206024163,2089.458327478331,5416.369992124476,3164.2974118366533,9285.902987438496,7258.928842945761,1279.613375635806,141.79677103034572,2439.8784195085977
1910,6,21,1,5046.495221880161,11470.955708149517,4692.045353296729,2916.6955291372155,116.56616310995258,1046.3655103486826,124.92834540869491,1685.8323831882283,6945.255879987368,2797.131114406527,9804.09621980457,7264.934409954187,1257.3108422117416,151.57704271598402,2284.1656466197214
1910,6,22,1,4053.7519208245626,11903.623816888368,4323.737466403627,2916.6955291372155,115.16281161578085,1006.8605622581241,273.27759162114427,3172.6280573402823,7737.812693045082,2857.572575332674,9743.72903644484,7523.574162445377,1133.6090677150028,132.01936074660904,1833.1433729603766
1910,6,23,1,5074.154938323627,11328.133225652975,4399.415617263255,2916.6955291372155,110.94977445213628,935.9604475575103,7.808021588045709,298.4981145673166,7823.425781942183,2678.7406239325915,8050.95339066352,7595.04040984436,1042.3453344063437,122.23908906097073,1932.7677694924278
1910,6,24,1,4657.355080753786,11243.069835342432,4183.596938539291,2916.6955291372155,102.5222087842315,895.4370025777657,46.84812952827431,1762.5711429668524,7725.521705035035,2614.248962016601,7456.7607015607655,6833.134142056523,975.4156524178253,107.5715429344149,1691.866944613392
1910,6,25,1,4783.727915664853,10598.268333483376,4217.810713329086,2916.6955291372155,99.71401445532334,790.0989618104068,46.84812952827431,1773.9609403366057,7592.581248513167,1975.4076443411168,5961.051480796826,6477.204204030598,934.8736213617653,102.68140709159573,1659.2489774645146
1910,6,26,1,5104.821145685112,9894.027474938785,3347.28539715339,2916.6955291372155,96.90432878582502,740.4599696721677,85.88887026056648,1916.0486625240142,7603.883306453478,1686.2856044470147,6224.804518836823,6413.545193742539,934.8736213617653,117.34895321815156,1568.6813442536236
1910,6,27,1,6162.705083292924,11402.694962838163,3294.831828518616,2042.1813713334275,94.09613445691686,737.4172102156409,85.88887026056648,1553.5683612321445,9091.092855661758,1788.4752909612705,5988.990011938449,5989.752348522627,934.8736213617653,124.68558768333112,1621.206031784957
1910,6,28,1,5468.305897646589,8815.507699028574,3471.338653427821,2042.1813713334275,89.88309729327229,737.4172102156409,85.88887026056648,1442.80258181147,9093.35326724979,1690.3358054368573,6001.296269703265,5436.639627057269,934.8736213617653,110.01518015487365,1615.781053254277
1910,6,29,1,4772.9045483608,8625.217744408465,3356.3486487534337,2042.1813713334275,84.2652172948658,663.4743360584459,85.88887026056648,1468.2872534262053,10041.313376985485,1499.4155618516527,5130.877984015076,5301.514369370226,874.0384930614342,110.01518015487365,1613.9651608590368
1910,6,30,1,4593.11639147691,9025.435744991939,3365.4119003532805,2042.1813713334275,82.86037446012939,696.906496447037,15.616043176091418,1593.4326520261934,7365.268608190633,1484.616750542401,4972.72594165945,5305.518080709027,780.7432418567405,100.23776987113698,1679.178396501881
1910,7,1,1,3894.0070367259955,13804.423032465624,974.7640386395875,537.1032681787349,216.6917875678298,362.52123650580467,240.90394834010237,2453.6470983756635,2343.481713903799,936.0170264609861,2556.0429979033765,1353.1343211992682,381.30707640303837,23.03085159255331,1702.512613780306
1910,7,2,1,4668.879962605286,12680.746148118611,878.0818021969932,537.1032681787349,201.3011526903377,342.2276859881622,0.0,375.5358565269317,2338.5370635549702,881.2614246168476,2589.1368532438246,1610.873238639208,371.0611600576917,21.934076245233776,1427.7680943855835
1910,7,3,1,4977.746796226597,10049.031875060218,936.5397750168332,537.1032681787349,187.088676878081,210.99436181247327,284.9336219032965,441.34041083057576,969.5752955462754,808.2643406220257,2095.5561364072387,1624.4458200780355,375.14627756608564,24.127626939858125,1486.3306241310022
1910,7,4,1,3632.1416777860254,11817.51026126552,1054.5886271061986,537.1032681787349,175.24743260217127,157.33230696183443,300.4749956128871,386.66938345584794,733.870877203107,696.1516616824657,3402.513971184277,1448.1023541573657,395.6601919729784,16.450485648885152,1616.9386846562277
1910,7,5,1,3923.069782264696,10653.927095044764,738.666334460857,537.1032681787349,164.5992607973986,172.5588354556637,510.2961965338626,450.4522487263782,733.870877203107,694.8431352088409,1573.7209169459347,1595.6190984382183,395.6601919729784,58.12651814570862,1306.1713998716339
1910,7,6,1,3902.02434583992,11864.767700326933,459.8353989881904,911.8704786194651,151.56494405037733,174.73587255636593,246.08018762940154,394.77037683505006,733.870877203107,625.7560529388496,2852.55728972258,2104.350679712154,533.0084671193099,25.224116146972772,1252.103203804366
1910,7,7,1,4281.944581485367,11133.85264284503,345.1626081197307,911.8704786194651,148.01555344876948,166.76613439819266,551.744078373335,391.7378432853359,733.870877203107,577.511928070748,2166.732870506337,1924.5640220400705,797.4591010666683,20.837300897928962,1276.890134998957
1910,7,8,1,4290.964054238746,10092.088652871642,477.8259534140559,911.8704786194651,145.6473045936028,133.41036127633686,204.63230578992906,297.6011680245181,733.870877203107,574.910452819542,1598.5662535683493,1812.6602901185229,594.5060469075057,13.160445747148144,1436.779460396795
1910,7,9,1,4194.956777597156,9536.866252166734,658.841745994246,911.8704786194651,140.91080688321853,91.3566247205412,202.05051406620737,409.9615190769408,636.2352241720241,443.2321875596298,1964.6774220708944,1719.393834479435,524.8161503863228,5.483590596359166,1495.3419901422135
1910,7,10,1,4201.971923071968,9544.742492010175,919.6707979763808,911.8704786194651,132.62193589009706,68.15399246307693,220.1736794995196,349.22542460278476,676.8802500395623,526.6663279514404,2494.844310640542,1792.3014179603567,467.4036881064791,1.0967181192718316,1531.3647555320847
1910,7,11,1,3237.1889875518414,9525.209417198379,785.8858752964454,911.8704786194651,123.14894046937945,80.48035106481764,222.76812706504285,338.0918976738685,676.8802500395623,495.38631415256225,2007.7493242476062,1829.616007638671,377.1998771784032,0.0,1695.7484146081379
1910,7,12,1,3481.1156173488303,9117.220193302157,742.0310666172933,911.8704786194651,112.49182062106581,82.65611504443838,248.67463519492475,393.75953231844966,535.5762706419011,411.9521737607517,2037.5171639760604,1756.7084241577493,352.6008452631165,0.0,1526.8477231990241
1910,7,13,1,3159.2206564173493,8433.03749222513,338.4104856777226,1221.9548164417565,106.57119848311096,75.40441719316262,209.8212009209755,456.51731582571955,535.5762706419011,346.7750932155913,2955.3311721366795,1973.7496158382032,352.6008452631165,1.0967181192718316,1749.8166106754059
1910,7,14,1,3461.172560927623,8843.54711287104,337.2889082923095,1221.9548164417565,101.83470077275217,357.4542144819372,158.0081846612117,461.5857756552944,535.5762706419011,350.6850949404993,2874.1763912013175,1775.345700440209,297.2640643118735,1.0967181192718316,1398.4868295129063
1910,7,15,1,3753.102829045407,9302.364337891433,580.1387349130481,1221.9548164417565,98.28232748998946,358.1798935155408,233.1332614853342,370.4816339441038,535.5762706419011,328.5180333688639,2271.169760726504,1599.0022345195391,264.4506339473165,1.0967181192718316,1231.85600359781
1910,7,16,1,3000.2775032300046,7572.952101309723,764.5192596496744,1221.9548164417565,94.72995420720125,321.9214042593792,233.1332614853342,325.93328898169193,535.5762706419011,289.40243842412593,1868.5555708810657,1639.699960279174,289.0496658626032,0.0,1252.103203804366
1910,7,17,1,3791.0848309733697,8439.653533694112,828.6077775259124,1221.9548164417565,89.99345649684246,106.5818800932347,214.99744021022045,429.1818021383991,3902.600606756786,191.63681760646259,2390.4074204205167,1317.521308839963,289.0496658626032,9.870405845408541,1117.0008096010545
1910,7,18,1,2157.457882608372,8212.817826200098,988.2569544589372,1221.9548164417565,85.25695878648366,89.90653977452408,214.99744021022045,340.11358670706926,679.0700237654154,269.85242979981746,2277.8217919506324,1442.997622200338,280.8573491296159,9.870405845408541,900.796121296841
1910,7,19,1,2710.351562390788,8541.204519410227,857.8367639356353,1221.9548164417565,80.52046107612487,156.60662792828512,220.1736794995196,393.75953231844966,690.1036578295093,265.94242807498665,2027.5391171396548,1381.9610428390852,289.0496658626032,12.063670399838355,912.0546541470953
1910,7,20,1,2762.2636389045992,8004.360011673346,543.036048675707,1093.0620721018338,75.78396336576608,126.88306933758324,113.97471434549875,374.5250120103314,709.3877941900336,286.80096317292,2342.3464948254605,1434.5297727185384,289.0496658626032,6.58036594366894,785.9409273000855
1910,7,21,1,2470.433587150591,7991.337961799072,337.2889082923095,1093.0620721018338,67.49509237264458,122.53281449947751,134.696124096853,368.45994491099003,709.3877941900336,232.04536132878158,1984.4672149629432,1453.1870675576954,309.56358026949596,8.773630498098752,819.7392245058231
1910,7,22,1,2630.3789039773887,8897.000527276357,572.2650350856269,1093.0620721018338,62.75859466226032,118.90823869497541,129.5198848076081,369.47078942750346,546.426246264606,208.5853509795651,2481.540248192143,1307.3518820391544,325.9482137355123,5.483590596359166,637.3101347524375
1910,7,23,1,2220.4939755182436,8161.989825075928,577.8842510775556,1093.0620721018338,61.57447023468973,122.53281449947751,145.06125851714438,361.36979604830134,415.44952230986485,232.04536132878158,2365.6286041102653,1590.5343850377392,282.91094874193345,6.58036594366894,508.9492410663198
1910,7,24,1,3139.177383632027,9641.147667695457,927.544497803802,1093.0620721018338,56.83797252433094,162.4120601967882,145.06125851714438,482.8419849965265,312.4312641848436,204.6753492547343,1911.6274730577773,1597.3006572005297,168.1036895552893,4.386815249049376,677.8499324754335
1910,7,25,1,11125.018559475004,9641.147667695457,974.7640386395875,1093.0620721018338,55.653848096734876,169.65611932135786,155.42639293749002,489.9178966124682,312.4312641848436,159.04827733395956,2766.4134853690157,1307.3518820391544,217.3039615574826,5.483590596359166,698.1198313368993
1910,7,26,1,2543.391100089178,8031.664309797889,810.6172230998498,1093.0620721018338,54.46972366913881,251.59419405889875,147.65570608266762,406.9147482805667,153.46781925569454,225.53388435266763,1919.942512088115,1554.9213726784342,190.6535382014983,4.386815249049376,664.3442327860714
1910,7,27,1,2789.3220571647335,6777.976959767219,464.333037594706,1786.4383865252184,53.28559924154274,416.1832913564435,204.63230578992906,434.25026196788707,109.11995665554939,138.18662669672483,2305.9266238730193,1247.996861440362,182.4523887819894,3.290039901739602,664.3442327860714
1910,7,28,1,5122.759874828093,7616.008879121146,595.874805503421,1786.4383865252184,50.917350386376086,332.79385855180396,108.79467830368084,324.92244446517844,0.0,168.17680725732328,2463.247162325541,1371.7916160384254,172.20426426502283,5.483590596359166,752.1653287492576
1910,7,29,1,2343.4594540558505,6899.16603682659,937.6613524022463,1786.4383865252184,48.54910153118395,325.5497994272343,121.74666678445791,390.7269987688225,0.0,67.78946018357607,1931.5835667304468,1429.4450593182085,153.75278215696923,8.773630498098752,801.7164924834004
1910,7,30,1,2859.2730791853005,7569.066489653348,933.1637137957307,1786.4383865252184,47.36497710358788,327.0011574943329,98.43334063590824,391.7378432853359,80.15278215477399,157.7397508602575,2133.6390151658893,1576.961803599061,192.70272147057597,5.483590596359166,506.7020742272767
1910,7,31,1,3061.209052497194,5568.606585922434,999.4953864429918,1786.4383865252184,44.99672824842123,367.6009897408127,93.25203900995353,353.2688026690993,80.15278215477399,199.45682105620142,2233.0868819678535,1692.2686901586271,221.4133689537377,5.483590596359166,508.9492410663198
1910,8,1,1,2702.735118732304,8594.447900752624,191.1439762430582,643.3887196625957,73.9048742237399,70.63403238833952,58.31052543112827,85.32951444473025,359.1794013399909,0.0,1365.4624493939264,914.8880780461266,250.56123441886083,0.0,946.3977190714438
1910,8,2,1,2481.9584690020915,6363.476710933475,185.1395720580877,583.7046065202743,72.53582356314192,35.07066725909221,74.81374311622723,63.344358071794645,265.2027895670963,0.0,781.4307379862041,959.3092553509437,250.56123441886083,0.0,802.0342736525901
1910,8,3,1,2394.56979965844,10744.241311917604,115.89632983442898,583.7046065202743,69.79921358248518,11.471839711701021,61.6111689681806,64.09038979951244,189.7615528162144,0.0,819.7464378376388,967.5368821522214,285.362019246928,4.4592087170560015,816.4706181944819
1910,8,4,1,2209.6706082141895,10148.587546682416,118.53600186291591,583.7046065202743,67.06111226126374,9.669100217786106,83.61461549216712,59.058946811430886,189.7615528162144,0.0,899.8535238551175,750.3355420183349,285.362019246928,0.743220528855316,699.3682573586187
1910,8,5,1,2190.3288499763144,10340.977831927903,216.39646101327656,583.7046065202743,67.06111226126374,6.883129289442873,64.9118125051787,70.05152499789877,152.1963377374427,0.0,565.4559142140365,895.1497811454407,285.362019246928,2.9729965714971582,651.2471088856674
1910,8,6,1,2721.1749296948415,8437.868252663116,281.5499109525813,583.7046065202743,67.06111226126374,7.702510036818281,73.7126848811186,84.21046685315358,32.044159774999216,0.0,702.471127354783,789.8321543764041,243.60549379651235,3.71610264427658,551.8043015932177
1910,8,7,1,2570.2490856214217,10111.096645026902,215.67140088527304,583.7046065202743,69.79921358248518,43.265747853958295,42.907100397036054,65.95262166946445,0.0,0.0,734.9829299630575,631.8657235011232,243.60549379651235,3.71610264427658,495.6705279263788
1910,8,8,1,2789.2218408006174,7749.589906867562,210.1428174092955,583.7046065202743,72.53582356314192,32.612270392743554,44.0081586321604,60.9226024060542,0.0,0.0,608.4114058444269,707.5558863624336,189.65986096972227,3.71610264427658,553.4159060939462
1910,8,9,1,3593.2577285827247,8648.216364751557,215.4334905308273,414.96153663641013,73.9048742237399,24.909887668036408,45.107951283106495,62.2267342048892,0.0,0.0,673.4350110611175,450.8579338704778,189.65986096972227,3.71610264427658,455.56200464725055
1910,8,10,1,1924.4548364795526,8400.3773510076,171.19349365865662,414.96153663641013,72.53582356314192,36.54621462734602,37.406871558127435,70.23803292982821,0.0,0.0,642.087313916906,631.8657235011232,167.0415590031278,3.71610264427658,439.5140556046302
1910,8,11,1,3110.3150708212174,9096.74196970875,158.21038574172053,414.96153663641013,75.27243354377319,29.990914024120038,37.406871558127435,71.35565679673367,0.0,0.0,733.8188244988526,574.2723358912843,167.0415590031278,2.9729965714971582,481.234183384487
1910,8,12,1,2480.154574451416,9349.516760421386,216.39646101327656,414.96153663641013,72.53582356314192,34.25205038438367,37.406871558127435,65.39452159834734,0.0,0.0,624.6756221875668,600.5967379444809,167.0415590031278,1.4864410577106348,526.1321228559813
1910,8,13,1,2364.2042413886206,8938.482057118941,220.72416365235915,414.96153663641013,68.4301629218872,30.48233877316747,37.406871558127435,66.88516132911177,0.0,0.0,710.6032355263529,534.7757235333642,167.0415590031278,2.229661586565945,503.6831531202018
1910,8,14,1,3629.1351868683464,9567.951145415422,243.32564732963,414.96153663641013,65.69355294123045,70.14260763926721,55.009881894130174,82.16172705127202,673.4331223677567,0.0,884.7700430543297,521.6235317851894,167.0415590031278,2.9729965714971582,511.6957783140894
1910,8,15,1,1924.4548364795526,8762.36933421687,244.52652816672202,414.96153663641013,64.32450228063247,80.13915460694403,55.009881894130174,70.79755672561654,126.33016538401424,0.0,825.5503350807992,696.0452162631748,167.0415590031278,2.9729965714971582,445.93777495269904
1910,8,16,1,2516.032032737378,7363.129071877051,228.17868809323514,618.9431733214481,62.95545162000902,80.30338723031053,55.009881894130174,72.10168852445145,141.37461725968518,0.0,938.1692237066941,668.0592740045136,161.82144127890516,1.4864410577106348,494.05892342565033
1910,8,17,1,2940.0474685099216,5676.878629638224,167.34161172867542,618.9431733214481,58.849790978754285,73.25666187804038,33.006435370164866,69.30691699485213,664.9424513401028,0.0,759.3626243997619,570.9892925934522,132.24077417501874,0.0,577.4764803303894
1910,8,18,1,3140.580412726921,7853.976338927744,128.39228797786743,618.9431733214481,56.11318099812301,58.014855930907515,30.805584484094478,60.177994403007645,668.7710234673362,0.0,989.2568235086544,487.071502930715,118.32046024380024,2.229661586565945,577.4764803303894
1910,8,19,1,2710.151129662897,7105.418504196503,191.1439762430582,618.9431733214481,54.74413033749956,46.54276159501556,34.10622802111096,58.12783087645487,135.2051063815694,0.0,1209.8714390596358,722.3696183163713,113.10034251957761,0.0,694.556142511343
1910,8,20,1,2730.2946188119945,8449.210038037854,199.56147116642896,618.9431733214481,52.0075203568683,40.64311836422333,34.10622802111096,60.73609447412476,131.44858487368992,0.0,946.301331878264,735.5418286212439,113.10034251957761,2.229661586565945,590.3012203715529
1910,8,21,1,1927.2608946693408,10329.636046553165,224.5647165178839,618.9431733214481,50.63846969624484,45.72414472030701,29.705791833148382,83.83887471396591,141.36048968725987,0.0,1312.0466386634146,906.6604512446995,113.10034251957761,0.0,611.1612842614489
1910,8,22,1,2109.3540279238027,9532.140508260209,225.52768700033315,618.9431733214481,50.63846969624484,41.46300836004339,29.705791833148382,66.13912960139398,1219.1529900110359,0.0,1042.6726342390243,682.8730059583021,113.10034251957761,0.0,623.9860243026122
1910,8,23,1,2515.029869097925,7642.0529788704625,209.17984692684627,439.4178329979126,50.63846969624484,42.28162523475193,29.705791833148382,28.690899574368586,371.38562391551477,0.0,1143.6837283787404,776.6799626280799,100.92006782976662,0.0,500.48264277365456
1910,8,24,1,1997.1117003261334,8821.073575184482,142.57627673179744,439.4178329979126,49.26941903562138,41.62596786231819,39.60645686001957,35.39806650047262,371.38562391551477,0.0,1204.0675418164756,631.8657235011232,93.95991086413646,1.4864410577106348,555.0048119397649
1910,8,25,1,2248.253908325825,6094.319341346729,135.1217522908343,439.4178329979126,46.53280905499011,44.41282997543948,31.905377135040514,17.140221316783585,398.53881811688854,0.0,1040.3444233104728,617.0519915471855,93.95991086413646,0.0,718.6167167477863
1910,8,26,1,1897.797283674859,8333.481820602932,258.4726065662219,439.4178329979126,46.53280905499011,60.309020173875396,29.705791833148382,3.7261722095095946,398.53881811688854,0.0,1161.112050186085,631.8657235011232,93.95991086413646,4.4592087170560015,593.5017307181
1910,8,27,1,3217.9474456780817,6433.522737275827,265.9271310070979,439.4178329979126,49.26941903562138,74.56670350178219,29.705791833148382,51.98018774613909,398.53881811688854,0.0,817.4182269090874,432.7611586188572,93.95991086413646,0.0,556.6164164404934
1910,8,28,1,3189.3857819589375,8472.103641849488,250.29302199714525,439.4178329979126,53.37507967687611,61.45610229533219,39.60645686001957,62.786258000677535,398.53881811688854,0.0,883.6059375899829,664.7762307065324,93.95991086413646,2.229661586565945,519.7311021628867
1910,8,29,1,2329.228730378337,9416.307274294593,224.5647165178839,439.4178329979126,50.63846969624484,45.88710422258181,23.10450475911542,67.07024553637,398.53881811688854,0.0,1060.0843259683636,735.5418286212439,76.55951845010286,2.229661586565945,428.27822140928555
1910,8,30,1,2822.2932408964507,6643.975865894962,232.01924095875992,326.24161845145767,47.900368375023405,42.77304998379936,42.907100397036054,68.56088526713434,178.02154013079368,0.0,1103.0564476767595,768.4523358268023,69.59936148451449,1.4864410577106348,434.70194075735446
1910,8,31,1,3427.600079012234,7335.404707628199,143.77715756879152,326.24161845145767,46.53280905499011,40.478885740837015,34.10622802111096,59.991486471078204,190.35491085802494,0.0,754.7228326209481,720.7280966673062,116.5804210023927,0.0,521.3200080086408
1910,9,1,1,3552.1690193729664,9934.038773343987,145.4085428567835,540.2852742108591,9.460766427893219,101.83186522614972,120.86835136468795,34.73318707901424,657.8786651274464,0.0,816.9692148015245,336.3718081353698,130.36603646441836,1.7883761859342902,1222.7084456569462
1910,9,2,1,2505.7097472528812,9205.01401342454,171.92988285115285,540.2852742108591,9.460766427893219,106.98800572783861,85.95088388532902,30.779503667044104,161.70419397962795,1.2324138504408462,595.2237539423489,1178.252209917235,130.36603646441836,1.7883761859342902,973.0005426612099
1910,9,3,1,1864.525450851476,10444.83918133155,168.44053098517006,323.07036243968827,9.460766427893219,111.71510441491392,182.64910861278167,28.376256422029506,424.3075102204496,0.0,461.00239391586405,1408.4055562324681,182.096873150175,1.7883761859342902,749.1237089872728
1910,9,4,1,2411.1054997061865,8247.263248448624,196.8198375575303,323.07036243968827,9.460766427893219,115.15253141598555,94.00885834858039,27.8338173222958,328.9463963498952,6.162069252204239,396.81029260227814,1182.1958655859432,159.33504002786609,0.0,708.2207327852675
1910,9,5,1,2000.2184076079282,9034.78221627276,219.85182568586106,323.07036243968827,9.460766427893219,113.4338179154769,134.30379300160124,28.376256422029506,124.38903693278208,0.0,775.2942391818017,1237.2669150521656,151.0588127730701,0.0,570.4398972989804
1910,9,6,1,2130.299247984463,8110.741757827447,231.4867749273251,323.07036243968827,10.812219269558582,116.8712449165485,120.86835136468795,29.84981145673931,0.0,0.0,616.0612417522813,1022.8681728555146,138.64226371925616,0.0,716.8235230075209
1910,9,7,1,2129.397300709125,9916.29097956319,167.047056051677,323.07036243968827,10.812219269558582,119.44931516742011,139.66986991759836,26.283381155340336,154.7958110636727,30.809567376215455,657.7362173720038,755.3401811918739,138.64226371925616,0.0,561.8371070767272
1910,9,8,1,2443.876250710354,8681.821654750698,163.78428547569294,323.07036243968827,10.812219269558582,135.34550536585598,139.66986991759836,26.592329408994452,118.86091784277353,0.0,1079.574777455323,527.1686719895671,130.36603646441836,0.0,340.11664562206465
1910,9,9,1,2374.6267432368927,9793.946720660051,172.63228485014946,323.07036243968827,12.163821245282858,24.06198900776286,139.66986991759836,29.84981145673931,428.44688894108515,43.13464054239079,529.3686448226954,365.8791607029097,130.36603646441836,0.0,639.330315042124
1910,9,10,1,3426.698131736896,9142.949243457859,204.03645164380902,382.2814746852468,10.812219269558582,35.66266857594986,80.57847904837689,32.329939833999646,443.6622844431523,0.0,355.13531698255554,308.8262741240588,130.36603646441836,0.0,727.5826854491132
1910,9,11,1,1797.0798379290313,9391.313339857583,243.81279710318776,382.2814746852468,12.163821245282858,115.58157323059913,83.26531425892134,34.03556199011783,225.27826989322892,0.0,102.53773530561325,450.45756273667223,130.36603646441836,0.0,680.2332912441293
1910,9,12,1,2395.2713142058874,8758.063656436188,200.54709977781673,382.2814746852468,10.812219269558582,153.8184926940277,77.89290942202344,32.329939833999646,125.77212627321607,1.2324138504408462,300.10638868027587,415.04473594434444,130.36603646441836,0.0,544.6088279771816
1910,9,13,1,3394.829328008407,8495.627344849116,161.92631889770226,382.2814746852468,10.812219269558582,109.99639091435095,174.5873373970115,29.30594863233439,248.77242283656722,28.345175850824965,260.0944208666209,338.3336266914496,103.46388154309147,0.0,624.2584081619176
1910,9,14,1,1725.0242722657817,9306.144933016347,127.03280023787403,382.2814746852468,12.163821245282858,90.66022747257189,102.06683281183176,32.7954978014877,71.86978644183776,7.3944207918606235,287.6005699786871,395.36649471375193,105.53293835679047,0.0,576.9090139569336
1910,9,15,1,2730.2946188119945,9591.684881477973,173.09677649464712,382.2814746852468,12.163821245282858,89.37182890770399,118.18278173833448,30.934689656206814,422.9230081227897,29.577371613520167,238.4254291537258,399.31015038260915,105.53293835679047,5.365128557802869,663.0050121445837
1910,9,16,1,2813.5744172347386,9935.824054374983,90.26885302910524,382.2814746852468,12.163821245282858,87.65311540714102,126.24075620158587,32.87237893373336,215.61501035445087,0.0,102.53773530561325,548.8087317760903,99.32576791569348,0.0,589.8245486178007
1910,9,17,1,2372.722632322442,9499.480367042679,99.80679243160829,371.8754549587616,13.51527408694822,135.34550536585598,85.95088388532902,32.09787271259128,67.72334393502074,56.69035170164993,296.78037306814065,440.62845139972484,99.32576791569348,3.5767523718685803,536.0060377548635
1910,9,18,1,1608.0717755635328,8765.20478056094,182.63584880360006,371.8754549587616,13.51527408694822,100.11315172558675,96.69442797493386,32.329939833999646,0.0,0.0,309.28619176972944,432.74114006215945,86.90921886187954,1.7883761859342902,563.9934792960017
1910,9,19,1,3116.9293508402475,5703.972894699845,221.9477026183897,371.8754549587616,13.51527408694822,206.6784812444364,18.80151855288227,25.5843323417727,0.0,0.0,345.1240099901391,491.7558451970902,86.90921886187954,0.0,548.9215724157954
1910,9,20,1,1685.7394576067,6353.080074340348,170.76298920765856,371.8754549587616,13.51527408694822,181.31790870292653,136.9868314595727,26.360262287585996,428.44688894108515,0.0,281.76341257951606,393.4046761576722,86.90921886187954,1.7883761859342902,594.1372930564146
1910,9,21,1,3358.3505715391134,10817.752883790485,166.80914569717808,371.8754549587616,16.218328904337884,198.50504370844757,102.06683281183176,29.539439478413975,0.0,38.20429972199833,384.30447390068935,306.864455567979,86.90921886187954,1.7883761859342902,432.68176046766786
1910,9,22,1,2469.130774419812,11427.898930338091,112.37072496204637,371.8754549587616,18.922129392021965,139.64865472280658,32.23189785304294,32.87237893373336,601.2129721298007,1.2324138504408462,305.943546079447,432.74114006215945,86.90921886187954,1.7883761859342902,514.4877128716786
1910,9,23,1,1779.341541513941,11508.76165939788,129.11734810586384,371.8754549587616,21.624438539117165,88.0821572217003,80.57847904837689,33.49312289038412,0.0,9.859279648134574,454.33373261358827,635.3489523659325,80.70204842078255,0.0,645.7994317000125
1910,9,24,1,3085.0605471117588,13199.527812481077,129.11734810586384,383.9799779051447,22.97559311266477,117.73060166685715,67.14936533241861,31.245061634532146,453.32554398208333,0.0,418.49591439317857,538.9796204391429,80.70204842078255,0.0,703.9079883466536
1910,9,25,1,2533.770329152128,9034.78221627276,191.93701075805427,383.9799779051447,22.97559311266477,67.02855340049403,77.89290942202344,27.52344534397046,312.3606263226651,46.831227830476486,396.81029260227814,460.2866740736196,86.90921886187954,1.7883761859342902,626.4147803811921
1910,9,26,1,1906.6163237003466,1929.678761669874,190.77011711455998,383.9799779051447,21.624438539117165,56.71627239717055,85.95088388532902,25.894704320098036,395.2753488866248,67.78322910513006,390.9731352029652,338.3336266914496,86.90921886187954,0.0,546.7652001965208
1910,9,27,1,2590.893656590416,3130.4377799525278,139.12091205931443,383.9799779051447,20.273283965569576,72.18469390212864,99.3812631854783,27.445140487053497,0.0,0.0,345.1240099901391,387.49920193288426,86.90921886187954,3.5767523718685803,635.0175706035102
1910,9,28,1,2997.0705795840945,6127.81961481441,106.08875869682733,383.9799779051447,20.273283965569576,78.20019115407186,32.23189785304294,28.76350953260059,391.1359701659893,0.0,416.81627650910565,342.2572638036091,86.90921886187954,1.7883761859342902,619.9683623782136
1910,9,29,1,2319.407526713396,10333.101592083698,77.00705012547067,383.9799779051447,20.273283965569576,100.11315172558675,206.821766418399,24.18908216397986,458.86355237272267,20.95044350504201,408.48460740076223,371.764616371149,76.56393479338455,0.0,650.0894774837166
1910,9,30,1,2842.637162773439,10606.669655983354,81.89327564429655,383.9799779051447,20.273283965569576,100.11315172558675,206.821766418399,32.329939833999646,0.0,0.0,310.1176956726923,413.0829173882647,74.49487797968554,0.0,542.4751544128168
1910,10,1,1,2812.171388139844,14305.35188651583,379.1044853614764,242.45595962011024,14.264971000990595,23.815003512127582,0.0,0.0,394.568970265298,120.88292185221755,1147.1760447713546,904.9788924823881,104.24557429872574,0.0,625.3933409088941
1910,10,2,1,2202.054164555706,10272.717086616549,625.9648008153699,242.45595962011024,12.968250358938011,7.44954087195891,0.0,0.0,194.80509617190975,85.11185826338775,871.7985821670305,1066.0882367586169,121.61946865327819,0.0,568.5332102840367
1910,10,3,1,2613.2419057459706,3557.7500455976246,421.4185412688675,325.7901175954045,12.968250358938011,6.39374153417387,14.92629979891585,0.0,147.66138698893064,66.60867081806022,722.2941804028424,1093.934049120543,182.43030706574817,0.0,3027.546595907124
1910,10,4,1,3184.675612854358,3139.1541520461196,387.034830511441,325.7901175954045,12.968250358938011,13.198446563146954,32.69510166230213,0.0,83.13369993650623,98.68003157954239,720.7309530652324,1093.934049120543,143.33683659642696,0.0,753.3229601511438
1910,10,5,1,2411.4061487981926,9260.987824579544,382.62782442107357,325.7901175954045,12.968250358938011,12.318210626640736,0.0,0.0,117.87622604473222,123.35042891685994,303.71511561935324,674.2650265797674,147.68251835668505,0.0,542.1346745887173
1910,10,6,1,2071.8731078150554,9968.799245186896,386.1624925449429,325.7901175954045,12.968250358938011,12.611537730735403,37.67011306721464,0.0,344.9388083353149,97.44627804722117,736.4630069104988,274.47443083641264,130.30641583051263,0.0,625.3933409088941
1910,10,7,1,2020.9631949406978,12018.091835948064,338.54643445174787,325.7901175954045,12.968250358938011,10.969084184761028,0.0,0.0,0.0,88.81156109070065,608.9934585764584,276.45626794919013,136.82273029927978,0.0,511.6957783140894
1910,10,8,1,2450.991612548941,13168.022853106546,305.93005775645315,325.7901175954045,14.264971000990595,12.962919157515428,5.686016596283625,0.0,315.1578856628256,69.07617788267375,428.0249491218794,604.6404863966776,134.64988941915075,0.0,666.0012345966842
1910,10,9,1,2065.2588277960253,13450.51732216195,551.9067061791822,325.7901175954045,15.562139045219846,10.323866405441796,0.0,0.0,218.38401454977054,0.0,478.3808254891927,672.2631709102922,132.47925671064166,0.0,688.3367110577208
1910,10,10,1,2202.054164555706,1490.3946114620414,379.9881523924438,146.06052688481284,15.562139045219846,12.962919157515428,24.166329884712372,0.0,0.0,56.74020032921788,462.64877164392635,694.1434533771882,130.30641583051263,0.0,698.4830098159731
1910,10,11,1,2588.6888965839594,2500.4436089995097,338.54643445174787,146.06052688481284,18.155580329324987,13.315573705406962,0.0,0.0,219.6272409232262,86.34561179570895,250.21615449867286,785.6282574704762,121.61946865327819,0.0,631.4765804328634
1910,10,12,1,2993.2623577548525,7073.598495228357,302.406718696856,146.06052688481284,16.85811401697796,11.02777506800222,0.0,0.0,218.38401454977054,102.37973440685528,635.7512541758721,650.3828884433962,134.64988941915075,0.0,511.6957783140894
1910,10,13,1,1916.3373110015123,6028.999058910902,310.3370638468205,146.06052688481284,18.155580329324987,9.3853215220279,0.0,0.0,815.2033116553681,91.27906815534304,610.5733159922155,322.2186885524573,145.50967747655602,0.0,737.0707232140768
1910,10,14,1,2848.048846425466,10008.915560123556,335.9067624233151,146.06052688481284,19.45155530108313,11.203720405614503,0.0,0.0,0.0,41.938273480760024,369.80304583193293,596.6931193890191,143.33683659642696,0.0,706.6091282844743
1910,10,15,1,2447.1833907196988,10513.2049431736,246.86031545369636,146.06052688481284,19.45155530108313,13.13988299201695,0.0,0.0,400.77097456007937,120.88292185221755,308.43805778861935,622.53707608147,154.19662465383223,0.0,548.2406127675966
1910,10,16,1,2336.8451740368205,9257.312245986092,481.3719506025916,146.06052688481284,19.45155530108313,7.156341079975432,0.0,0.0,229.5447967657247,108.5485020683841,210.8693898075017,622.53707608147,149.85315106519414,0.0,489.36030185305276
1910,10,17,1,1635.2304101877826,10360.090840614623,347.3604466326798,826.3863165684111,19.45155530108313,2.63956200051824,0.7107520745354544,0.0,0.0,122.11667538453874,269.0912930973063,598.6749565017966,147.68251835668505,0.0,629.456400143177
1910,10,18,1,2977.227739526663,10320.079542209422,260.96500075616007,826.3863165684111,20.749021613430155,6.921704859121957,0.0,0.0,490.1137425773943,56.74020032921788,322.5902542181285,626.5207688637228,167.2270454197048,0.0,639.6026989013646
1910,10,19,1,2522.6463127564084,10543.659737235059,275.9533530895911,826.3863165684111,20.749021613430155,14.665082083620128,0.0,0.0,0.0,0.0,162.0850558168719,777.6808904628176,169.39988629983384,0.0,647.7288173699305
1910,10,20,1,772.3574951446884,10161.714613088152,226.58128999873355,826.3863165684111,20.749021613430155,6.921704859121957,63.96768670818162,0.0,264.28449735953967,85.11185826338775,207.72630505399275,473.37881015170126,156.36946553396126,0.0,722.861365221606
1910,10,21,1,927.963443413249,9379.236438764154,220.4069498462344,826.3863165684111,19.45155530108313,3.7541795336556136,0.0,0.0,559.5931437648713,122.11667538453874,426.4617217841276,463.4295874745675,147.68251835668505,0.0,566.5130299943503
1910,10,22,1,931.7416003330519,9513.86763182364,223.0579509393335,826.3863165684111,23.3424628975353,1.6424535459743324,0.0,0.0,102.98576470849676,59.20770739383133,394.98098401558957,777.6808904628176,130.30641583051263,0.0,674.1273530652501
1910,10,23,1,1472.0781697154148,11004.682309410759,448.7555739070997,826.3863165684111,29.82681177806948,2.40492577966476,4.97526452174817,0.0,110.43099537661448,93.74657521990827,184.11159420808787,437.56561222541876,132.47925671064166,0.0,584.7854472211039
1910,10,24,1,1925.757649210331,12865.575243114274,278.5930251180238,735.9786451839155,67.43394740849885,2.6982528837593946,0.0,0.0,40.94594316016237,9.868003157958945,237.62718540677358,723.9711028518918,123.79230953340722,0.0,635.5396396671464
1910,10,25,1,2776.394146217998,8265.536124885959,208.06959860590248,735.9786451839155,70.02888003319198,2.40492577966476,11.372159750985047,0.0,373.47650463434854,160.35680380758444,634.1713967601149,735.9221811983518,115.10536235613101,0.0,623.3731606192721
1910,10,26,1,1837.0661671355604,11340.735209402172,223.94161797030083,735.9786451839155,51.87329970385551,2.932889104612869,0.0,0.0,367.27450033972,152.95428261373442,113.30238483419406,745.851385318788,119.44883594476912,0.0,613.2041632061099
1910,10,27,1,2887.6343101765538,11047.73908722218,221.29061687739883,735.9786451839155,42.795509539200005,4.106070208880247,4.264512447212716,0.0,150.133712163353,236.82771403608044,679.8209610363094,447.5148349025526,130.30641583051263,0.0,651.7918766042136
1910,10,28,1,2871.599691948364,9679.478701600356,226.58128999873355,735.9786451839155,36.31116065864748,2.9915799878540295,12.082911825520506,0.0,296.55187277878736,131.98514587338047,412.292895276613,447.5148349025526,112.93252147600195,0.0,676.1475333549365
1910,10,29,1,3988.2104188169087,10394.64127939461,213.36027172743428,735.9786451839155,35.01369434630091,2.2289804420524404,0.0,0.0,390.85341871742804,138.15235576533578,11.015431105733585,688.1779234823072,125.96294224191632,0.0,499.5066006112406
1910,10,30,1,2842.3365136817733,10515.30527379821,416.13919721180497,735.9786451839155,35.01369434630091,2.522307546147075,0.0,0.0,399.5418757589677,72.77588070998242,467.37171381305063,897.0115069180318,115.10536235613101,0.0,509.652899369493
1910,10,31,1,2401.985810589033,13689.95501340593,230.98829608929802,691.1080601233386,33.7177193745445,2.46361666290592,35.53760372677261,0.0,368.5177267131757,222.02890272682882,81.82996210464182,1189.4025459959346,110.76188876749288,0.0,637.5825186117428
1910,11,1,1,3163.5299600661474,9709.513429537506,1226.4845227638014,223.50367369255238,84.68428400034502,43.4337998406792,51.052400168599725,1027.0749778160048,57.79166052005532,70.22113854712501,776.65790558278,1581.0255706079556,133.50826468846222,36.614498680332225,808.6622808951056
1910,11,2,1,2766.4727261892817,5711.114018825361,1498.155489472581,223.50367369255238,87.10323843555176,198.88698004190599,43.075423092750455,624.6876739899323,667.2311180729753,2168.2595222445552,1175.9460798160833,1451.3853974551976,1726.8564567956287,70.41051649165159,740.5890147298136
1910,11,3,1,2666.557011354676,6027.003744816985,1378.0674057730334,1454.0477564169926,94.3630844223268,118.8725913038794,25.526832876389044,571.2125753389938,622.5738616368147,1183.7335500814875,1454.666188110548,1505.555611870171,814.174960276596,50.69545741790778,695.1917048496574
1910,11,4,1,2606.928274818606,7516.768257091797,1424.8564421578046,1454.0477564169926,91.94263864655538,83.4390845280119,47.861862455095675,512.1280014834866,622.5738616368147,607.6236146610131,966.1243849264653,1451.3853974551976,560.3014684184958,50.69545741790778,938.6347790819518
1910,11,5,1,2717.3667078655994,8035.4449049228015,1511.410494937485,1454.0477564169926,88.31420699374529,82.29709489098963,28.717370589893093,682.3627604209672,1376.4917641113016,457.15864788641335,936.3731752761581,1335.2777686278714,477.11964326153395,39.430118147472896,1140.7889999782572
1910,11,6,1,2768.1764043761823,9974.260104812109,1164.287958659251,1454.0477564169926,87.10323843555176,66.29396251915716,71.79279368262056,486.79993958253317,1017.9198483854651,362.5708770762019,853.3890857541073,1484.2758861040584,350.19393819060446,42.245737614613574,905.6082361441167
1910,11,7,1,3486.928166456639,16679.775658018752,2154.674777244322,1454.0477564169926,106.46083927954078,64.00871012397685,71.79279368262056,758.346946123828,627.8293185788928,321.00958384146816,1332.5348948340998,1081.762766650408,337.05531701502025,39.430118147472896,1058.2793892710733
1910,11,8,1,3469.4905191335547,10074.970958278074,1933.758019495394,1454.0477564169926,143.9635810687097,69.723750793577,51.052400168599725,654.2299609176423,693.5084027839773,429.928835077378,2588.3053493407197,969.5187192649988,337.05531701502025,50.69545741790778,913.8705465423353
1910,11,9,1,2666.557011354676,10085.787660996277,1309.8664374834173,1454.0477564169926,168.16356480488264,145.16126913567265,60.62527889326008,485.3904521580609,1233.3370727260303,460.02494397152225,5192.409272839152,1035.3197151194179,439.9119513609548,45.064218483641156,876.735547060333
1910,11,10,1,2649.820878579039,13228.93244123023,1452.3860688928025,1115.314614285611,128.2359032181209,102.87073205318273,62.219914957924466,462.8813651060517,958.8242129305899,447.1266115883396,1612.8182304661743,1116.5950552985014,483.69999470744676,30.980398344163966,953.0711236238436
1910,11,11,1,4673.890780801532,10731.639328167637,1378.0674057730334,1115.314614285611,128.2359032181209,115.44407615054106,54.24293788208376,637.3445863170356,958.8242129305899,424.1962429070833,1415.5189843561504,719.8873172861505,393.95989982085524,39.430118147472896,1330.5724539322414
1910,11,12,1,3592.1553485794966,8318.884522759816,1818.7680148210065,1115.314614285611,127.02642600051755,98.29895414168632,65.41171825563524,475.55251467990195,960.138077166224,333.90791622465076,967.6876122640753,1205.6175769184156,343.6135867446917,53.513938286935364,1198.5570768007342
1910,11,13,1,3693.8749579647774,7529.160207779608,1054.4186911387653,1115.314614285611,120.97754857193603,86.86887280243174,46.2659608062545,554.341437985047,960.138077166224,374.0360614168687,1102.357984398265,1608.1306963722147,378.6351887353805,53.513938286935364,1130.4838106354423
1910,11,14,1,3309.0441204872004,6949.994037949995,883.4404497055377,1115.314614285611,110.08927093235087,45.720325356972424,47.861862455095675,675.3295605450925,983.7735058336137,467.1906841844099,674.8818278524063,2155.798370416683,387.40163009118373,180.25401253267773,1027.318423932809
1910,11,15,1,3264.347622176091,7100.167677634208,936.3585099847338,1115.314614285611,105.24987072134726,233.17213157518094,81.36567240731665,517.7517139348023,954.8826202239931,535.9662125321352,771.9682235696665,2020.272741595835,387.40163009118373,132.3741745818959,1080.9553455562093
1910,11,16,1,2763.7668843632687,8391.66097891401,1336.3764484132255,1115.314614285611,102.83091628614052,365.7676953402013,89.34264948315735,499.4710891563834,952.2548917528776,527.3673242766545,854.9523130917173,1921.621294205951,354.5661180103855,109.84063463912449,899.4342020004434
1910,11,17,1,3872.660951209554,11321.832233777608,1949.0522565702834,477.3654049346393,105.24987072134726,321.1829940146892,397.25421772775036,502.27582675866773,300.7760169339454,429.928835077378,983.3531457970364,1911.9523313225855,328.28887565921696,107.02501517199855,872.6043918612562
1910,11,18,1,3710.5108743766395,8295.675869353801,1302.7291268484687,477.3654049346393,123.39650300714275,350.89764075760354,397.25421772775036,309.53198076926486,958.8242129305899,343.9399525227245,807.972342570697,1615.877877812896,306.4058948441125,87.30995609825473,1186.163611203439
1910,11,19,1,3287.0967367874273,7239.524614599453,1565.3368419572046,477.3654049346393,136.7052264225248,320.03718501431393,354.17373229831725,509.30902663445545,298.14828846282995,326.742176011763,886.2667500797762,1385.5844016007786,264.82602312375224,92.94405643442298,1035.5807343310275
1910,11,20,1,3452.7543863579176,10232.915821274268,1554.1210681022856,477.3654049346393,114.92867114332903,388.62021929200444,271.21468941047306,433.33907817834165,966.7073983439363,290.913474947324,1208.8237441417523,1615.877877812896,264.82602312375224,98.57529536868962,1068.5845786138882
1910,11,21,1,3326.5819841743996,17317.226002690135,1641.6947366867616,477.3654049346393,108.8797937147475,368.0465821298114,335.0380995223447,364.4023295980155,484.66049962127744,255.08477388280784,1188.4685285956775,1608.1306963722147,240.75695239875725,81.67871716398811,1064.4534234147466
1910,11,22,1,5553.088941528342,13022.049874673086,2504.742870292644,477.3654049346393,119.76807135433265,390.9118372927551,1067.3177609307465,527.6038886596214,552.9673122974774,216.3897767331829,1169.6765403872125,1646.8265664623746,223.24615140343374,95.75967590154893,969.5730457652417
1910,11,23,1,13388.906220573237,40045.95386055666,1955.1699514002391,477.3654049346393,168.16356480488264,304.03405264248147,778.5494189671638,548.7034882870714,60.41938899115582,196.3257041371125,934.8099479384064,926.939249176075,212.30024465259982,109.84063463912449,1039.7118895301044
1910,11,24,1,9345.977667052728,24371.186406575238,3905.241823775712,4525.006077988094,252.84188344286704,192.02485725079475,357.3630044276461,436.15805302737283,623.8877258722961,179.12792762615095,967.6876122640753,888.2433790859152,188.22454941274498,481.60255336735247,922.1101582855794
1910,11,25,1,5879.092773381072,20208.331107930142,3165.340621284355,4525.006077988094,290.34909925383187,246.88364594626282,180.2824661993611,384.09244180090656,287.65150215086487,230.7212571589585,1113.3172058401074,1110.7896738572024,186.03625133123455,1304.026686745333,986.0749679067042
1910,11,26,1,5570.526588851426,22463.036033811073,2113.8901450444196,4525.006077988094,182.67430873491725,211.45268541261254,180.2824661993611,358.7643798999529,952.2548917528776,169.1114690241982,1013.1043554473436,886.3015790865331,251.68740194820973,416.84902842705276,1004.6424676476731
1910,11,27,1,7026.570140338991,21360.362455713235,2304.2184286435686,4525.006077988094,159.69275025988858,178.3133428797129,119.654656137719,325.0078679453994,870.823564293597,200.62514826481433,1069.4636899945908,1250.1188284500236,306.4058948441125,287.28475050847953,971.6386233648124
1910,11,28,1,6149.075657798741,18477.658672973204,2256.409776453805,4525.006077988094,200.82392370189305,184.02965667044882,108.48714134835852,377.05924192511884,1832.2048678332767,199.19200022229853,1080.4229114364332,754.719605934393,258.2677533941225,219.68413068016534,920.067279340983
1910,11,29,1,6817.9196706439525,24128.598219393574,2308.2968918635393,4525.006077988094,180.25833698089082,161.16440150750512,140.39125289920256,386.9114166499378,0.0,194.89255609451953,1080.4229114364332,1373.9736387180312,234.17660095284444,216.86851121302468,977.8126575084857
1910,11,30,1,19798.74485730906,59879.37595193395,5430.926939983094,4525.006077988094,272.19948428685603,177.16753387933758,95.72372491014266,430.5201033293103,286.33763791538354,183.42737175392995,1071.043547410206,1453.3071788978818,223.24615140343374,216.86851121302468,854.0368921202872
1910,12,1,1,2849.952957340257,5972.500165099362,640.8511915681834,1460.1752680328598,142.0710698613975,440.4744421643132,30.39300404196738,468.86100872517204,983.7311231164289,195.81164016527345,1659.4323392699418,2151.9948446448593,464.55514670876573,91.0269171630986,873.3307488193391
1910,12,2,1,2710.2513460266723,4830.655420847241,805.5871184618993,2318.026894249654,127.32767679947574,378.3715943442755,30.39300404196738,506.3334420716422,983.7311231164289,220.65806546871985,2812.4788015967624,4212.705070763408,882.6503624034234,85.6732342128926,882.2740188657564
1910,12,3,1,3323.9763587121615,7495.76495084262,675.8353427440574,2318.026894249654,116.60493796527136,336.3204040306971,18.70280298697459,456.3749433585976,599.6024288732613,168.05218568843233,2654.493060021615,3944.6565966257754,669.3630650338656,93.70518933915243,871.083581980296
1910,12,4,1,2055.3374077673093,13392.758229975949,561.876282939132,2318.026894249654,112.58428373757951,321.99779152606,0.0,488.1667152669383,214.1457428221156,175.3581251663321,2428.6565999596464,2075.924329206143,572.2476769159238,82.99496203682405,951.6865056724716
1910,12,5,1,7981.4316558300625,10343.918294802665,561.876282939132,2318.026894249654,109.9043446993235,405.11986889734374,43.25133929353473,613.0416061793424,598.2744370652831,200.20455046970133,2539.911822184563,1771.7623787919108,618.6855262137906,93.70518933915243,810.6143652199336
1910,12,6,1,9555.830733114431,8701.354729562494,1298.6506636284983,2318.026894249654,113.92499892698986,460.5388308818588,26.886070283887406,471.1389681991226,215.48786220259063,124.21031774243119,2385.085795441072,1496.1068531104809,618.6855262137906,149.9288752230301,886.7683525438425
1910,12,7,1,3926.777787729822,19787.214817628188,1181.2815554090625,2318.026894249654,757.2580108280832,420.4100534467133,156.64135374864998,757.2222036335128,596.9323176849609,173.89382173149704,2370.6176275284683,1450.4845624039488,485.6652674547157,214.1816548312807,884.5211857047994
1910,12,8,1,3401.6440407553287,35158.48449630426,935.3388941797413,2318.026894249654,1219.663073823863,372.62981813131256,1074.2784739114081,567.6390264142859,215.48786220259063,125.67150563796481,1648.1405162667158,1275.5824325652177,464.55514670876573,176.7001513759912,1023.3461593182946
1910,12,9,1,5514.00455959681,77113.63889493892,1135.0589722493312,1157.0246933547733,467.7589757099311,335.36556319705096,453.56005782050534,692.51391732669,216.81585401056878,147.5908818413919,1999.766886778652,1172.927273836532,462.43530194764077,147.25060304697627,833.0179376457642
1910,12,10,1,4983.960210789846,74037.70469470325,1153.072184804135,1157.0246933547733,294.8678612382052,329.63651819522875,220.93303000647424,609.6389042151634,987.7433536852042,132.97744511594172,2251.213667053835,1117.7961687002164,390.6476423816158,176.7001513759912,810.6143652199336
1910,12,11,1,4176.51696663462,39622.737239630085,1312.132250383379,1157.0246933547733,230.53142823287686,324.86231402699826,122.741415948607,527.9028708406121,599.6024288732613,192.89861099180158,2057.80585920983,1015.141009971531,428.65027606759077,176.7001513759912,920.3396632002238
1910,12,12,1,6077.521173955389,34082.06505101943,1140.7235044993338,1157.0246933547733,197.02100520018672,315.301174479451,120.40388197125408,632.3473127211087,986.4012343047292,197.27594360010846,2035.1889530475091,1083.5844553096035,426.53043130650764,149.9288752230301,1012.1557224328341
1910,12,13,1,12089.099980447343,33099.11031854358,1299.7835700785777,1157.0246933547733,172.89111447170046,315.301174479451,75.98314289699918,563.0973447130448,987.7433536852042,280.5698847269071,2285.139026297245,1024.6498244013146,426.53043130650764,168.66819624973138,801.6710951735162
1910,12,14,1,5634.965710856191,24030.93284533383,1365.1522722431926,1157.0246933547733,170.2216148175501,305.75276614304437,73.64434333545526,627.8056310198674,215.48786220259063,536.2933441505221,2188.351971985074,1007.5539769842826,418.0952156946158,195.4423338045794,790.4579596331461
1910,12,15,1,5039.981158224906,18985.938684210316,1349.4048725883501,1157.0246933547733,190.32488595598386,343.9718619109521,61.95540786466236,533.5835322787417,214.1457428221156,916.2333523950168,2091.5649176727616,952.4228718479667,418.0952156946158,155.28255817325083,812.8615320589766
1910,12,16,1,5895.528257065042,17176.503850818204,2105.3933466696126,2271.9093068252323,197.02100520018672,363.081409794906,63.12354206124332,565.3610669403354,600.9445482537363,3311.35086316214,1885.1856489416,901.095292483624,390.6476423816158,144.57233087092246,1056.9401686295855
1910,12,17,1,4981.95588351128,14854.588344938988,1699.1330937016091,2271.9093068252323,170.2216148175501,440.4744421643132,40.913805316207466,652.7777617530162,989.0854730655262,2720.9561804042532,1619.1210300511977,874.4706120801106,327.2951984274827,133.86496497049572,752.392315298614
1910,12,18,1,4977.04528167915,13101.862438420569,2039.9113538599108,2271.9093068252323,160.8410825133462,392.69420684891253,39.7444055354547,406.43068189229996,603.6146594420367,1176.3497221229825,1017.5944765236836,1104.5038470551574,430.7701208287158,123.15473766816736,875.5552170034723
1910,12,19,1,4761.680315600965,11606.427033458389,1760.0834607111904,2271.9093068252323,155.4722563932932,555.131729467982,42.08320509696023,552.8750015737609,606.2988982028338,1622.1054964532905,1322.390547217073,961.9116677212019,420.2150604557408,141.89692009677026,875.5552170034723
1910,12,20,1,6548.538084409614,13301.393847790807,2182.091113334233,2271.9093068252323,147.4324392784997,416.59069011212887,46.7582730516147,507.4724218086175,2157.562860787315,1470.0671823710086,1656.2061041261225,929.6017172164263,420.2150604557408,141.89692009677026,808.3898970358003
1910,12,21,1,5394.045571976882,12435.007465000033,1981.2267997500946,2271.9093068252323,139.3896394825513,364.03625062855207,22.209736745054563,535.8472545059453,17981.57418288475,1209.9508126430428,2083.5824802036655,864.961797650327,420.2150604557408,152.60428599718227,752.392315298614
1910,12,22,1,5650.699679992716,11066.642062846746,2263.3205057987766,2271.9093068252323,134.02976140601376,393.6490476825043,35.06933758080017,548.3333198725197,4207.897446866795,903.085776873898,1593.3111489012097,1119.697931586203,420.2150604557408,147.25060304697627,745.6735134363946
1910,12,23,1,13961.141658593528,12854.023424676612,2285.8653441537017,2240.9492481346765,127.32767679947574,354.4751110810048,33.89993780004741,578.9861120438851,2223.1147968405394,716.0288019252383,640.2247451742068,1617.7796406988825,358.96037954640775,165.99278547556446,743.4490452522614
1910,12,24,1,10493.655466738199,10865.010322851898,1481.3884740125488,2240.9492481346765,123.30702257180938,307.66244781033663,33.89993780004741,489.3056950039135,2227.0705171196328,593.2921342352375,727.3164639771978,2889.4784732654853,361.0802243075327,165.99278547556446,877.8023838425154
1910,12,25,1,7645.105538492836,11406.89562408815,2463.051912932836,2240.9492481346765,120.62559219293773,384.1006393460977,10.520674715822231,509.73614403582116,1426.7435392280888,571.3743158014612,786.985184058433,1766.0570901341002,363.20006906861585,963.8346151521655,806.1427301967573
1910,12,26,1,6167.0143869417225,13668.951707156752,2292.6627828535866,2240.9492481346765,116.60493796527136,231.2242562745755,54.94154034852107,487.02773552996297,1025.2238033293452,623.9801955817487,495.0940539398957,1984.6797477932278,373.75512944159084,963.8346151521655,873.3307488193391
1910,12,27,1,6051.966001154265,19177.06877108058,1563.7507729271722,2240.9492481346765,107.22291432045184,100.32448983010839,78.32067687429786,418.91674725887435,218.15797339089093,536.2933441505221,691.8278773960353,1722.3365623135546,373.75512944159084,963.8346151521655,810.6143652199336
1910,12,28,1,9958.099217915433,44424.09304825964,1489.3188191625136,2240.9492481346765,109.9043446993235,343.017021077306,158.98268447852166,500.6527806335127,1429.4277779888862,970.3035356100621,774.0802434834392,1298.403587196758,380.0925820086408,291.83437952549053,877.8023838425154
1910,12,29,1,8225.258069262936,89582.25164993886,1296.3848507285365,2240.9492481346765,115.2657141164257,325.81715486064434,238.47402671778246,467.73626623494374,622.361948050432,1782.711543398734,835.3620811364422,1229.9601418588345,413.87760788869076,289.1446617418449,806.1427301967573
1910,12,30,1,6909.517427272627,117618.51499704743,1173.3512102590978,5782.005960864446,115.2657141164257,338.2428169090756,2274.761002083351,491.56941723111714,622.361948050432,1240.6388739895538,1040.178122529994,1155.8314264195,399.0828579935077,289.1446617418449,873.3307488193391
1910,12,31,1,13378.884584180747,193230.4174951488,1142.9893173992955,5782.005960864446,113.92499892698986,373.5846589649587,5341.018349277987,514.2778257370624,626.3741786192073,1563.5333590608927,1475.586826310791,1005.6522140982961,399.0828579935077,294.495483290164,895.7116225902599
1911,1,1,1,1089.268661066883,5146.763853861522,1446.6825827842333,1898.6311119784973,1081.6038401169978,323.27685736405783,1552.1387085689075,319.56241835264177,868.7309573265617,1217.4069687324206,693.752405831393,234.20866493483905,132.3486621860746,28.794408377587573,167.94335375158533
1911,1,2,1,1474.6026318573147,4670.15412529048,1268.2546612193748,1898.6311119784973,632.0100815804053,323.27685736405783,1552.1387085689075,436.1620707024418,868.7309573265617,760.7708908311627,455.58309785499017,234.20866493483905,126.99805313369978,31.128584439822856,170.43768670473577
1911,1,3,1,1209.995179335991,5308.739836924486,1443.0141617812208,1898.6311119784973,397.34921723041884,291.0541094262401,2084.375654729429,546.0466917500493,871.6420289711763,577.3680537472986,260.89654785421584,234.20866493483905,130.05444420389983,48.24977365248053,285.16860412237793
1911,1,4,1,723.4491107337033,4234.72863104875,1120.6007158469092,1898.6311119784973,297.7598919135932,237.3533316240625,714.3312399799765,403.64519304556427,1407.391175872561,485.6612119739942,430.88413619726873,258.96169791558515,124.70383515152501,965.011065408076,1422.5256417685468
1911,1,5,1,848.6447346205174,4736.532067212913,1256.026591209291,1599.2852083881514,258.3273954016191,409.1889768216185,279.9701196068695,463.07259014272705,1412.2768905208616,460.388953980911,387.4013782215513,284.98687374220793,128.53009802783265,428.79765397083094,696.7083461104784
1911,1,6,1,1271.4706593256533,5543.996147551185,1086.871622735459,1599.2852083881514,272.12408041784795,280.3093913528226,335.5481369824043,211.92034059176294,881.3523868346798,421.09221977101123,291.5316506152267,281.17940395688606,143.06527772693914,213.233298190146,404.05674312862664
1911,1,7,1,732.4479885609363,4362.422765423702,943.925484316889,1599.2852083881514,260.2966758457317,376.9662288838008,252.17539654348175,465.3151334293902,1414.210819235816,432.3183086219967,235.20123742480266,208.19244786067412,132.3486621860746,119.84286716313278,246.090721189643
1911,1,8,1,1023.3442976567884,3964.1551138874256,1115.9132890095846,1599.2852083881514,250.4385517177416,424.22245709847954,209.98044689297248,697.4183636013179,885.2304228367716,102.93401527051748,366.6458601236468,230.40119514951718,128.53009802783265,97.28072446406227,341.69841929975365
1911,1,9,1,1384.7149645697948,6119.194951040561,1025.2217697676906,1599.2852083881514,238.59942523822508,398.45566503067613,183.2143114429621,376.7346736053446,884.2634584792944,416.41739436540564,383.4474467799523,230.40119514951718,134.65057888629852,84.82243005040849,308.4490450184935
1911,1,10,1,1072.0797933067342,12074.573282847889,1841.1397411950188,1599.2852083881514,228.7413011102215,387.71094695725867,153.36241315281956,1134.7017059471568,873.5861362583134,384.5938729268904,419.02234187247194,230.40119514951718,162.18889339037858,80.16031486933082,276.85416094520986
1911,1,11,1,491.79372881853067,7604.473301410961,2393.4409033201136,1599.2852083881514,218.88317698223136,533.7683938045767,141.01936179241233,770.3010204185905,881.3523868346798,398.62919560629547,342.9222714740531,223.42232700188666,137.7069699564986,73.93116766250182,267.7082734503025
1911,1,12,1,2978.5274498942103,9584.652702303107,1738.3220525262802,895.2819993844291,211.97897352041008,365.16072654198734,141.01936179241233,588.6550141971076,881.3523868346798,414.5409563255791,393.3270314430587,330.058357247823,132.3486621860746,71.59621198234453,290.9887143464181
1911,1,13,1,6693.243994862359,19204.73765090176,1080.349985396756,895.2819993844291,207.05577241011514,383.4107784713805,113.22349585390451,345.35166614952993,881.3523868346798,380.85184330987784,322.16675337614856,238.0161347201609,129.2922711158745,64.59212455980301,237.77627801245245
1911,1,14,1,4033.317264453909,19204.73765090176,1137.4143121108227,895.2819993844291,207.05577241011514,327.56561956746094,96.75466528878738,438.40461398917046,881.3523868346798,382.72828134970433,610.7408213215571,296.4182418505565,124.70383515152501,61.47988981015876,240.27061096560286
1911,1,15,1,2713.9199973728864,33387.98974734208,934.5812008174801,895.2819993844291,207.05577241011514,431.7391972368899,94.69520431179252,419.34299605233724,349.43038307437234,378.0426094814583,101.79013688689652,239.2882775660376,123.17179025739213,59.14493413000146,227.7989461998283
1911,1,16,1,2134.351820891399,19212.790434150596,1086.871622735459,895.2819993844291,206.07113218805884,216.94749231049278,94.69520431179252,449.61733042261716,486.29146465958667,363.07449101340814,208.5200661053907,205.6481621688459,127.76022622174162,59.14493413000146,277.6856052629267
1911,1,17,1,3409.5635867297947,16067.603376671206,1109.3916516708816,895.2819993844291,202.12084939241993,280.3093913528226,108.07712916169795,491.1043812262783,411.5502091129204,366.8165206304207,462.50509984818933,319.8991319853511,140.00118793867335,52.140846707455765,289.3258257109845
1911,1,18,1,6437.635420168268,18662.9003780147,1444.8483722827268,895.2819993844291,198.18228850418132,378.0498257171064,84.40247092737941,301.6220720591401,911.4402462103852,368.69295867024715,370.59979156524577,282.45154680283764,141.53323283280625,52.140846707455765,228.63039051754512
1911,1,19,1,8985.834510135102,25362.8160410588,1107.4555405858803,937.6659211852224,197.19764828212502,259.90355203929334,214.09479734644157,440.6471572758336,428.0598531953132,284.47017613102,421.9904124241611,282.45154680283764,149.18575858540498,48.24977365248053,192.87828485567738
1911,1,20,1,8956.512323955782,18997.666081645428,1439.2438401947131,937.6659211852224,193.24736548647263,162.1745239574442,0.0,331.89640642942004,0.0,300.3819368502516,1314.3413481707105,498.25893423415545,151.47997656757974,48.24977365248053,245.25927687192618
1911,1,21,1,7063.613539602599,15976.721965719502,1114.9961837588953,937.6659211852224,184.37388158053878,268.49248272853424,83.37388331404253,418.2217244090057,372.72913480347137,263.88359000613076,1296.6168279152762,1292.300038895929,150.71010476147217,49.02783233988949,221.14739165809382
1911,1,22,1,4715.513092562892,17767.891039785296,1609.3159139192342,937.6659211852224,176.4850378966612,190.09710340938375,83.37388331404253,528.1063454565476,398.93895817708506,316.2828511068948,862.7436454027543,853.6974371332051,156.83058561993803,54.475802387613065,205.34994962145197
1911,1,23,1,3737.972071937624,22971.13941615015,1557.9580198765484,937.6659211852224,174.51575745254863,215.8753017596622,79.25610423517284,762.4521189152041,0.0,292.8978776162786,934.8897843594851,550.9363985579563,168.30937424884445,67.70513892736928,248.5850541427934
1911,1,24,1,3229.6871411678685,22484.52122839796,2027.1083059327643,937.6659211852224,178.45431834078724,410.2611673724895,80.28583472367026,938.4917669199638,378.5512780927004,263.88359000613076,569.2402730076191,705.8063519194334,361.86284501961075,63.81406587238986,254.40516436681108
1911,1,25,1,3547.5800837459383,17878.3292100556,2179.449678142555,937.6659211852224,175.5003976746049,372.6774666803977,66.9050527489254,940.7343102066924,455.23664092640405,254.52309273227914,816.3033047571296,705.8063519194334,443.7233141618747,55.25386107502203,216.15872575179296
1911,1,26,1,5043.921577770981,14687.12624829659,2185.0542102304407,2240.663525286825,232.69158390586045,344.75488722845813,181.1571362162073,671.6291158044297,0.0,424.83424938802375,663.1173030704712,1009.2034619176952,339.68283828597123,55.25386107502203,187.0665730590944
1911,1,27,1,4223.7092526455945,12853.392462772666,1614.003340756431,2240.663525286825,372.6980459567299,367.3051076436889,340.70250380049157,383.4623034653995,370.785027516334,302.2475284274376,597.8931661068505,884.8022255911012,350.39175510877004,127.63125021647616,305.9547120653431
1911,1,28,1,3486.1046037562764,12343.766322880952,914.017663083758,2240.663525286825,280.0129241017255,302.8710180505285,236.73515359174203,562.8657664002194,334.87502485139964,279.79535072541444,532.6690291433188,584.576513955148,279.24020278932136,115.18075198205511,186.2351287413776
1911,1,29,1,3054.2595790263745,14931.010540976169,1184.0847793161838,2240.663525286825,237.61478501615537,216.94749231049278,236.73515359174203,528.1063454565476,370.785027516334,272.3112914913894,620.6308938664455,604.8860057276338,165.25298317864434,87.16128382018007,257.73094163767837
1911,1,30,1,3321.900361152232,15115.074158092415,1044.8885823672947,2240.663525286825,233.67622412793017,211.57513327378405,138.9507578144167,692.9332770279261,238.77912486287156,286.3466141708465,823.2148188686358,600.4424645193737,194.3233425768573,76.26612334265913,225.3046132466779
1911,1,31,1,3033.2284937665963,14036.001202746764,1042.035366031604,2240.663525286825,215.92925631604902,345.8270777793291,124.55053122729521,319.56241835264177,0.0,293.8306734048195,589.9853032236526,481.75691224699136,178.25611798361794,74.70922634991499,176.2577969287759
1911,2,1,1,1941.2298360553216,12056.166921136262,3335.7155981856604,982.027471157828,318.87104715084234,595.2938813715044,440.9669386011311,1057.93869333048,650.807726868489,1023.6999921234195,788.9613968838505,438.6473955248638,188.04888735716,198.85714368527601,193.03785497725056
1911,2,2,1,1977.0231253915176,11766.266724177622,2393.135201569884,982.027471157828,566.7659449616007,883.6903269855574,380.2802694125535,3017.2286052149543,650.807726868489,1203.5234965301909,501.61441110996043,384.53653081124367,181.48957956923005,186.16496389464425,218.28352789705428
1911,2,3,1,965.7919239561096,10371.4096257158,2372.4493831360955,982.027471157828,506.08163032350654,694.3346319357548,307.4676951375092,1286.0607792406286,2007.0108632281556,792.4317153298622,570.7295522243102,351.7385381429978,179.30314363990902,174.883892545109,206.07221438229348
1911,2,4,1,1710.1912311599779,9519.885317030217,2180.9781868938317,982.027471157828,371.32658279028857,632.2958616583417,260.9412487596308,1286.0607792406286,644.9448692906283,718.2527572118795,1090.1104351170109,392.733789290228,179.30314363990902,172.76333179384994,228.87394491364466
1911,2,5,1,1943.1509448048769,8887.511752474218,2280.4331563096594,982.027471157828,312.7053238555633,503.88393377021214,247.7867560597868,321.8175601971017,1097.6572243154687,563.777436036831,1389.3297030974798,373.8756154124023,179.30314363990902,167.12669420869656,259.83054850061313
1911,2,6,1,2539.705767073258,9379.996968021649,1769.707432219004,982.027471157828,315.78818550320284,417.90337661792273,246.7810259489316,723.7871450565344,1099.591153030423,649.301794095053,1145.3815722448733,402.5704994649644,187.31750914138098,165.71558576760427,266.3393297756888
1911,2,7,1,2005.0308687420868,8667.210610737657,2144.293976863323,982.027471157828,301.381961301889,416.8197797846171,272.0614237352422,909.9812306403936,1099.591153030423,696.4296743439946,1251.0994208688694,405.8494028565432,183.6760154985345,166.41724189853403,205.25756691949096
1911,2,8,1,1965.3953619065205,8251.917074618575,3194.8889919021267,978.4720631332088,263.3326498637432,417.90337661792273,246.7810259489316,785.4444868826289,1099.591153030423,795.0457128304404,1568.0432091046835,444.3809970839164,176.38532949480896,165.71558576760427,202.81362453103836
1911,2,9,1,2299.8705063239363,7790.37755469859,2707.600401997583,978.4720631332088,247.89489781075832,374.37700276634246,214.4148023817118,810.0998644783887,1099.591153030423,874.4635124122198,1296.5119490971892,432.0895887417062,176.38532949480896,160.78060431338488,193.85250244007557
1911,2,10,1,2342.438231777409,7837.77393610647,2523.5679483448394,978.4720631332088,231.43733981347603,383.0799962801716,187.11151562249057,784.2098282191255,1109.3625823269242,788.9391543539977,1394.2590075472065,701.0134193661387,189.50394507068543,155.1361705489988,228.87394491364466
1911,2,11,1,2148.102915099466,8081.198069742924,3287.822323979252,978.4720631332088,220.12569916720204,360.2218062386009,184.07146778740275,742.2818278928362,1110.3804395453162,764.5020739855347,1311.2998624463694,1444.6884178326334,183.6760154985345,147.37897221258638,325.80019613369365
1911,2,12,1,2911.8953095764255,8051.402771721897,2815.615020420611,978.4720631332088,210.8653923168966,358.0432062895552,213.40907227085663,980.2559859950248,650.807726868489,751.4103935573631,1298.504646640751,1048.621972636154,207.7268107209995,146.67731608165658,263.9037858146933
1911,2,13,1,2641.2211978455157,8931.57198082153,2932.902591934665,978.4720631332088,205.71947496588822,423.3441733493601,191.15729356839302,414.3035729362109,1107.4286536119698,765.3806374608212,1368.5636971177044,693.6314073588762,208.45818893679512,145.96786377148985,308.7009978420502
1911,2,14,1,2112.3096257635293,9974.867570590546,2399.656838908587,978.4720631332088,199.55375167062263,430.9635700298836,194.18591265215895,699.1317674608403,658.604513161404,780.218598376977,672.4410299977083,697.7345159745599,213.56243901121618,143.145646889301,246.79618909557027
1911,2,15,1,3701.673227667512,39020.33643110973,2656.9558120388524,1697.1940129559648,213.94825396452268,72.91580122734655,313.5363620564035,569.6563890491931,658.604513161404,822.1076371621219,810.6818001081008,612.4651102885209,213.56243901121618,141.73453844820446,230.50323983929468
1911,2,16,1,4780.628568078409,121942.14633974005,2820.302447257808,1697.1940129559648,477.2809038282793,385.2585962292173,908.2314338507094,690.5017553743755,643.0007620034909,1025.4462726114039,661.5755844446921,855.1577137803231,215.01749672472508,204.50157744966214,320.912311356811
1911,2,17,1,5547.252070186388,88103.20073046206,3301.8846044909706,1697.1940129559648,1343.3305886662124,375.46059959964805,749.4403638495361,638.7090842981835,643.0007620034909,1234.0020565991495,363.37364099956795,691.9919556630495,215.01749672472508,215.07319648903064,235.39112461617734
1911,2,18,1,4097.118297140414,48543.32782167923,3207.117061912339,1697.1940129559648,1310.5092479309042,521.2899207978704,726.1828550362172,685.5631207205585,828.383097189475,956.5061559572179,641.8269030003503,704.2923227577176,258.0225358132998,183.3427470124554,178.37420064660253
1911,2,19,1,3161.3361140740426,36446.896984298226,3554.4961507840385,1697.1940129559648,905.1891336647517,569.1734945475824,794.9610801165998,961.7613031587886,1588.4679750247708,837.8133150908716,757.3614089965828,641.1599943410829,258.0225358132998,220.00817794325002,293.22269604855467
1911,2,20,1,2184.9073143037535,29497.34504054023,10851.393128174735,1697.1940129559648,738.5504979886804,719.3600156439367,1973.1739049733146,854.4971821316193,1125.0375834902177,794.1779958177945,429.5311994440105,669.854878393645,245.62759973513664,217.8954133712237,228.87394491364466
1911,2,21,1,2732.018864014499,25352.462462596006,7343.669345179553,1697.1940129559648,649.0654568553589,564.8277009318851,1465.5087740209972,1123.2874125890912,1180.6125876145495,720.8667547124576,716.8781852179005,611.6409050644158,255.83609988397876,193.21270992089413,272.04186201537397
1911,2,22,1,10628.786935056494,20618.576309878696,5398.387207731381,9310.306004342403,603.7954504554624,724.8008123753741,1027.5818832549135,959.3045843897098,2239.2858804655425,744.4361180682747,416.69403211108585,847.7757017730606,266.0369013147552,176.29500098620554,233.76182969054975
1911,2,23,1,35200.77895329674,20198.681183331708,4908.245401491147,9310.306004342403,600.712588807823,780.3037828056098,739.3259189847798,2527.774635059214,5778.171857375845,786.3251568534197,666.5153767762008,705.1165279818225,289.36401703949036,168.5378026497931,254.9426637237305
1911,2,24,1,31829.73865254728,37601.896181704884,4736.441017848487,9310.306004342403,1276.5157164550537,1045.853444660567,577.5062298998407,1829.814533472893,4840.521787791846,840.4273125914498,578.637415107508,558.3542455749755,282.80470925154384,161.48226044431468,452.05375601506125
1911,2,25,1,17115.05673988782,55653.935430414494,4161.925528538199,9310.306004342403,3994.1227293379043,740.0396057364212,486.476226116954,1196.0440838284608,2861.8073552349024,926.8302341249581,591.4745824404326,723.9657431071903,278.4318373929184,212.25877578607455,294.8519909741823
1911,2,26,1,15658.047419737683,39295.28145917768,3978.810180136272,9310.306004342403,2952.16238006618,797.7211761157026,427.82387465256846,977.799267225946,1768.9340598459055,973.0903973612538,486.8055219972164,551.78748003936,278.4318373929184,411.1081232921178,294.0373435113797
1911,2,27,1,11956.374192070172,28161.7334188377,4141.239710104411,9310.306004342403,1550.1050352985994,705.2162253986701,509.7451636815542,970.3913152451878,1268.4536655618313,998.3951947423627,577.6410663357274,1051.9367110374897,293.73688889811586,253.15753204015874,287.5201638088694
1911,2,28,1,8957.927877771162,24091.62668534751,3278.4474703048586,9310.306004342403,1150.001169827884,618.1520714130751,1256.1340509447616,921.080560053734,1661.6519090272507,925.9625171123122,671.4551691077096,792.0253853636884,298.10976075674137,226.36206401779867,294.8519909741823
1911,3,1,1,6093.554732002557,27971.917813686567,4277.175088383884,10229.8490706425,1162.1567878073433,1234.159761724408,628.4784605177399,1532.6145551980946,1521.4929700544708,1055.0896550556379,1443.5520520444736,2013.569197519956,469.3600453048995,134.65560770502364,422.566877232147
1911,3,2,1,7677.256118644242,27147.08272948273,3390.0286091474036,10229.8490706425,915.2230864038272,1005.4752047668308,751.0403890258874,1258.2683607550866,4810.087856961822,2222.7655925012314,1508.0525251633571,1852.222066147218,534.3526231755702,127.49871516952378,376.11517499681366
1911,3,3,1,6605.378547311281,25826.426276670893,2367.5581551320365,10229.8490706425,1494.5431941966995,1305.5630898981492,585.0149194773903,1035.0471138253645,6978.1237321398385,3823.920410073282,1871.2478721721866,1943.3325784215797,434.5926345415699,126.78146668012431,402.3434639284727
1911,3,4,1,5194.273615179813,22275.148863928232,2077.447194141138,10229.8490706425,1979.1268463385852,1383.6961247207792,543.2885486285254,1646.1275608892997,12473.840211411612,5256.846591819948,489.3960288037751,2377.3841339467735,615.9821307760119,137.52460166261312,399.3452253282089
1911,3,5,1,6400.12324405629,21772.425109678377,3035.7202806032756,10229.8490706425,1241.7016514608188,1226.2894268298794,477.2303663479198,1308.108255373747,4664.432489009766,2332.3148653469007,219.09185096779922,1762.6345417870298,405.86871745609875,136.09010468381837,587.4028128266382
1911,3,6,1,5530.669868347042,19724.717369256265,6336.891581010419,4940.720348827379,987.7816932436523,1174.1627160065832,389.43469917149883,2116.179752047888,3732.278848405043,1693.2412855383452,699.0068346171623,1358.5052193981348,612.2020602080654,128.9254159690816,424.8176557892204
1911,3,7,1,5633.803074908713,21448.012984510442,12717.192810556913,4940.720348827379,843.8249483971573,980.5638838831968,357.2627643756975,4165.0832054952925,3322.591318001697,1295.82689374966,1517.4916187904632,1245.5353511798894,267.55354877277324,122.48577192297701,437.5580702334434
1911,3,8,1,5461.307731385125,19262.257531250583,10052.492554178183,4940.720348827379,740.8362699327358,1021.3299373804766,304.2447872823249,2504.0893464132887,2971.125220490441,1218.491614998241,1772.6617831775632,1266.4988318802295,503.3652829801872,128.21596365891907,436.054751719583
1911,3,9,1,5997.195961558162,14933.311336190123,6115.767314993571,4940.720348827379,668.2776630929243,1082.4676113439011,273.82145142920837,1689.7185708439895,2570.089476443375,1167.621705132287,1652.1560212043871,1265.6925441609656,473.8945902428056,137.52460166261312,385.1098907975826
1911,3,10,1,6355.73552084015,16914.296015407042,5611.461327658251,4940.720348827379,630.8261689324631,1059.8261406689917,273.82145142920837,1683.5452775267347,2497.2108996063826,927.8498016148313,1726.2004667683746,1237.4724739874741,513.9510203140175,153.2806798916445,441.30376887689766
1911,3,11,1,6869.4804448984305,16378.210730555425,5654.8709761941955,4940.720348827379,596.8795250862408,1034.914819785398,245.1352857675764,1819.483716084768,2336.0841019346917,947.4276667124878,1284.241127381916,1095.4762478765479,317.4412418078391,168.32730581051334,391.8538280413005
1911,3,12,1,6711.443972490859,15284.182606318522,4446.941460358175,4940.720348827379,617.9437926938484,970.3780736501243,209.489010588806,1493.9369827816936,2247.7340953781645,871.0794160629165,2479.230380578317,1294.8084895780005,611.4475858380893,180.49714159256413,491.5011697556853
1911,3,13,1,7053.603551907015,14201.658458151383,4109.446728077962,3994.808906904221,1142.2647109402778,1220.5862856019617,200.80315963150494,1612.4894115890254,2161.3180175365915,889.6810995213659,2549.394309873446,1677.9743312666299,427.78696777566967,183.3661355501494,511.73298148683915
1911,3,14,1,6370.194391955907,14446.693148437938,4470.6842962945175,3994.808906904221,882.4486332981603,1111.9072263624685,199.0659894400204,1476.550973030992,2051.5930093937363,897.5122455604077,2151.0645588080088,1309.3216685243783,699.8750614863654,194.82651902203767,531.208934747323
1911,3,15,1,5127.843696835802,14047.50517881653,4847.614554357435,3994.808906904221,718.5998115845729,1070.0119509021044,166.894054644219,1583.7646998270393,2727.3484166851567,922.9580469560512,1839.9939843845252,1263.2736810032484,473.1324171547637,171.90575207826535,609.129544644173
1911,3,16,1,5452.612186518034,13679.377944583483,3766.9588672103214,3994.808906904221,636.6754007277859,977.1648117113475,150.3795090740575,1121.09526353355,2402.1430354084296,899.4646088388739,2458.3594957805435,1314.1593948398124,401.33417251819264,159.728120116986,564.9286209658906
1911,3,17,1,4512.886674965406,13479.208760969012,3261.735774624312,3994.808906904221,594.5351436051435,1039.4431139203718,140.82507302099387,1346.7858277902135,2232.1608799368,1119.680340183954,2567.433466583052,1415.751647464307,337.0883702994158,144.6892903773499,732.7543967331659
1911,3,18,1,4569.7110495611205,13493.01353225273,3048.5597541139473,3994.808906904221,584.0088707550399,990.7496941163095,120.824758316663,1718.4432826060408,2294.3519559806286,1265.565262933876,2499.1573560133975,1570.6484770830828,337.0883702994158,134.65560770502364,678.0554387402541
1911,3,19,1,5607.817551294586,14094.671480702566,3446.2777311941486,3994.808906904221,589.8581025503628,1024.7290095523258,462.4529909692429,1220.8632426755141,2079.787654343319,1469.0449023977449,2864.345400565788,1648.9479733738747,810.982960542238,237.7990589519887,645.0916109923342
1911,3,20,1,9233.85976081708,14559.432113922196,3522.1936658404975,3723.3443185218202,592.20248403146,1005.4752047668308,877.9566717639668,1411.6684004106028,2495.2769708914284,1701.0507386520537,2558.9382823186393,1746.5087874021985,378.66144782864563,412.5738049878435,800.1853707428436
1911,3,21,1,9624.249280948748,13381.424964376009,3536.0521451853533,3723.3443185218202,592.20248403146,962.4507073433014,1217.8477342250621,1293.2419571811743,3080.7484429113674,1865.4831125471705,2477.3425618529313,1650.5605488124027,352.9631269411283,310.8648507196774,693.7940917847409
1911,3,22,1,16736.901649161693,13448.148025580644,4438.076109600746,3723.3443185218202,585.1810614955818,1028.1166754416997,3608.285347687108,1920.398163985592,3139.071661525287,2005.402480835185,2806.4522929860213,1652.9794119701198,402.843121258145,536.4862777103867,609.8770046873634
1911,3,23,1,18801.588000130774,23661.377980337173,5707.2478760710665,3723.3443185218202,580.4922985334007,1011.1327208649292,8923.911846048797,2529.0344908382453,3272.105599969324,1562.1075520032466,2696.434412820731,1734.4144716135381,451.2141668351929,1495.5410621847752,627.8580378614665
1911,3,24,1,14580.204300182024,27477.24684268555,6672.348301622265,3723.3443185218202,568.7938349427418,968.1082234414,3632.628587870089,2415.52148514704,2846.8448541246134,1425.9844456454994,2520.02824081126,1689.2623593360265,495.8128405623765,746.3516264720606,640.5984523056896
1911,3,25,1,11384.086006640136,20448.317464045613,5913.494656909004,3723.3443185218202,565.2772627211025,969.2374454045246,1879.3438571318436,2255.8977579430816,3007.971651796204,1525.880366725607,2428.049517355575,1880.4421363207093,511.6798984860232,547.2294126928714,613.6227033308176
1911,3,26,1,9287.853027781517,18759.53377700129,4552.5104647791095,3723.3443185218202,565.2772627211025,1057.5562904603075,1177.8471048164004,2096.274030739123,3075.964513984896,1434.8785450250805,3124.1302329484433,1900.5993293017107,686.2714266726307,454.11964411823675,640.5984523056896
1911,3,27,1,9572.177122733867,17222.602574077868,4733.180199179072,3279.296550343791,521.9765367653185,1082.4676113439011,874.4823313810383,1613.623281790154,2725.4144879702026,1578.7026398699752,3096.651982611643,1888.5050135131248,364.2956399268855,421.8824429915376,624.1123392179899
1911,3,28,1,14672.215298192872,15040.29831363894,5840.4319385983445,3279.296550343791,488.04161482649664,1025.8582315154504,1651.5688445276287,1915.484726447369,2751.675204204731,1810.7084761243361,3439.0813236407853,1949.7828801754672,588.020386778566,641.7814744255377,734.2493168195691
1911,3,29,1,13390.127985250314,15868.584590663711,4638.41265660044,3279.296550343791,476.3314293284373,1060.9553626321567,1223.9049723926346,1915.484726447369,3132.2520181621317,2037.7249395559961,3094.764163886168,1985.3491273464645,471.62346841481144,510.70431298826185,711.7751249588215
1911,3,30,1,11914.918687471936,14889.596227125017,4626.592188923953,3279.296550343791,520.8043460247766,1065.4836567671305,1054.4165912124904,1942.9495824303885,2784.653778080685,2059.3094002453736,3027.4319626792058,2125.643190494583,501.10185987025875,427.61263472747964,713.2700450452248
1911,3,31,1,9454.58504505618,13357.266614629501,3801.5031649890934,3279.296550343791,828.6099125848591,1156.0267269017784,770.1721186344963,2043.8640303312125,2789.5394927289854,1911.4721142170374,2995.234165528852,2099.8419834788087,483.71815448859394,379.62715155098186,657.8320254365573
1911,4,1,1,7493.031900649029,21915.074412943464,6886.543327966687,6723.287381218911,780.7141989261369,3246.5701754124434,3384.510398023751,5375.0486956821505,5803.516502113811,1532.388244320373,3780.3569976710614,1963.2210088295178,627.6918809467406,338.37756723143275,413.86610639219805
1911,4,2,1,7334.59098429391,21504.38246725229,6614.264969074014,6723.287381218911,629.72430963635,3219.879474465742,1735.9130288236026,5205.2201366680365,5479.328978055475,1622.5223490082533,3392.0956131412513,2033.8159780253866,627.6918809467406,339.13379661699173,441.505331135734
1911,4,3,1,8520.622859752735,26322.24764527889,7928.476793414923,6723.287381218911,642.5949639675508,3028.938306154583,6355.985725524851,4782.412537223264,6030.498661815581,2062.563339042783,3339.656204101556,2231.356469239602,753.8353763756762,317.9359852836213,465.0881154201041
1911,4,4,1,8968.038976453892,24128.439408770755,6086.216145802353,6723.287381218911,613.3370830835098,3060.647771381875,16793.407100885106,4695.356502891854,5541.2146969338155,2570.9370438226406,3084.9055549867144,2671.320801372557,753.8353763756762,310.3658952487904,504.11560778814123
1911,4,5,1,9489.771668471314,20607.07233380893,6086.216145802353,5807.5266638812245,1147.0706929765156,3089.8478544688714,10187.588872824952,4759.609147622727,5686.666493442213,2755.2184443818433,3815.2816440914953,2725.252491037394,861.6405253833948,298.25063272136885,555.3376168160472
1911,4,6,1,9274.910821468027,20175.67323119162,6868.405024118359,5807.5266638812245,975.0165360791079,2940.6536799461846,4543.957213312172,4513.43332839897,4798.484284672196,2753.1576164768157,3785.4960597569616,2864.7402664662486,861.6405253833948,283.1104526517113,585.4207839480358
1911,4,7,1,8589.883885727764,18750.330596145475,7444.449022179795,5807.5266638812245,780.7141989261369,2595.3855100072005,2757.529103920992,3997.018444571823,5504.8771942372,2854.6805069555494,4243.711615945727,2912.042479328414,714.0791963088451,276.30438818167215,633.3926015521214
1911,4,8,1,8636.394939667494,20045.67830160327,6395.484416475763,5807.5266638812245,715.1652927147762,2489.535208816777,2301.293353636977,3517.643320648335,5658.166491327243,2998.5046018004964,4268.35813819445,3097.130304656627,714.0791963088451,280.8417644950302,665.1050636097376
1911,4,9,1,8716.575952219833,20225.140328292167,6280.6424589636745,5807.5266638812245,698.778066161936,2251.143905489228,1690.8837488607055,3658.243225588851,5404.618258225458,2808.0407175262117,3884.187027569672,2968.482619675397,714.0791963088451,261.92043749757363,742.3537993104437
1911,4,10,1,8183.01327474364,19404.906834516234,6601.629296730204,5807.5266638812245,716.3374834553181,2090.9996998088973,1807.4570117088067,3697.4247403168647,4423.098542528683,2500.543501172285,4264.26786428933,2862.2318157841773,861.6405253833948,251.31763374126993,745.6039907342642
1911,4,11,1,7252.387752005131,25978.278760792353,6053.200356774856,5807.5266638812245,781.8863896666787,2038.530800511917,2048.0322257238327,3462.0836807928454,4982.207512592164,2671.3752880356064,3785.4960597569616,2953.521503107248,960.2611037443818,240.72262616420318,687.8732004312826
1911,4,12,1,8618.599405986284,39146.88016787715,5647.941736521769,5538.763753329117,1140.0492704406377,2064.3089988621955,1875.458081703556,3414.209161189448,4592.16462650375,2754.242262742584,3958.1265943156614,2854.796051262242,1058.1118102992612,225.58244609454147,638.2720879015694
1911,4,13,1,12066.58516770952,29650.3479222681,8964.907627358642,5538.763753329117,1497.00479475184,1979.332194566008,1581.6248868187354,3452.256805716333,4466.357474310384,4808.453825538748,3868.76984131197,3365.2657650667115,1181.214312094128,236.1774536716124,626.892218704503
1911,4,14,1,11924.018676286058,23492.269532111626,8740.62444325587,5538.763753329117,1165.8023010104396,1948.4211691105913,1434.765433132651,3401.106661087454,5034.220016452075,3538.0076544087324,4035.21252560399,3166.023110889613,1275.292646799143,223.31375793786452,608.1889207695808
1911,4,15,1,10074.799838241584,24307.901435459095,7598.726505474587,5538.763753329117,1005.4466077036909,2029.291711722693,1365.9643505497056,3467.501060642681,4428.086042898812,2501.5196828114913,4018.7465511655087,2493.6687405662797,1409.0193795181358,227.85113425122256,732.5948266115703
1911,4,16,1,9746.18913105998,24625.41117498517,6831.415112337621,5538.763753329117,917.6612431441673,2203.57970764829,2493.1820872859994,3624.479090710673,4446.712829995352,2217.884684305144,3773.225238041689,2389.0305121135875,977.1212962978929,219.52481483083275,644.7808691766226
1911,4,17,1,13200.03933001903,20310.269751208427,6238.149915678418,5538.763753329117,889.5638310932679,2443.6819533442185,2654.784630097038,4280.2340236992395,5015.593229355434,3775.1113281123553,4446.127734838961,2686.281917940707,855.5585381152245,236.1774536716124,639.086735364372
1911,4,18,1,11836.052117748352,18650.24600433796,6102.724040316037,5538.763753329117,894.2525940554624,2509.610265939097,1597.282276044416,8729.414707367401,4482.134261195507,2354.5501137958013,4147.118224494667,2616.493236464102,715.6112412029779,231.6400773582544,653.7251944126936
1911,4,19,1,10447.798268639328,18142.920659660755,6290.017312638197,7545.570045630413,941.0698922328856,2822.256468054326,1246.6481873993052,4884.838812058992,5028.316444585383,2036.640293290176,3644.8535647125314,2239.688109005081,630.7482720169407,248.29271619903403,712.2622337510206
1911,4,20,1,9505.544982416082,17129.42036791221,6677.239529626324,7545.570045630413,1280.5011649729072,2652.188796637403,1046.4850378383,4908.90205743856,4873.093218780384,2089.4625664345967,4507.691601051591,2212.2743265508534,571.8761750047192,260.40797872645146,803.3347810372234
1911,4,21,1,8795.745854903818,16524.311226641443,6958.89274219339,7545.570045630413,1747.50195600661,2703.8592561624673,885.8425101331125,4783.546407424457,4590.128912066965,2089.4625664345967,3891.3187871990444,2305.266176836806,539.7648219724376,272.51544507464035,854.5399932102376
1911,4,22,1,9101.70770103649,16248.215800966518,7569.582938617094,7545.570045630413,1630.517320100074,2522.0431138159843,733.4515408373445,4187.634623940089,4111.736019422123,2185.779154837507,3605.7337655688893,2291.91763570711,547.4096490069708,295.2257151791329,873.2684864275087
1911,4,23,1,8931.436799223118,14852.783503701767,8239.27357283961,7545.570045630413,1338.9934829261754,2523.754056184364,730.697211783764,4001.4279397984333,5333.877181547078,2185.779154837507,2990.409739897212,2425.5822220525574,547.4096490069708,295.2257151791329,908.2059446265738
1911,4,24,1,7814.767060726469,14645.711934445435,8801.968594473412,7545.570045630413,1202.081604430359,2490.3336485886925,670.113401356516,3969.805559744609,4293.423532905308,2357.5871233400358,3765.988599594229,2752.6662734916217,547.4096490069708,296.7381739502509,804.9556775354163
1911,4,25,1,8418.601874046042,14174.048915583946,8069.303399698584,7545.570045630413,1216.147893316916,2405.3568442925052,615.9525491371957,3641.8651004613744,4373.019967383726,2784.1784996786323,2806.557171804108,3075.5397112858063,779.8031523953115,283.1104526517113,808.2142673866714
1911,4,26,1,8016.685701416265,14117.679432842097,7628.583376416035,9238.22523983159,1351.8875810721902,2316.9581552595587,585.6663582991717,3473.04442607042,5021.496801222127,3534.8621802379366,3870.762538855532,3771.186837942843,834.0791147251342,271.7592156890814,696.8175256673536
1911,4,27,1,7686.052774498219,14577.83847563382,7514.556623571396,9238.22523983159,1506.3823206762158,2355.2832643112724,560.8773968170682,3368.476396410404,5021.496801222127,4234.784415557848,2990.409739897212,4378.859015678069,748.4847673233014,263.43289626869154,618.7625409312569
1911,4,28,1,8571.077242178462,14713.585393257052,7586.9060377980995,9238.22523983159,2353.876226091284,2372.8489392932975,515.8938318592153,3489.296565619993,5613.88970232715,4215.152318146884,3239.0774175634606,5020.574452670269,655.2147980146892,266.4578138109316,632.5863525167535
1911,4,29,1,7120.741247158975,15433.73429522547,8302.24813339192,9238.22523983159,2167.732336492505,2302.8143650142924,468.1673665990228,3540.5726958268415,5633.534346642082,3461.431628043346,3539.0308372704485,4438.613894426388,655.2147980146892,260.40797872645146,608.1889207695808
1911,4,30,1,6641.677391581394,15310.641751278981,8001.641412309077,9238.22523983159,1851.7097128411883,2241.1063769280477,417.67514353404925,3577.612455730501,5072.593233585475,3913.837585507988,3686.9099707623386,4512.523602023516,655.2147980146892,267.9780687612823,590.3002702974613
1911,5,1,1,5801.141758104178,21946.135148331832,16863.52754983237,12837.292378162536,420.2889900229097,5434.523276096224,4691.959542124244,8142.825856647933,5960.470085190105,3046.6628960019516,3942.2898927856127,8531.419944822379,766.9616906696185,265.7873423969286,1556.5645438976428
1911,5,2,1,5723.387409235831,20509.288537215925,16243.972002651368,12837.292378162536,1360.4445734781812,5434.523276096224,5391.399119212973,7252.863734336409,6560.802272598505,3113.91096448146,4900.253017122695,8964.127687482183,764.9369278195945,247.07651223875183,1533.3848841309455
1911,5,3,1,5571.619818011102,19817.89957542136,15394.121136945854,12837.292378162536,1795.3273382209036,5434.523276096224,7834.29470095666,6988.671977472371,6593.068346421654,3619.3561243436448,4080.415296196136,8737.650425899566,892.2814232660362,244.32446096965342,1699.7577319490806
1911,5,4,1,6103.868052658542,18790.594512389656,14238.568520986575,12837.292378162536,2163.629668900595,5434.523276096224,6456.787311634701,6432.9495933393055,5977.773657902766,3807.216857579992,3767.666660683441,8385.302692590854,1016.3077712282089,271.2914449351254,1819.7712602338433
1911,5,5,1,7174.633403136784,18607.681292879828,13210.3916342997,12837.292378162536,2148.156751125382,5434.523276096224,9211.687802766004,5956.598123285494,8587.559565863521,4883.61981175863,4692.488078507387,7814.092637270243,1422.7230976666422,291.6550650906136,1866.8024539633595
1911,5,6,1,8014.9668146402255,18654.847594765866,12632.615326319996,12837.292378162536,2127.4089750177177,5434.523276096224,7898.867145573524,5921.070190316672,7885.848799503159,3805.3729589281393,4166.730563475486,7978.396156946825,1333.1100194369913,301.0104801696999,2113.4642682197054
1911,5,7,1,7399.504237835654,17943.90187365326,12722.287839727835,10701.562019802157,1684.203656017104,5434.523276096224,6564.446148500319,5866.518435084407,6622.9933486424325,3277.258692110757,4689.341713965048,8471.396303501073,1105.3049520129837,295.5063776315032,2117.8314504945834
1911,5,8,1,8933.256796986047,17078.80287320524,12545.99983041484,10701.562019802157,1434.175371058548,5434.523276096224,5768.090760730028,6622.557888084347,6634.49513521023,3669.249852570392,4414.0348165066935,9200.638751793085,981.2786040508107,296.6056389032985,2078.778762844197
1911,5,9,1,15404.25884280678,16057.249798208419,13017.799531639883,10701.562019802157,1192.352421283826,5434.523276096224,4950.249320591665,8066.982538749902,12454.500924262167,6480.978367400361,7315.087803400305,9722.038143569534,1531.1980351456637,293.8535876341959,2110.524818611619
1911,5,10,1,10901.786599484247,15696.024949616673,12268.830243518109,10701.562019802157,1021.1305198122031,5434.523276096224,4896.419902158856,8196.117756101165,9884.920376427837,4099.420561586133,11742.232472166967,10009.614096765785,1291.9988649914394,264.6880811251375,2138.7435348493154
1911,5,11,1,10278.942920641337,16090.611328810737,11897.912119876803,10701.562019802157,912.1753904784156,5434.523276096224,4691.959542124244,8468.624561106813,7302.82018480732,3407.958567139506,7276.702155983271,10345.567313116528,1058.1118102992612,245.97725096695646,2159.739603478574
1911,5,12,1,8663.998239070776,16304.58528370837,12740.629944743025,10701.562019802157,819.8067601233539,5434.523276096224,8522.991251861333,9122.741681582638,7378.854119021317,3566.750780452399,6108.771637851322,10582.974252671125,992.7496939616515,218.46453445520112,2096.835381865347
1911,5,13,1,8481.088463904056,15606.293936272505,12447.156264499472,10701.562019802157,727.4498516757062,5434.523276096224,9125.629305781069,9244.821706571323,7029.729093112433,4493.364085324234,6552.409038327082,11219.941550872169,1122.7810420113872,210.20838064790595,1946.419546205449
1911,5,14,1,8327.09643096937,15918.0516877637,12481.802462861482,6980.0548422048305,628.8686103957508,5434.523276096224,7263.88572558905,9289.798557882948,7125.407671641361,5593.303863470716,8446.62537165869,12064.75190558893,1355.9752120780654,222.8693757216068,1869.7419035714458
1911,5,15,1,9044.478882493488,16102.115304880503,12140.435508411521,6980.0548422048305,589.4361138837633,5434.523276096224,6144.782402247082,9549.328848364505,7868.545226790398,6981.000295933601,9891.016454247949,12354.11960927234,1713.1957301069328,228.91921080608273,1841.5231873337498
1911,5,16,1,13245.539274090408,16972.966293363403,12799.732283125459,6980.0548422048305,559.3342556665369,5434.523276096224,5348.427014476791,9886.970197146347,16442.46550592761,14244.659408734291,18560.40443550721,11376.719718502536,2999.805492455702,261.9360298560391,1865.3747212965682
1911,5,17,1,10752.142338983105,16718.728422221033,13145.175260912285,6980.0548422048305,531.3188969674666,5434.523276096224,5251.511203795228,10183.288276375759,14509.554648198495,8561.112975949132,17565.104451933963,12081.773535217304,2339.9483674502358,283.9524400088262,1834.9724139214109
1911,5,18,1,23920.837263086374,15651.15944294459,12841.51152232689,6980.0548422048305,501.2287606576404,5434.523276096224,5036.307817576601,11124.022586582452,14839.340386957936,7203.352780422296,11415.01055975935,12166.88168335955,2091.9726587064974,278.44833747062944,1615.8574417066175
1911,5,19,1,41214.86044965491,18144.071057267734,13967.512969094949,6980.0548422048305,458.6782367758124,5434.523276096224,4132.407880453261,11076.652009290667,14839.340386957936,7203.352780422296,11566.03605779367,11646.37816682672,2374.361637182758,248.18356968977565,1641.1367083362272
1911,5,20,1,23467.860042110064,19005.71886489482,12937.298070739706,6980.0548422048305,411.9781576724461,5434.523276096224,4003.2629912195307,10281.557027140618,14839.340386957936,7203.352780422296,13678.295453912297,11606.063780864642,2513.169523821991,265.7873423969286,1778.5349814459962
1911,5,21,1,16439.635347895855,17206.497007579637,12142.473520079891,9025.549161035247,374.6204387712278,5434.523276096224,3615.828323518461,10351.479022877133,14839.340386957936,7203.352780422296,14285.54381059182,11501.246377363166,2551.586126946216,280.6468600142159,1964.4761652265988
1911,5,22,1,14000.83834567405,17957.706644936978,11890.779079037511,9025.549161035247,341.41227509154777,5434.523276096224,3475.9404081007146,11000.808691392702,19280.251430808526,9688.277375367112,13946.785228195451,9878.8163111999,2786.781963708754,258.6382460406573,2167.7181095576816
1911,5,23,1,12730.884351150666,16754.390748037305,9986.053373789722,9025.549161035247,310.278889022637,5434.523276096224,3228.3936558173505,8330.040425412748,20078.25149002899,9703.679352341458,14885.450650005885,7764.281973725931,2991.721838491688,231.67126207518533,2305.1163826674506
1911,5,24,1,11404.308204005078,13363.018602664382,8975.199586283852,9025.549161035247,284.3383079343357,5434.523276096224,3206.907603449239,7075.224069492234,19421.733584165184,9630.140335520306,14466.984165869191,7951.519899638797,2978.17209470438,210.76190937341786,2162.67905308666
1911,5,25,1,10603.509188350055,13299.746734280116,9118.981309486571,9025.549161035247,262.5472820675862,5434.523276096224,3605.0852973344054,7094.121906177774,19257.858572003905,10209.232976830257,13851.345503743254,8694.200476584861,3062.473057471968,188.1997666743474,1976.73786930608
1911,5,26,1,10254.67628380351,12233.328152611206,8893.984821299846,9025.549161035247,237.63822883096944,5434.523276096224,3131.5921326483585,6910.434933594246,18623.73352494472,10604.911934593598,14985.085527181287,9338.603539307842,3228.226457324585,192.604607940753,1832.7888227839721
1911,5,27,1,9738.605807048127,12480.663638111717,8396.50617305346,9025.549161035247,216.8904527233047,5434.523276096224,3109.991792767676,6859.536760121107,18737.7335334048,11076.407666336292,16151.337984223936,9102.988350240483,3236.3101112885993,186.0012441307609,1730.8319135203592
1911,5,28,1,8503.737324952728,11875.55449684095,7598.217002557494,8167.0640136986,200.28050992975108,5434.523276096224,6209.354846863947,5939.968027002212,18109.715629656064,10055.86399484631,15811.530613646784,7055.64465603669,3127.8351738095776,185.44771540524897,1800.2869085459026
1911,5,29,1,8503.737324952728,11693.791674938102,6991.399028303794,8167.0640136986,188.86337211683397,5434.523276096224,7145.598150051985,5248.055233155242,17423.679864458896,8317.826818530479,15489.552642143068,6604.571470883048,2767.9201044593833,177.74509032346572,1711.347561832418
1911,5,30,1,6917.811496600827,9784.82188591758,7091.057798886484,8167.0640136986,188.86337211683397,5434.523276096224,4713.445594492316,4958.918331866312,15927.429753420562,7272.336282927095,12656.775765819113,6802.111962097263,2281.9770204511565,189.2990279461427,1756.8670386206165
1911,5,31,1,6365.341064588446,8703.678214879259,6776.083095541692,8167.0640136986,171.22190147160939,5434.523276096224,4175.379985189444,5236.212588832344,13833.697455185245,7855.875973926784,12353.675981569786,7667.975385038718,2369.588431984964,208.0098581043195,1710.5917033617704
1911,6,1,1,9439.51950801936,17301.980008959246,6325.274914500795,6253.41157298388,654.1527646693388,1948.6492947597274,2434.4383058115654,2596.8147317504076,9976.425740361372,3659.704965431339,5126.476627719867,8153.629354595385,1507.02406043423,210.98799857116316,2823.2153721626837
1911,6,2,1,9052.769983413289,17249.061719038324,6971.834116287558,6253.41157298388,629.9704696918641,2087.4637522475905,2493.753524848973,2990.6456482773224,9305.861404883839,3477.8097866569,5858.111262641602,8447.566022021243,1611.5726517021558,208.98438050839098,2630.639430695261
1911,6,3,1,8942.457896787053,17999.120958788135,7397.574753807572,6253.41157298388,601.3807375299364,2060.544925651753,2493.753524848973,4029.018781359356,9738.756079866536,3511.1084270169185,7318.33904676073,7898.663260266214,1758.9261153890805,216.0009418177099,2487.1942898202665
1911,6,4,1,9130.119888334348,15908.848506907889,8137.780591755413,6253.41157298388,585.9898731065529,2088.490317668602,2493.753524848973,5242.763838883309,9596.764997900633,3514.3623658143274,7481.425608874238,7133.854564803128,1983.7286827692985,227.53149090268442,2315.362464158523
1911,6,5,1,8933.762351919962,15576.383598491115,7883.640536711069,6253.41157298388,570.5990086831827,2392.23961946825,1820.8286506825914,6444.036324194783,9582.922139730465,3514.3623658143274,9199.655285468632,7146.665580786623,1954.9354772212855,213.99732375493775,2097.843193159551
1911,6,6,1,8488.772898902796,15042.599108852894,9236.065079833763,6221.747908813391,533.2178459671637,2910.427031438136,2998.4471804737695,7231.698157248547,8879.888158986125,3514.3623658143274,10139.159737823673,6315.472529772698,1908.4352201330466,189.4393591723278,1995.9702681704644
1911,6,7,1,8076.745627590289,14552.529728280337,9207.329115309994,6221.747908813391,491.44096797407894,3347.857963620509,3552.627329052725,7593.150780254219,6997.361233567454,3514.3623658143274,11061.5689428318,5493.41740624344,1816.9744495687676,185.4321230467835,1835.2243667449675
1911,6,8,1,7643.990603978923,13861.140766485774,8211.047111232934,6221.747908813391,470.5525289775433,3318.886006182608,3800.059793823519,7574.252943568679,6071.41652199501,3514.3623658143274,10477.184168493524,5430.706139191278,1687.866947686354,180.41917980023672,1725.792857049338
1911,6,9,1,6675.751794141549,14220.064819863008,8079.391557456933,6221.747908813391,480.4458188277613,3069.0884203992237,3315.1378778778317,7112.641786129603,5623.762917345581,3514.3623658143274,11647.841535895552,4783.257100640101,1572.848099855501,167.8907197734925,1826.9099235677772
1911,6,10,1,6282.9356103258915,14964.37207157849,8511.551931732283,6221.747908813391,526.618412097885,2798.531400546111,4146.46524450259,6605.927791801065,4990.655727504785,3514.3623658143274,11019.61741560008,5019.409814853587,1441.123033832352,157.86483328039895,1835.2243667449675
1911,6,11,1,6446.330965035359,15016.139963892432,7225.0570660810845,6221.747908813391,488.1471119931532,2601.54490253335,4928.1918306605785,5600.05893781811,5607.986130460457,3514.3623658143274,9846.652714200318,5796.402413629613,1394.6227767441128,146.34208037465297,1681.4491601043742
1911,6,12,1,6342.894425513287,15919.202085370676,7208.345370400539,6221.747908813391,482.6495374199876,2517.5946636582144,5126.137802477215,4876.145807183608,6873.182652923455,3514.3623658143274,7453.213206810828,6281.339682991446,1324.5644423893164,145.3363732536547,1494.4161807550634
1911,6,13,1,6366.352174456537,15730.536877825969,7104.406775314248,3873.9898743358854,448.5622306848945,2276.12366406755,4987.6213372105985,4446.786957687937,7424.352336683561,3514.3623658143274,6786.603439098322,6899.583188601234,1195.9958507711717,141.32913712811037,1408.500267924214
1911,6,14,1,5142.605900912218,14875.791455841298,7056.207799357482,3873.9898743358854,403.49149671088384,2541.433793990937,5640.7744716978705,3896.355967826805,8116.597030912909,3514.3623658143274,6830.547663873604,7559.216130465426,1013.536232726258,135.31048676056116,1621.1484510011953
1911,6,15,1,5991.735968269638,18557.06379817286,6123.002256416227,3873.9898743358854,368.30233067967754,2562.193228060625,5620.88844450611,3429.3274305378927,10001.057885046534,3514.3623658143274,7367.736970076173,7542.104913312622,1029.2416175706408,133.8136203479087,1446.6291285549223
1911,6,16,1,5366.870069690287,14936.762529011054,5798.346997646685,3873.9898743358854,347.4138916831418,2391.2130540472385,5749.576183689437,3656.1014707644968,10001.057885046534,3514.3623658143274,7411.681194851366,7097.929967534714,1098.2221313968998,129.79858804313164,1432.0158647889496
1911,6,17,1,4540.287752394912,13150.195045373168,5802.117319233193,3873.9898743358854,336.4187425368241,2231.52509966514,5630.83145810201,3442.9338729515,10050.423960138683,3514.3623658143274,6176.523354330632,6092.757944213188,1178.750722314607,126.7970590385898,1272.025821834123
1911,6,18,1,5809.2306370502065,14061.309950100245,5418.054020330986,3873.9898743358854,332.0230272597717,2075.0309043707034,821.3729242775769,2535.2077841555,8811.793511075603,3514.3623658143274,5578.189697187781,5349.181492023506,1210.0845048227484,123.78773385481519,1377.3421020784092
1911,6,19,1,4680.225358160871,12501.370795037294,4896.73063556489,3873.9898743358854,326.5254526866062,2049.138643195877,514.5909542156121,2501.821606011032,8811.793511075603,3514.3623658143274,5364.8661812143155,4839.876416035719,1185.525594208261,122.78202673381274,1477.7872944007047
1911,6,20,1,4836.644054779548,12055.016523529288,4619.459148084663,2599.2302069161287,306.73887298618365,1973.5149905135017,514.5909542156121,2273.0317965379772,5681.984350237671,3514.3623658143274,5223.69929207945,4814.881496739208,1074.2021310466812,113.26289189084308,1695.9784395958202
1911,6,21,1,4140.494910488464,10905.194115354023,4666.741018790611,2599.2302069161287,284.7485746935348,2094.76377301934,158.33391995076977,2521.601341741959,5692.773636752664,3514.3623658143274,5713.798008964398,5260.310667858153,1038.0951433407456,110.2535667070685,1751.4080607770309
1911,6,22,1,4500.348912599204,11316.346220088324,4793.811046312783,2599.2302069161287,263.86013569699907,2217.0391209461886,346.35973567402675,1959.7056642915743,5664.171848915765,3514.3623658143274,5727.956649405146,5684.41800817934,1058.4967462023149,110.2535667070685,1450.7443580062431
1911,6,23,1,4927.0372770009835,10769.332157969871,4362.465876704755,2599.2302069161287,245.1754152926898,2034.6526644769267,9.896041428192028,2048.3995111357262,6867.279081056863,3514.3623658143274,5887.896846976136,5527.460665500264,1038.634053605014,97.22615120943729,1779.1228713676362
1911,6,24,1,3665.071050436739,10688.574245960232,4475.677424882072,2599.2302069161287,227.58083227707988,2227.4188379810125,59.375791419093616,2352.4027106172953,6867.279081056863,3514.3623658143274,5970.226719168452,5406.338332565324,1005.2216172204221,96.22044408843483,1407.8283937280705
1911,6,25,1,3645.152186032198,10075.29728167971,4044.332255273915,2599.2302069161287,213.29182714982295,1940.3227085669264,59.375791419093616,3316.5703383141063,6867.279081056863,3514.3623658143274,6043.222376551748,4940.304030843532,958.105462687307,87.20026471634375,1290.6703307768898
1911,6,26,1,5007.016067579806,9405.88091417862,3982.1728993890547,2599.2302069161287,197.90096272645283,1992.1072309165793,108.8554271224917,3348.9486318353493,6867.279081056863,3514.3623658143274,6352.195374613584,4427.32586635699,842.6246917728091,85.69560212445856,1260.9398975978763
1911,6,27,1,4438.57009964888,10839.736491517282,3693.692347732928,1819.958253561953,187.99595096883456,2025.2995128631142,108.8554271224917,3599.6599318636195,5541.92719698672,3514.3623658143274,6927.036176506579,4457.158511968935,287.49322855068135,92.71216343377328,1247.7543664987172
1911,6,28,1,3877.2019007958925,8380.646566839581,3987.6755308935735,1819.958253561953,178.1026611186166,2006.5932096355298,108.8554271224917,3637.2036340789577,7268.6201822693165,3514.3623658143274,7269.675275171896,4519.153078826187,1290.6130957404555,88.70492730823317,1057.9499060903506
1911,6,29,1,3018.4662896901777,8199.689023261506,4133.393365181166,1819.958253561953,168.20937126841204,2120.656034194166,108.8554271224917,2934.2041093764446,7852.36129701796,3514.3623658143274,7119.174171228011,4884.311828118395,715.6035424849122,85.69560212445856,1057.9499060903506
1911,6,30,1,3557.286738481121,8580.24055165001,3762.2714403731243,1819.958253561953,159.41794071430726,2134.1154474920645,19.792311431409278,3290.491323688021,7069.4255246297125,3514.3623658143274,6389.007839759403,5076.566655395404,694.6938242313205,79.68474793614209,1057.9499060903506
1911,7,1,1,4584.978808571714,14373.067701591443,796.1390681858156,603.630474254485,77.54276186862575,351.48459387742764,235.4208471968979,741.866075485736,2975.2984350858374,1520.1317415168735,3791.6839100236416,2915.2676302053956,428.1873011148383,27.1743623330595,893.8446336841805
1911,7,2,1,2425.147019000364,13201.962937687113,569.7261618895957,622.3368915510378,81.91151675863459,331.7973503586104,0.0,627.1814039200116,2843.5877110256793,1294.0914597244205,3607.621584294364,2807.4938384000766,389.80919158092513,27.1743623330595,849.4169524646902
1911,7,3,1,4042.619475241803,10462.636155949709,770.368410639391,622.3368915510378,77.54276186862575,204.56026956342467,278.4500956893662,801.6084365276239,2941.7091468788085,1181.0713188281677,2752.5445804931987,2748.0077222248956,376.2594477936172,26.630189022624332,856.8075686221804
1911,7,4,1,2829.0854113665837,12303.502406636775,912.1121221737411,622.3368915510378,74.26648874879372,152.54762156471688,293.63890611340224,610.4631177322165,2110.425156616902,1064.6236957320498,2750.4470041316395,2441.439213864325,342.4004857614952,29.891330795612653,795.448657660077
1911,7,5,1,3301.1726088531145,11092.248766248627,1061.1926757142442,622.3368915510378,69.89773385877147,167.3073510625822,498.6821324622281,743.0629384758488,2762.7698478853113,1015.9447713229653,2750.4470041316395,2315.3895670894467,345.41068452333406,29.347937103099508,852.1044492492423
1911,7,6,1,2468.119188401125,12352.969503736766,1046.5189917020664,622.3368915510378,66.62146073895286,169.41751331693968,240.48378400489642,747.8503904361688,1923.2412141543412,966.1052754095249,2568.377375945834,2021.990424809789,324.3392931904617,39.13058280413408,823.7597565997567
1911,7,7,1,2776.4065872308993,11591.406287917192,963.6534372665902,622.3368915510378,63.34518761912083,161.6840538118278,539.1856269262971,746.653527446056,2199.4876632263336,977.1144350073881,2356.207526971234,2034.263915647158,352.9323320688985,35.32604733864099,797.4726786759426
1911,7,8,1,3464.1635196152934,10507.501662621793,672.8087920751661,622.3368915510378,62.252705848930596,129.34724304946226,199.98028954078677,726.3446522879882,2397.5626779257163,961.4629893918928,2465.3863765918295,1862.614218972996,313.0529725130822,35.32604733864099,843.2861004249609
1911,7,9,1,2403.711489793297,9929.426865114974,935.1212739095567,1602.5272217843717,60.06774230855012,88.57434578272972,197.44310676118738,698.867197747237,2110.425156616902,880.9063112310386,2380.1198974933486,1874.8877098103655,322.07587008053326,35.32604733864099,826.4556518117433
1911,7,10,1,1934.455399938045,9937.594688124174,1175.3213291422499,1602.5272217843717,57.88395095892175,66.07887552328182,215.16909996482286,844.6073142661885,1607.0947621213106,789.9153359932047,2534.082002433832,1816.207881354449,313.0529725130822,35.32604733864099,843.2861004249609
1911,7,11,1,3194.904961700023,9917.232650480799,816.3867141110226,1602.5272217843717,56.79146918873151,78.02923765228111,217.69485399322195,936.6019832514163,1837.84299353116,749.3495656523357,2482.062108666484,1747.942187791943,289.7181580702979,46.195480424693464,831.1755680395958
1911,7,12,1,2002.8064270318705,9492.505853984065,958.1304256453726,1602.5272217843717,56.79146918873151,80.1382592784032,243.009538033255,713.2043565126689,1969.6555033131467,701.8312127476592,2375.924744770141,1737.370859917456,289.7181580702979,46.195480424693464,824.4400292233348
1911,7,13,1,2723.727763094956,8780.179655743199,946.1672971519922,1602.5272217843717,54.60767783908973,73.10856740082228,205.04322634882584,743.0629384758488,1761.6054878735044,770.2181598062945,1413.6615888918527,1845.144651722775,263.3808435837238,45.652086732184515,814.328322571509
1911,7,14,1,3635.8499752443045,9207.552366735534,1201.10217674696,1602.5272217843717,55.700159609279964,346.5570798564757,154.41385826871914,759.7938232214409,985.7234660087203,696.6140642091956,2022.2733702065048,1768.00979324859,273.9203886091928,44.56529934716241,948.4344121202168
1911,7,15,1,2812.5032095274973,9685.197453153189,974.6994605090257,1602.5272217843717,54.60767783908973,347.26426936875316,227.82072760921895,697.6703347571242,419.7236025767034,642.1322822781231,2570.4749523073933,1840.7548630291126,261.125119191861,47.283047427637584,833.1995890554614
1911,7,16,1,2458.3114226790553,7884.710158470665,655.3226519605681,509.54724549432,53.51519606889949,312.1215131222277,227.82072760921895,602.0976753594205,768.5941641810152,561.5756041172688,2951.1850619355723,1740.0584856482365,258.86939479999825,37.500401726603016,752.9778100368402
1911,7,17,1,3177.3116499923262,8786.967001624136,781.4144338819543,509.54724549432,53.51519606889949,103.33635653710623,210.10616315682435,712.0074935225562,950.2918562364829,882.6417452563303,2294.7485395766917,1721.6034556300428,225.00273404981058,38.58718911162512,648.4929741102707
1911,7,18,1,3115.836170002664,8550.905412672108,1113.6714761744813,509.54724549432,52.422714298709245,87.16795115594365,210.10616315682435,734.6974961029872,548.7370050079882,618.378529057105,2704.614960630883,1747.0463125483247,206.9415414787771,38.58718911162512,734.1065435528878
1911,7,19,1,3049.5073626455405,8892.803581466535,1148.6233762867225,509.54724549432,50.238922949067465,151.8404320524394,215.16909996482286,743.0629384758488,1038.4179342049863,543.6138619556502,2401.9346916538143,1742.6565238546625,206.19476582686664,38.58718911162512,733.4346693567443
1911,7,20,1,3780.236464430695,8333.825384235191,1167.984487136225,509.54724549432,48.0551315994391,123.0167562864708,111.38118115085028,756.203234251168,326.151988489739,341.3490263094961,2018.0782174832968,1867.0040076666587,187.379098885857,35.32604733864099,691.6356959296511
1911,7,21,1,1813.526659695163,8320.250692473315,831.1215384731694,509.54724549432,46.96264982924886,118.79643177779636,131.63635700828547,879.2533481896885,1087.4786521315507,382.50050563388936,2508.072055550158,1748.7484755112073,176.09277820847748,35.32604733864099,623.5496445787439
1911,7,22,1,2884.6964541204334,9263.231610913532,1469.9159158034827,509.54724549432,46.96264982924886,115.28329678139941,126.57342020028696,850.5790306588245,721.3452321032102,387.1319451888288,2943.9484234880233,1626.1927421864473,190.3892976476959,39.67397649664722,720.6270674929091
1911,7,23,1,3166.5938853890525,8497.987122751187,1212.2093403396204,578.6453576804668,44.77768628886838,118.79643177779636,141.7622306242825,732.3163686806242,561.4500416657526,322.8015751643012,2414.4152710052617,1648.9479733738747,265.63656797558656,45.652086732184515,848.7450782685465
1911,7,24,1,2904.210874577685,10038.024399213893,1274.776298558206,578.6453576804668,43.686376709416834,157.46372930319382,141.7622306242825,796.8209845673039,513.3053952357509,282.8215138070085,2522.6502112631647,1566.6170384869124,337.8813382597039,39.67397649664722,1067.776066208836
1911,7,25,1,3596.8211343298008,10038.024399213893,1138.5352185283746,578.6453576804668,44.77768628886838,164.48999929598773,151.88810424032005,729.9226427004642,271.6457344448135,317.00956410495377,1718.5443130486562,1458.0369589623297,214.47088774240723,42.935118269631346,854.1200718376508
1911,7,26,1,2296.4327327718547,8362.240205127959,1342.8458882813102,578.6453576804668,46.96264982924886,243.93475660109965,144.2879846526816,518.4684487469232,666.8389780581847,293.24496442129526,3227.855384028967,1418.618448243796,200.1743683031888,38.043795419116165,733.4346693567443
1911,7,27,1,3125.6439357247336,7056.9990802499415,1236.0540768593291,578.6453576804668,44.77768628886838,403.49724187617585,199.98028954078677,727.541515278101,678.6461217915696,238.1883199693912,2365.5417417802532,1359.1323320686154,203.18456706502772,38.043795419116165,640.4052884742879
1911,7,28,1,3397.7336012712826,7929.460625382386,916.7180285442697,578.6453576804668,43.686376709416834,322.660918111459,106.31824434285178,685.7269019718523,678.6461217915696,252.6791940804262,2497.6890525602703,1350.3527546813652,197.16416954134988,36.4128347236589,683.5480102936683
1911,7,29,1,2295.4216229037634,7183.197697735154,716.9928850451635,578.6453576804668,42.5938949392266,315.6346481186247,118.97330061260799,737.0912220832128,294.3541289871035,240.50946297815506,2435.181276985037,990.3900818020091,200.1743683031888,38.58718911162512,647.1492257180058
1911,7,30,1,3196.8260704495783,7880.568727085883,899.2318884297996,584.1459737428711,40.410103589584814,317.03762086070464,96.19237072681423,943.7705626341651,574.1732568956999,184.292247021843,2744.1542750468725,1273.3074837315344,182.11317573215533,36.4128347236589,622.2058961864567
1911,7,31,1,3354.8625428574087,5797.773859650986,1272.9420880566995,584.1459737428711,38.22514004921776,356.40070161590455,91.12943391881572,766.962402604124,941.2023912761373,222.54772081653653,2298.9436922998993,1135.7906338386251,177.59402823038064,40.76076388166932,645.797078898284
1911,8,1,1,2282.0749726427252,7583.305985442258,50.01688236485403,0.0,7.259963351574304,64.99641931821162,54.08199383563306,214.12508820503547,203.89715798851185,31.636962280816405,958.529469954645,629.7734199948741,91.84570646733295,0.0,518.5776998599753
1911,8,2,1,1802.000007197053,5614.860640141161,48.44353735688134,0.0,6.352570499317312,32.271794952374954,69.38852039764019,158.95600364105192,150.55126117253903,134.87576315205894,548.5476822004955,501.69909516952714,60.314066905026934,1.1461942707731085,501.84803237617604
1911,8,3,1,2026.8708418961826,9479.851480307321,30.32459461934014,0.0,6.352570499317312,10.556286287252671,57.143756298082494,160.83318875180245,107.73000799470334,102.40579253908682,575.4386111560812,540.848843314923,210.41366332427722,0.0,455.29554901142455
1911,8,4,1,2243.9561306096853,8954.694972721982,31.016499580747848,0.0,6.352570499317312,8.897470629696421,77.55207742237184,148.20943384582722,107.73000799470334,124.88617104401692,631.6851212920714,907.1632716714289,0.0,1.1461942707731085,482.93477375496053
1911,8,5,1,1976.0120155231668,9124.49365951194,56.622078182004,0.0,6.352570499317312,6.333794584916513,60.20551876053194,175.78767684895334,86.39775641167199,108.23359692524683,396.9453506667441,872.8691673463084,93.90126418960313,1.7192914061596651,400.02549795180965
1911,8,6,1,2374.894858548151,7445.143232844154,73.67208379949109,0.0,5.445060427986263,7.087749855249105,68.36793291014354,211.31560981777534,18.191144207127508,59.945145171845084,493.1192268455473,743.1643495775924,194.6466887354185,3.438660774111653,390.56886864119065
1911,8,7,1,2765.9921555877677,8921.563521640946,56.433562102680796,0.0,5.445060427986263,39.81248828394643,39.796054761121546,165.5072536920162,0.0,59.945145171845084,515.9408576596651,610.1895871697557,194.6466887354185,2.292388541546217,413.1186463490076
1911,8,8,1,2075.707448532756,6837.963375881278,54.986573818146205,0.0,5.445060427986263,30.009929141377217,40.81664224857869,152.883498786041,0.0,59.945145171845084,427.0980108646266,652.6092799543472,194.6466887354185,3.438660774111653,314.20196782289906
1911,8,9,1,2112.916291684332,7630.8174066105,56.37038374096162,0.0,5.445060427986263,22.922065223303566,41.837229736075344,156.15912381158867,0.0,59.945145171845084,472.7412724927733,566.9546479135171,194.6466887354185,2.292388541546217,333.10682801667997
1911,8,10,1,2314.3293774399526,7412.12682152404,44.79447746468541,0.0,5.445060427986263,33.629142564622754,34.69426019882731,176.25382348717537,0.0,10.823359692525464,450.73769645969736,553.9017456142575,80.87503323044895,2.292388541546217,369.480417309971
1911,8,11,1,1608.3724674270595,8026.554183411539,41.397112013531846,0.0,4.537550356655215,27.59750040196206,34.69426019882731,179.0633018744355,0.0,72.43267762999838,515.1228028786232,658.3249640084841,12.337195692699233,8.596846839757092,290.19926216594195
1911,8,12,1,2824.7376389332976,8249.501239643701,56.622078182004,0.0,5.445060427986263,31.51783968204236,34.69426019882731,164.0962152194877,0.0,71.60075394416512,438.508826271641,698.2989173779849,156.9537651089232,7.45034072181715,305.4760017005787
1911,8,13,1,1638.7057634744722,7886.895913924255,57.755212669611225,0.0,4.537550356655215,28.049189187214246,34.69426019882731,167.83798688325743,0.0,23.312302190811373,498.82463454909896,699.1141638497068,15.763895101635528,8.023827666165403,357.10953367363703
1911,8,14,1,1600.586921441432,8442.42291833411,63.66850352535349,0.0,4.537550356655215,64.54473053296174,51.02137424830364,206.17539823933956,382.2969926563143,88.25224341670766,621.0923606660099,600.406629509617,0.0,6.877243586429906,349.11423073961527
1911,8,15,1,2602.799022852074,7731.477197221503,63.98337632811479,0.0,4.537550356655215,73.74275670538916,51.02137424830364,177.66486195970384,71.71618389356497,75.7636263122747,579.518397179331,606.1133548113708,144.6204187752526,0.5731049315657891,332.3845632558385
1911,8,16,1,1844.9721765978138,6496.870485411622,59.70558983623032,0.0,4.537550356655215,73.89446026202766,51.02137424830364,180.92788842745466,80.25804167032271,43.293655699354986,658.576050247568,551.4560061992414,23.30324969873974,0.0,331.65390006753984
1911,8,17,1,1928.0854077680572,5009.061260306544,43.787699700516406,0.0,3.63004028532418,67.40998868588653,30.613053124017128,173.92309029599969,377.48252801329414,26.642166226813377,533.0570807702312,460.09464885665744,41.12347239445719,0.0,336.0210823424174
1911,8,18,1,2346.5837822371805,6929.995184439399,33.59560334705561,0.0,3.63004028532418,53.38482377814973,28.571878149049066,151.00631367529047,379.6505638885555,58.279128507619205,694.4446060306952,481.3000158727617,47.97687121233177,0.0,304.01467532400386
1911,8,19,1,2296.7360657325157,6269.5519182728385,50.01688236485403,0.0,2.7225302139931316,42.82830936526657,31.633640611501182,145.8661020968547,76.75355926739407,41.628723681354,849.3086688067434,398.09112324694746,38.38195889293779,0.0,271.2860035447264
1911,8,20,1,2099.1651974762653,7455.266731785659,52.217934966681185,0.0,3.63004028532418,37.39891891628568,31.633640611501182,152.41735214781895,74.62114839485986,64.93994122589216,664.2814579511197,337.7270493330643,37.696003113705075,0.0,384.026493656309
1911,8,21,1,2300.679394218513,9114.370160570435,58.760971427946174,0.0,3.63004028532418,42.074354094934584,27.551290661565055,210.38331654133128,80.24582738370201,75.7636263122747,921.0352924912158,346.7037192739391,37.01081720628719,1.1461942707731085,320.7443428077807
1911,8,22,1,1796.1355699612404,8410.671944381334,59.01266586898842,0.0,3.63004028532418,38.15401481486383,27.551290661565055,165.97340033023823,692.0920156466041,53.28433245362425,731.9387834941243,380.96198858930296,39.75233070779007,4.011757909498209,278.55904171790667
1911,8,23,1,2726.9633146732635,6742.940533544793,54.73487937710395,0.0,3.63004028532418,38.90797008519642,27.551290661565055,71.99823806036493,210.82876564577896,61.61007718989552,802.8473523975548,413.5897649612979,39.0671448003722,3.438660774111653,351.28942344959694
1911,8,24,1,2327.9793606613925,7783.3601292963685,37.30784160097058,0.0,3.63004028532418,38.30457774328125,36.73543517379538,88.82991126826633,210.82876564577896,58.279128507619205,845.2288827834936,342.6185281630963,37.01081720628719,3.438660774111653,432.0235065427661
1911,8,25,1,2237.0805835055216,5377.418574060873,35.35746443435149,0.0,3.63004028532418,40.8675694110769,29.59246563653312,43.012736152092046,226.23912393221676,5.827912850762963,730.3026739320404,398.09112324694746,39.0671448003722,4.584855044880933,185.46247341583825
1911,8,26,1,2568.522398318404,7353.111424286033,67.63243622031072,0.0,3.63004028532418,55.49612666074254,27.551290661565055,9.350523606432533,226.23912393221676,74.09869429427637,815.0762225856112,519.6434762988936,36.325631298852784,5.157952180268175,336.0210823424174
1911,8,27,1,2322.11492342558,5676.636991636247,69.58281338692981,0.0,3.63004028532418,68.6156327414684,27.551290661565055,130.4454673614162,226.23912393221676,114.89657893602703,573.8129894758682,536.7726109565381,33.58411779734991,2.8654856769327735,330.20097211837725
1911,8,28,1,2293.8038471146097,7475.398689907748,65.49354297436842,0.0,3.63004028532418,56.55120778792127,36.73543517379538,157.5575637263203,226.23912393221676,67.4378815760034,620.2743058849679,513.9367509971397,33.58411779734991,1.7192914061596651,244.37744198948906
1911,8,29,1,2221.4083805476403,8308.516636881708,58.760971427946174,0.0,3.63004028532418,42.224917023337724,21.42890861178681,168.30413352147946,226.23912393221676,61.61007718989552,744.1676536821807,574.3008249110977,34.269303704767786,1.7192914061596651,283.6568871810828
1911,8,30,1,2085.5152142548254,5862.3111654025915,60.711348594565266,0.0,3.63004028532418,39.359658870448605,39.796054761121546,172.04590518524915,101.05998964260718,38.29777499908618,774.3203138799742,456.8247042175365,31.527790203264903,2.292388541546217,269.83307559558625
1911,8,31,1,1491.9937215912375,6472.482056143832,37.622714403731884,0.0,2.7225302139931316,37.24835598786825,31.633640611501182,150.54016703706844,108.06590087673968,22.479293858678005,529.7953495279344,378.516249174287,21.932108012072618,1.7192914061596651,325.1115250826582
1911,9,1,1,790.8294723539846,8664.564696242056,30.62927736375972,1061.8890678196487,2.1442885216815855,0.0,0.0,34.15091060234789,0.0,57.81923849092262,352.52917121020477,447.48072542678653,62.26723167709763,16.178631143434963,185.16852845501836
1911,9,2,1,2516.7535730639247,8028.739938864571,36.21648635256454,1061.8890678196487,2.1442885216815855,0.0,0.0,30.262995668240606,0.0,74.95122625921515,256.83773759453,481.3000158727617,58.33395661975108,14.156302250505068,165.062693135654
1911,9,3,1,1060.1486968613356,9110.113689424734,35.48076414028716,1061.8890678196487,1.429486608096367,0.0,0.0,27.899506226767766,0.0,28.910161568598493,198.92365425110998,505.5782349743624,58.989887398535814,25.78430357589095,180.14626883891145
1911,9,4,1,3000.872977982481,7193.43623643758,41.4602903752509,1061.8890678196487,2.1442885216815855,0.0,0.0,27.366587232235236,0.0,143.47700803982588,171.22515839635335,392.8412943194981,57.67879571274812,23.256782268689594,172.60448098728273
1911,9,5,1,1122.736397705976,7880.22360780368,46.31177715177833,1061.8890678196487,1.429486608096367,0.0,0.0,27.899506226767766,0.0,189.5202420229992,334.54245390950877,308.7275676976825,51.78003793444229,17.694988004171375,191.87047356147315
1911,9,6,1,2529.8980013511887,7074.255044354589,48.76248618297937,1061.8890678196487,1.429486608096367,0.0,0.0,29.348340372659997,0.0,68.52686642689041,265.8363401857245,406.71840184286265,49.81378534166818,16.178631143434963,191.03902924375635
1911,9,7,1,2730.6033101991193,8649.034328547315,35.18729046004348,1061.8890678196487,1.429486608096367,0.0,0.0,25.84216173960085,0.0,171.3198776828731,283.82305748633155,359.89100285976764,53.09035974841515,15.167466696970015,170.09335117921802
1911,9,8,1,785.784034111256,7572.377208175981,34.501499533640875,829.8797824700872,1.429486608096367,0.0,0.0,26.14704683812774,0.0,85.65776954890325,465.8402462631381,457.0128380187031,51.124107155641035,15.167466696970015,177.62674060338963
1911,9,9,1,3308.553710891453,8542.392470380704,36.36322319268631,829.8797824700872,1.429486608096367,0.0,0.0,29.348340372659997,0.0,99.57811972417325,228.4260657768183,334.7437847718474,47.84753274889406,15.67265911124148,155.84961822113453
1911,9,10,1,2656.9945117902844,7974.556211575754,42.97962807401219,829.8797824700872,1.429486608096367,0.0,0.0,31.78742116087506,0.0,82.44613195588073,153.2384410957463,404.98040387029846,48.502693655880485,13.650330218311586,147.46798762435432
1911,9,11,1,3588.0244784760816,8191.176080970103,51.35993205430232,829.8797824700872,1.429486608096367,0.0,0.0,33.46428920277286,0.0,78.16286385223768,44.24522698314651,489.10308924449714,53.74629052721641,11.122808911110226,152.49024724046123
1911,9,12,1,2604.5179096281145,7638.870189859335,42.24390586173481,829.8797824700872,1.429486608096367,0.0,0.0,31.78742116087506,0.0,143.47700803982588,129.49387668258865,488.2340902581776,53.74629052721641,14.661494664776534,160.03203509208996
1911,9,13,1,2940.40860786117,7409.941066071008,34.10918228748182,829.8797824700872,1.429486608096367,0.0,0.0,28.81416152234844,0.0,54.6076008979001,112.23082322671868,413.65247622835346,57.67879571274812,11.628001325381693,167.57382294371868
1911,9,14,1,0.0,8116.975435320117,26.75807419971275,829.8797824700872,1.429486608096367,0.0,0.0,32.24474880866536,0.0,47.111610554966404,124.10310543329753,342.5468581436577,45.88051028432164,12.63916577184664,165.062693135654
1911,9,15,1,4077.1994327358743,8366.036517231092,36.46104775276763,1002.030693812816,2.1442885216815855,0.0,0.0,30.415438217504082,0.0,65.3141441875882,102.87982780670603,570.618777659887,50.46894624865461,11.628001325381693,165.062693135654
1911,9,16,1,3450.8168693542557,8666.06021313068,19.014648865784757,1002.030693812816,2.1442885216815855,0.0,0.0,32.32160001118662,0.0,52.465424522938726,44.24522698314651,357.28400590088387,43.91425769154751,14.661494664776534,152.49024724046123
1911,9,17,1,2126.364052931998,8285.508684742177,21.02412837078616,1002.030693812816,1.429486608096367,0.0,0.0,31.55938726486942,0.0,66.38469005192904,128.05703687489645,321.7356762348024,40.637683284800545,10.11164446464528,176.79529628567283
1911,9,18,1,1899.3698875097982,7645.082336937344,38.47052725776903,1002.030693812816,2.1442885216815855,0.0,0.0,31.78742116087506,0.0,78.16286385223768,133.45829600596957,359.89100285976764,43.25909678456109,14.156302250505068,142.43732958079028
1911,9,19,1,767.6346119760702,4975.0094911398155,46.75300667797798,1002.030693812816,2.1442885216815855,0.0,0.0,25.155540340025812,0.0,20.343625361320363,148.92792167266984,335.60382500570904,43.25909678456109,11.628001325381693,187.68805669051773
1911,9,20,1,2113.219624644734,5541.235193294664,35.97090594652739,1002.030693812816,2.1442885216815855,0.0,0.0,25.917753086343073,0.0,47.111610554966404,121.58601379939074,239.3509888330931,49.15785456288344,12.63916577184664,187.68805669051773
1911,9,21,1,2344.2582295403367,9434.98597363524,35.13837818000289,1002.030693812816,1.429486608096367,0.0,0.0,29.043455274133105,0.0,78.16286385223768,165.83438714706224,155.22830345889443,41.29284419178697,11.122808911110226,211.1448645631207
1911,9,22,1,2158.6184577292256,9967.044866862996,23.670486522149698,1144.8629973419784,2.1442885216815855,0.0,0.0,32.32160001118662,0.0,51.39487865860549,132.0214561982774,255.82613456295837,45.225349377335206,10.11164446464528,161.71172058243783
1911,9,23,1,1932.7365131620043,10038.254478735176,27.19930372591239,1144.8629973419784,2.1442885216815855,0.0,0.0,32.93137020824033,0.0,25.697439329302746,196.04997463572565,258.4241727693842,42.60393587757466,8.594507985986851,175.1156107953474
1911,9,24,1,2255.4827831077955,11512.028853035254,27.19930372591239,1144.8629973419784,2.1442885216815855,0.0,0.0,30.72032331603097,0.0,25.697439329302746,180.58034896902538,261.8912099621296,39.981752506015816,8.594507985986851,183.49724139212762
1911,9,25,1,3794.7964465333393,7880.22360780368,40.43109448272996,1144.8629973419784,2.858973216192734,0.0,0.0,27.061702133708348,0.0,42.82942709759318,171.22515839635335,222.00684411698316,36.704408227454,7.0780731634590754,168.41366568889262
1911,9,26,1,133.153058549999,1683.1467387703617,40.18551407669269,1144.8629973419784,2.1442885216815855,0.0,0.0,25.4604254385527,0.0,7.49512262592214,168.70806676244655,153.49926423871327,32.77190304192229,14.661494664776534,190.1991864985824
1911,9,27,1,2030.5108374217787,2730.3536804028745,29.306607790995105,1144.8629973419784,2.858973216192734,0.0,0.0,26.984850931187157,0.0,53.535970387279576,148.92792167266984,127.48304716454835,32.77190304192229,14.156302250505068,175.9554535404989
1911,9,28,1,1574.6013978275648,5344.747282022404,22.346797943550897,1144.8629973419784,2.858973216192734,0.0,0.0,28.281242527815913,0.0,107.07302542083882,179.85668512428833,169.105410982259,34.08299472769345,14.661494664776534,161.71172058243783
1911,9,29,1,2433.0336759726183,9012.559972353014,16.221553874299442,2182.8476197197265,2.858973216192734,0.0,0.0,23.7835573966549,0.0,78.16286385223768,176.25934166416693,189.0475939048696,34.738155634679885,10.11164446464528,161.71172058243783
1911,9,30,1,264.2838973633891,9250.807316758073,17.2507497668205,2182.8476197197265,2.858973216192734,0.0,0.0,31.78742116087506,0.0,43.89997296193648,133.8148839874471,134.4171215500391,32.116742134919335,13.145137804040122,137.41506996466092
1911,10,1,1,1744.7711886540494,10930.502862707506,428.1353012302966,656.7454603970575,7.740913212420493,76.20309183111857,15.555673339468282,55.594915817331625,98.10006085154133,0.0,120.94625300908754,111.02581893959886,39.432064036455145,2.2590988562231273,218.38430902647247
1911,10,2,1,1215.758505585176,7849.277912176235,706.914917345101,656.7454603970575,7.740913212420493,23.836849076263814,13.333924094598224,49.41028379804043,48.433717880033434,124.54993070164076,116.688172995099,90.91341972066262,40.76856149183486,6.777296568665599,270.6057309211481
1911,10,3,1,1088.7631061327074,2718.389545290542,475.92667485333715,656.7454603970575,7.740913212420493,20.458308212836986,135.5564186903361,52.82449295922988,36.710038438577776,155.42980988892253,229.1077780943384,138.99504404479342,42.10505894723111,4.518197712443733,221.55051617576652
1911,10,4,1,1842.8488458744844,2398.579010550511,437.0923625128076,656.7454603970575,7.740913212420493,42.23062016455501,32.22222130137159,44.965512609598946,20.66860867669723,212.04834496361002,147.34425151967386,136.37908833352662,41.43681021954126,8.283440434607668,164.58398277091203
1911,10,5,1,1657.2090740636327,7076.095680525417,432.1196140419522,656.7454603970575,8.846757957051995,39.41554965448235,0.0,44.965512609598946,29.307162889202267,132.79324232169841,177.15081161786077,145.11387195863713,40.100312764145,7.530251558949588,260.3260557202694
1911,10,6,1,2278.6371990906437,7617.0126353267815,436.09373679532223,220.78111228709278,9.952602701683494,40.35314607235435,0.0,39.81144261755979,85.76057779295763,157.49063779394996,100.50117621269527,188.8236250939463,44.10980513030069,9.7896622623411,217.59485684601884
1911,10,7,1,788.7061416306551,9182.703778425175,382.33098898394104,220.78111228709278,8.846757957051995,35.09827174493795,60.00094411299269,34.85139041549228,0.0,99.8481966443226,93.68719940205527,316.45897104997937,39.432064036455145,11.295104472152515,215.21810187720084
1911,10,8,1,2547.895757005914,10061.49251039599,345.493928078382,220.78111228709278,8.846757957051995,41.48008677896957,0.0,20.42100232240588,78.35668438636374,145.13651682647787,119.23672827444072,353.18089728520016,36.75829925388087,13.55443721375266,232.62804198455598
1911,10,9,1,1723.6389924076434,10276.961982183362,623.2851085339867,220.78111228709278,8.846757957051995,33.033734620426664,21.11118932676937,20.615020112377533,54.29453974354287,41.17425689598433,183.11841636658517,166.09527016381807,35.42180179850115,13.55443721375266,211.26244254745316
1911,10,10,1,1301.399511426037,1138.8015991002515,429.1237368894963,220.78111228709278,8.846757957051995,41.48008677896957,0.0,18.74665399206614,0.0,111.17624224434758,124.3443267149062,181.83579819385793,35.42180179850115,12.04821538601923,213.63919751627117
1911,10,11,1,2096.839644779162,1910.4653059091454,382.33098898394104,220.78111228709278,8.846757957051995,42.60588685734773,235.5579922119906,14.94566910671242,54.60295048071609,114.25663763919613,125.20433302307613,140.7509595222734,34.75355307081129,13.55443721375266,228.6723826548083
1911,10,12,1,2290.163851588754,5404.798037107025,341.50961526672637,220.78111228709278,8.846757957051995,35.286475405459726,0.0,21.517076850167825,54.29453974354287,72.05522072951538,151.6023315336624,139.8730017835708,34.085304343121436,10.542773176207815,223.13781896415333
1911,10,13,1,1171.4718933556624,4606.652177384929,350.4666765492374,562.5325511009167,8.846757957051995,30.030460449797772,202.22032478767863,17.65183932008323,202.6757293264617,72.05522072951538,130.31193146354158,133.7541738697271,30.7432908328573,8.283440434607668,216.0159524851116
1911,10,14,1,2016.961965187226,7647.61321167258,379.34530188989856,562.5325511009167,8.846757957051995,35.84880513053378,11.111260549627401,30.470871871781668,0.0,85.43758635694181,74.09793376126025,169.59814236624533,30.7432908328573,10.542773176207815,181.98552445083251
1911,10,15,1,1889.9665657350172,8032.766330488989,278.77961611467646,562.5325511009167,8.846757957051995,42.04241650406119,14.444798717033253,15.074174396174168,99.6431323946258,138.96487957408814,217.18305647876065,189.70158283272374,32.74880688772519,9.036551348474383,201.77221952702808
1911,10,16,1,2321.912701451806,7073.334726268897,543.6294224762424,562.5325511009167,9.952602701683494,22.898112030146216,5.5556302748137005,24.416004997731317,57.07125423532018,61.761927667070765,119.23672827444072,234.2892937067355,32.74880688772519,12.801326299885945,200.98276734657446
1911,10,17,1,2399.7681613072996,7916.000973380872,392.2866759839373,562.5325511009167,9.952602701683494,8.446124032917918,4.444527077353491,24.416004997731317,0.0,87.4962449694099,213.77449489116,306.8462296860915,32.07978828823702,12.04821538601923,148.75294702446416
1911,10,18,1,1209.995179335991,7885.400397035074,294.71686736129897,562.5325511009167,8.846757957051995,22.14757864455042,0.0,28.860776186172803,121.85786618599343,71.02589142328135,117.53769142148691,320.8308422387262,31.411539560547162,11.295104472152515,215.21810187720084
1911,10,19,1,2679.6433728392167,8056.464521192929,311.64255426699333,562.5325511009167,9.952602701683494,46.92316476691816,0.0,19.197682360961288,0.0,158.52105174646368,240.1829812835283,361.9156809103107,33.41705561543157,12.801326299885945,359.2343358188984
1911,10,20,1,1536.9881107284405,7764.378568780698,255.8825550206415,478.6616645390246,9.952602701683494,22.14757864455042,1.11112605496274,11.788974466758015,65.70879059060692,84.40825705070777,177.15081161786077,258.76460536196066,35.42180179850115,13.55443721375266,212.84974533581752
1911,10,21,1,1978.5397901937845,7166.516932433994,248.91255511494342,478.6616645390246,12.163823314650283,12.011956054269971,2.22220639492044,15.91197848923352,139.13090318210516,91.61356219439817,621.742609338095,263.1364765507823,33.41705561543157,11.295104472152515,165.37343495136565
1911,10,22,1,1783.2944746343778,7269.362478498031,251.89824220898586,478.6616645390246,12.163823314650283,5.2553305787146245,3.333423879893261,15.396697475607567,25.605216185905324,0.0,191.6345763945623,220.29572240171774,22.05528750104123,11.295104472152515,200.1849167386637
1911,10,23,1,2168.9317783854704,8408.141069646097,506.7923615706834,478.6616645390246,9.952602701683494,7.695362521672949,4.444527077353491,24.931286011357336,27.4556806089446,65.87924489205903,183.11841636658517,201.9392386603363,32.07978828823702,13.55443721375266,204.93842667632214
1911,10,24,1,2944.1497143736533,9830.607710675356,314.62824136116365,478.6616645390246,9.952602701683494,8.633757379316867,5.5556302748137005,20.936283336031902,10.180607898371203,109.11541433932011,186.5269779540968,218.54876567669567,37.426547981570735,14.307548127619377,230.25968544319514
1911,10,25,1,2343.0448976984712,6315.5678225519,234.97255530329153,478.6616645390246,9.952602701683494,7.695362521672949,12.221906597037249,16.491512147590413,92.85606046237831,80.2909398257195,158.4194547088637,208.0580665741052,42.77330767492097,14.307548127619377,174.86365797179073
1911,10,26,1,1587.9480480883435,8665.485014327192,252.89686792659907,478.6616645390246,9.952602701683494,9.384632953386342,0.0,19.003664570989635,91.31400677651224,83.37892774447374,163.52705314932916,173.97001355506694,53.466827061604924,17.31999178308624,409.07900274473354
1911,10,27,1,2879.742015766085,8441.617640009337,249.91118083242873,429.44790118336465,8.846757957051995,13.1388967609093,0.0,9.985238947911206,37.32787777014259,104.99484317554491,133.72049305114226,186.20766938267954,43.441556402610836,15.813769955352809,338.65818856224917
1911,10,28,1,1842.8488458744844,7395.906215265448,255.8825550206415,429.44790118336465,8.846757957051995,9.572266299785332,0.0,11.788974466758015,73.72950547154716,100.87752595055663,175.45177476490696,232.54233698171342,30.7432908328573,15.060659041486092,246.87177494263946
1911,10,29,1,1385.0182975304558,7942.345078580411,240.9439294916322,429.44790118336465,9.952602701683494,7.132234356826968,12.221906597037249,11.080431576627827,97.17482864002169,0.0,127.75288830241786,222.92063686544248,38.09479670926059,15.060659041486092,294.3480853270914
1911,10,30,1,2890.3586693827315,8034.14680761725,469.94511060671095,429.44790118336465,11.058447446314997,8.070743277295435,7.777950957246732,15.074174396174168,99.33472165745256,65.87924489205903,75.80116576686929,236.90524941807712,66.16509263135846,18.072323079030937,224.7167233250606
1911,10,31,1,2452.6492074167577,10460.56544025704,260.8654935497824,429.44790118336465,12.163823314650283,7.882995868071897,0.0,4.767168282296975,91.62241751368546,100.87752595055663,247.8496228851175,182.70479718017742,78.19587934523696,15.060659041486092,276.93814521971376
1911,11,1,1,1826.2666440351388,4016.3831652444946,183.34971974377413,81.2524204088651,17.3308400989752,9.535652133101998,41.26350642282082,316.85372842769107,126.13286650321898,110.13498182919336,162.43631344133254,277.810913040953,128.47620700140578,2.6896038734458907,241.45478923629454
1911,11,2,1,2072.2696749806746,4323.999485350351,453.31493539296076,81.2524204088651,17.3308400989752,43.66324924103763,32.09421928726385,192.70753996143281,0.0,104.54688426776849,211.2678911390352,247.0286396707923,78.51152678573247,10.75872734095009,221.13059480317955
1911,11,3,1,1805.4377807491344,5934.901254403035,425.5674065282646,81.2524204088651,15.50573911593619,26.097574259015992,29.343318859073406,176.2160278138503,7.551075560373569,137.27283139946258,13.952029169099438,273.8601032166791,60.669747679447575,15.465280743653961,256.08484985715893
1911,11,4,1,2075.2018935985807,4696.72831001186,171.57001230068505,81.2524204088651,15.50573911593619,18.318489624117003,19.25630299733312,157.98591469115172,0.5593328986515627,70.22976106415648,198.31535710624175,339.36650102889115,47.82212697930203,10.75872734095009,211.37162210430603
1911,11,5,1,1817.3688771945333,4626.899175267939,239.6905523156008,81.2524204088651,14.593774719799448,18.06755141008798,22.923789276545065,210.5093021192345,5.873036150130151,62.24893384044673,437.4810138544253,280.9643938984207,55.67327965788024,8.069045505713614,264.214527630405
1911,11,6,1,1681.9812658356345,3912.3872215734823,281.7449230921478,229.88036321935326,14.593774719799448,14.554416413682,18.33971714631162,150.17480886115584,142.34733199230715,142.85875966832808,243.16153971699947,244.66352902767284,43.53933012198742,7.396469123318627,240.64014177349196
1911,11,7,1,1815.3466574580912,4737.797504580811,320.43657461591204,229.88036321935326,13.681810323649287,14.052539985623993,22.007203425523564,233.94261960928765,36.9166634539117,103.74858461613637,233.18756411767723,213.8812556575122,39.97020442892552,5.379285708681587,217.06575591655655
1911,11,8,1,1433.8549041667698,5902.920200928975,300.25006904080226,229.88036321935326,12.769845927512787,15.307231055768993,11.920187563783282,201.8288958016478,11.466161565202137,13.566755492610104,215.25328622606912,235.9735391647769,44.96667245049286,8.741076155560677,186.16794132176545
1911,11,9,1,2907.345315169365,4468.029265744259,472.6658561839217,229.88036321935326,12.769845927512787,31.869153181682986,18.33971714631162,149.74645789625887,0.0,100.55647065588757,191.34091570395466,183.88735250169978,34.26006524310547,14.793250093806897,256.08484985715893
1911,11,10,1,2068.3263464944175,5343.826963937269,466.77600246237716,229.88036321935326,14.593774719799448,22.584439262609973,17.421988420164173,142.80465255378823,124.45340209293744,64.64383279529099,251.1323298909783,213.8812556575122,29.97803825758916,17.482931929047563,234.13136049841643
1911,11,11,1,1744.1645227332463,5937.202049616987,301.9314286672576,229.88036321935326,13.681810323649287,25.344759616929,16.505402569142674,196.62569143422763,0.0,3.1922224248721434,191.34091570395466,258.0747814244247,31.405380586094598,12.775598908417487,156.89942165260194
1911,11,12,1,1456.604876202589,4652.0928828610595,328.8433727479328,229.88036321935326,14.593774719799448,21.580686406494,6.418729569940183,146.71020546878617,130.6012596920199,57.461305223213365,218.2423325413223,205.20022454699932,30.691709421841882,12.103568258570423,260.96433620658456
1911,11,13,1,1724.4478803022203,6731.781676756675,412.10633945872024,141.30855723280268,15.50573911593619,19.071304266203995,15.588816718121175,171.01282344643013,130.6012596920199,97.36435669563876,33.883199756904176,241.5010894177472,30.691709421841882,10.08591707318101,334.131436165776
1911,11,14,1,2648.40007791034,6427.616549471748,338.94172056469444,141.30855723280268,17.3308400989752,10.037528561160006,15.588816718121175,208.342350179287,0.0,98.16265634727088,127.55361854811513,273.8601032166791,23.554227907516392,12.103568258570423,143.0840084945625
1911,11,15,1,1301.500622412924,8352.921984511224,273.33812496012706,141.30855723280268,17.3308400989752,51.19139566188248,13.754502140952228,159.72451566626773,85.0195777379672,98.16265634727088,101.6485504825282,198.88430407960598,25.695241400274547,24.20635689921883,358.52046948551396
1911,11,16,1,1833.1421911393022,13254.881227608032,412.10633945872024,141.30855723280268,17.3308400989752,80.3002284892409,12.83791628993073,154.08036177615378,54.814664782141875,71.02806071578861,101.6485504825282,167.31366049509714,22.840556743263672,20.844644414131103,264.214527630405
1911,11,17,1,2055.485251167814,9492.850973266268,460.05056395681174,141.30855723280268,17.3308400989752,70.51363814214665,0.0,154.94966226367902,0.0,81.40270224816716,67.76535072562748,165.73692006632587,22.840556743263672,16.13809101142723,295.1039437977389
1911,11,18,1,2125.6562760243078,8071.764809365829,306.97550754649563,141.30855723280268,17.3308400989752,77.03803170688963,10.086672999202491,95.48824906047125,0.0,96.56605704400663,111.61203820006847,139.6938267348621,22.126885579010956,15.465280743653961,302.42737253561705
1911,11,19,1,2618.774558770357,17496.397204538276,473.50144096807054,141.30855723280268,17.3308400989752,70.26269992810096,21.090617574502065,157.11661420362648,0.0,96.56605704400663,135.5348966039649,187.83816232597363,23.554227907516392,15.465280743653961,280.4738831768745
1911,11,20,1,2168.1228904908935,13019.049718177286,577.7864980378608,8.887871658806313,18.242804495111947,85.3189927698311,53.18369398662814,133.68329671357327,112.98215124158902,55.066406268316996,130.55315274515027,205.98859476134754,24.267899071769108,15.465280743653961,235.760655424044
1911,11,21,1,1406.2516047637487,7510.370777160169,460.88614874083265,8.887871658806313,22.803798666588023,80.80210491733227,53.18369398662814,112.41567130764199,0.0,88.58522982029689,118.58647960226658,159.4209995989325,34.26006524310547,16.810121661274295,196.74156148346404
1911,11,22,1,2064.3830180084196,7725.2650501434955,477.7099350631597,8.887871658806313,29.188721630337586,85.82086919788203,36.67829141749729,162.76076809374047,0.0,11.971240835620227,140.51664046269056,144.42404802102632,35.68817744340921,16.13809101142723,241.45478923629454
1911,11,23,1,655.1890835279983,8720.013860898214,802.3448137160034,8.887871658806313,28.276757234200844,66.749564931704,52.26710813558115,169.27422247131412,0.0,47.08557904458724,149.4837794084501,144.42404802102632,29.97803825758916,14.793250093806897,282.1031781025245
1911,11,24,1,1044.5776048900811,11942.27755804559,529.0066887557484,8.887871658806313,23.715763062724765,42.15761995684439,43.097820999994305,134.55259720109854,112.98215124158902,130.88426489389835,86.70017254167811,160.20936981335555,27.836254893032702,20.17183414636202,226.0016827251704
1911,11,25,1,1851.948834688864,13037.45607988891,428.08435093861294,8.887871658806313,21.890662079699172,54.20265423022851,40.34692057183519,118.49321558569302,0.0,23.942481671240454,385.66038984146945,130.22442540992623,24.981570236021827,19.499803496514957,203.24194433108246
1911,11,26,1,2480.454728793812,17293.92722571041,340.6230801910218,8.887871658806313,21.890662079699172,46.42356959533797,81.6104269946757,110.67959004411155,0.0,19.952068059367026,382.6713435262163,127.06198580007542,47.82212697930203,14.793250093806897,108.93600247595099
1911,11,27,1,3838.173059881389,13975.030129577006,444.90813726094,2826.495345995794,21.890662079699172,39.14636138852397,214.5748048993267,100.26310246305997,55.65439698731651,71.02806071578861,412.5722945606191,141.27056716355855,52.10415396480181,12.775598908417487,147.9634948439881
1911,11,28,1,897.2993414805904,9951.284419647529,421.3589124330475,2826.495345995794,21.890662079699172,40.40105245866897,164.13972559063845,116.32248407839995,54.53577190430212,98.16265634727088,498.2792646951007,125.48524537130415,52.10415396480181,11.430757990797154,337.38162758959646
1911,11,29,1,1260.9551166958936,10442.964356870187,421.3589124330475,2826.495345995794,21.890662079699172,35.38228817808897,107.28511669942328,119.36125621745823,0.0,146.83941146379607,511.2317987278941,157.055888955813,49.24946930780747,10.75872734095009,263.39988016757997
1911,11,30,1,3358.9069823302934,9941.045880945103,497.05066579583513,2826.495345995794,22.803798666588023,38.89542317449498,66.02161027656194,132.81399622604803,69.63771945360556,82.9993015514314,439.47371139798673,121.54339429948817,48.53579814355475,11.430757990797154,196.74156148346404
1911,12,1,1,5350.894533772003,6600.176190518784,12395.186966956326,1942.2902257151734,759.2865521889448,613.0648694377562,73.12686493467379,857.6216244636046,749.8248770738146,118.06374603215582,162.35241038680968,126.44383188197801,58.98834765492267,31.94094631585504,178.38259907403722
1911,12,2,1,3829.8819589618456,5338.420095184033,21590.695614589833,1942.2902257151734,372.2760572901305,450.87893919779657,57.73119411281792,660.1014354262579,750.761305714743,107.67066551328323,64.9388665783883,152.34358517448973,60.34486177727322,32.68314257879676,156.874226370253
1911,12,3,1,4426.841225177256,8283.55300881043,10442.771788668864,1942.2902257151734,310.39610809669387,734.1653702716616,49.26477517969752,864.8909923086628,1048.8000778325627,125.61288404212804,41.21108277611019,412.8461885090895,57.63260340438696,31.19797043499131,191.91246569873636
1911,12,4,1,4780.729679065037,14799.865213780291,5369.039839707025,1942.2902257151734,524.5319125797156,658.4732798945173,74.66631772933928,943.8965482120682,1944.819787184327,54.78005965412874,38.713918117640176,325.2475071896875,56.27608928205294,30.454994554127573,159.26777819398527
1911,12,5,1,24990.591503696265,11431.040861504329,7146.593616849274,1942.2902257151734,324.1459054832945,631.4403904741317,113.92407830613091,874.2517207468871,454.5750337344145,78.39172421433233,25.60091949317577,228.5108983855431,56.95434634321995,30.454994554127573,138.5656545255465
1911,12,6,1,14019.03832330255,9615.828477452395,7023.090109746748,1942.2902257151734,266.19279527068267,454.1183234152788,133.93353601146256,838.9127661449526,460.203784152168,106.72593861577005,66.1879733017137,199.56516926475894,55.59860209268423,28.9690427924001,188.72946169452803
1911,12,7,1,11026.15311327921,21866.75771345045,4698.432100233565,1942.2902257151734,230.827800628391,540.6235695605691,151.6366717126164,935.5815000703941,764.8179139007526,57.61315570038861,62.44170191991829,184.33529012354634,57.63260340438696,32.68314257879676,307.38244473213433
1911,12,8,1,11428.574840843163,38853.52877809757,3669.9495117964584,7795.853479823759,197.43208643022535,917.977612047873,147.01945620373996,1023.947784412024,462.0766414340249,54.78005965412874,33.093462256766415,169.85794618692532,58.98834765492267,29.71201867326383,189.5273123024612
1911,12,9,1,24337.414528805937,85218.00353215993,3252.462821533286,7795.853479823759,199.40136687435134,810.929651199596,140.0936329404051,859.7003864990394,464.8859273568102,68.94662453175987,71.18335140683432,174.42690992929658,58.31086046555397,33.42611845966049,129.0082440855093
1911,12,10,1,58467.428131624954,81818.57860353761,2712.0840276680456,7795.853479823759,180.74009028484267,864.9954300404074,184.74576411174684,815.000703458815,164.96411938495083,74.61390127050717,64.9388665783883,188.1427599087934,58.31086046555397,31.94094631585504,241.28682068726425
1911,12,11,1,46730.464780965136,43787.58411442936,2744.896015528551,7795.853479823759,171.90177210112319,789.3033396633036,136.24214376592104,899.1968651718437,462.0766414340249,73.6691743730461,19.35643466472974,231.55687421381552,55.59860209268423,32.68314257879676,263.5846455715245
1911,12,12,1,40534.383508321975,37664.01765248162,2566.3661933803255,7795.853479823759,163.05173201000338,787.1475522791271,110.07487488188691,934.5484183315751,1667.4536951721138,70.83607832673411,356.5355420608027,380.85448356003286,56.27608928205294,35.65426648432968,291.4590262837029
1911,12,13,1,32941.95950762375,36578.04231149411,2736.234465938112,7795.853479823759,158.14025280710877,756.8638723588249,79.2846761133357,799.4036889143514,1068.4447221475941,75.55862816802035,455.19504622807773,374.7625319035628,66.44686571239792,38.626170007788815,582.9180525674283
1911,12,14,1,22105.89504957557,26555.77835949568,2581.7531814764575,7795.853479823759,186.62448780239322,801.2000922647553,161.64825781604293,950.1328343183075,465.82235599773867,67.05825538296108,310.33642269678666,255.17214563510421,64.41286440067866,38.626170007788815,328.0929668280077
1911,12,15,1,16692.412814958665,20982.101953683832,2548.941193615952,15545.45423519397,202.3435656331199,778.4901838951172,434.1439740991664,747.4220394712719,164.02769074402238,67.05825538296108,360.9089887747491,232.31836817086491,62.37886308897594,33.42611845966049,261.1994921752494
1911,12,16,1,13884.560710825115,18981.560515147754,2141.440760527633,15545.45423519397,179.75545006278634,782.8131649459048,270.18710852866496,970.933053230191,1068.4447221475941,93.50301598942454,388.38723911146104,249.08019397863418,61.02234896662539,38.626170007788815,265.97819739525676
1911,12,17,1,11288.030569156143,16416.17385158565,3463.193228041557,15545.45423519397,174.8439708599052,769.8442217935822,330.9994939810944,903.354389242648,767.6271998235379,64.22407469042153,443.3332519032808,300.87074181127457,52.20808665863096,35.65426648432968,262.7867949636138
1911,12,18,1,9183.50648937824,14478.904281433282,4440.623624186207,15545.45423519397,180.74009028484267,686.5897661482489,3329.995254515357,803.5612129851556,464.8859273568102,42.50186392532195,463.3126667474493,249.08019397863418,37.29182041551182,36.39724236519342,257.21863756313036
1911,12,19,1,8227.40099795978,12825.782920205233,3800.891761488506,15545.45423519397,177.78616961867377,695.2357282497838,2477.8675605981116,845.1490522511917,1070.3786508624485,102.00338877448381,367.15976633221015,241.45629565560742,58.98834765492267,34.16909434052423,248.45907773100384
1911,12,20,1,0.0,14699.780621973332,3332.3528789328775,15545.45423519397,171.90177210112319,716.8620397861166,1356.3641994916381,864.8909923086628,464.8859273568102,87.8368238969048,457.6911620983315,234.60285004201316,65.76860865121438,34.912070221387964,226.16125284676605
1911,12,21,1,0.0,13741.499415360215,3139.6588756895667,15545.45423519397,166.990292898242,657.3896830612117,617.3468567908471,797.3249268789166,1071.294722359011,212.50389639523996,880.4262141308827,211.75803133015694,63.05712015014296,34.16909434052423,209.43158536296679
1911,12,22,1,10443.753829166444,12229.876959790276,4211.041609745654,12373.684462493497,131.62529825595033,667.1306482785272,577.3119411284223,838.9127661449526,769.5000571053948,301.2930397135115,723.0660354845807,242.21778961265682,63.05712015014296,32.68314257879676,276.32506001574757
1911,12,23,1,10968.51985078866,14205.10965097231,7292.922854637326,12373.684462493497,135.5521372367886,575.2188242491841,419.51517248682285,694.407308289439,769.5000571053948,259.72939480815444,335.3080692815518,242.21778961265682,59.66660471608968,34.16909434052423,263.5846455715245
1911,12,24,1,7880.185869202389,12006.699824036274,7944.780886761872,12373.684462493497,141.44825666172613,641.1813556914474,303.2847721765141,723.5225753429312,769.5000571053948,258.78575255686883,287.2316190739322,284.87936871301264,56.27608928205294,33.42611845966049,230.9399580667734
1911,12,25,1,8555.910594154497,12604.906579665181,5820.153722498153,12373.684462493497,159.1248930291651,673.6094167134512,427.9838771702239,694.407308289439,472.3875350563208,615.7970709445527,283.487445268507,285.64086267006206,60.34486177727322,35.65426648432968,232.5272608551378
1911,12,26,1,20438.574876829465,15105.870977236602,7895.766706137785,12373.684462493497,151.2712150675153,613.0648694377562,1113.8346690112683,429.3336523800774,1080.6590087682957,357.9549606388652,345.30302064452707,226.22641651432008,56.95434634321995,31.94094631585504,208.64213318251316
1911,12,27,1,37472.74282725726,21192.624715761096,5846.953575937048,12373.684462493497,145.37509564256442,846.6085027215569,528.0540231994449,722.4768950463808,471.45110641539236,224.78209212407234,287.2316190739322,212.51952528720633,0.0,31.94094631585504,226.16125284676605
1911,12,28,1,40284.63937086395,49093.21787781512,4646.666603857282,12373.684462493497,140.4636164396698,749.3015070905955,517.276710761626,534.317434447193,469.5782491335355,241.78934557181685,395.25680169566124,203.37263905008075,44.07208141180354,33.42611845966049,222.9698504151006
1911,12,29,1,58290.483904680936,98997.46606855036,3435.0686670181212,17064.877846920168,135.5521372367886,808.7738638154599,6010.265999921365,585.2534035936567,470.5146777744639,233.28571884797066,324.69433289192636,185.85827803764516,44.07208141180354,30.454994554127573,178.38259907403722
1911,12,30,1,114255.41511238422,129994.92958859076,3127.5327062628494,17064.877846920168,132.60993847800663,789.3033396633036,1666.540508677724,668.4164835678664,1083.5090089798125,270.12030603446766,330.9346225676054,214.80400715842936,44.75033847297055,32.68314257879676,264.3824961794353
1911,12,31,1,226488.61048826622,212823.557291056,3061.8068299583438,17064.877846920168,132.60993847800663,1435.9368983686634,748.9717850478917,612.2899086117795,1083.5090089798125,204.95475838531988,259.1345837104811,214.80400715842936,42.038080100100814,32.68314257879676,242.08467129517499
1912,1,1,1,328039.45992651675,702975.7344317473,148949.39370110413,29068.039447829,32024.447030858475,453.18924248200045,19665.66073097594,32571.652736632706,58561.117350792294,33061.953723092054,0.0,7838.802849445909,1280.0696319708636,85.86230323665144,1867.0214170438712
1912,1,2,1,218032.26943756413,389899.5847847058,246090.30263660714,29068.039447829,0.0,422.199026518509,35430.72376616581,68261.90249228528,94448.24617456207,56005.45631019245,26280.121925113846,33594.73358336306,11727.771305968532,70.25159389780839,7446.207487649145
1912,1,3,1,119917.74819065991,230470.30541299374,106672.59078894062,29068.039447829,30371.84856108425,438.5709940099756,12971.343923974122,28434.07604646548,4751.63522850819,21386.467586646297,37610.141988880074,29076.53273875204,11009.612452550431,60.88477950902152,17103.736444742157
1912,1,4,1,83923.59367382868,185037.09108426716,56441.02677839247,29068.039447829,15083.783664534583,1221.0121549729351,6706.222529796467,12518.73857132098,37669.32345810692,9841.07582194885,3394.735340302264,11159.5949342493,3756.6393596665257,608.8477950902413,7951.655966898431
1912,1,5,1,49190.06209665423,142908.11052490273,37873.08170708725,29068.039447829,10446.477373702517,2322.088760889014,5052.859481108199,8783.561496511458,22546.03018005489,6561.286306372387,7737.107052767763,7617.4547264527,2647.8064032553925,2516.60846897027,5139.247114761032
1912,1,6,1,36071.45686690433,115648.18192766658,25939.86071607675,29068.039447829,7876.6928694081,1330.354770354749,3977.3365625117785,6509.570981983549,16266.848955453033,4943.927581485537,5034.221682515283,5577.326427537724,1975.3681735384066,902.3419605816133,3798.6772302717904
1912,1,7,1,30469.01859812921,95822.77931149512,20091.97799815946,29068.039447829,6356.326742033978,1716.2906539248515,3490.144955479929,5253.153903387661,10729.710865471678,4268.074231142249,5450.2039734119135,4689.652975945987,1651.8731945212435,1636.1065332217097,3141.081632732551
1912,1,8,1,27687.125051260096,68669.41225332083,17094.641285783033,60644.65384300039,5417.856315675149,8110.656217388937,3135.9202327287558,4786.824671719496,6359.645122063964,3722.5428892433692,4619.965836250871,4184.420420415018,1435.0237269200443,2774.9564262745716,2731.272056927623
1912,1,9,1,24811.081206224415,70792.38245013589,9115.594960164031,60644.65384300039,4704.829189078958,8110.656217388937,2726.7641553014146,4190.905456395736,8085.353639271251,3356.616900467091,4631.68748664955,3845.222717124752,1285.353383294819,3759.264087531396,2461.7328728412754
1912,1,10,1,22860.68345052799,60756.59843414193,13295.352402972452,60644.65384300039,4207.337110872312,8110.656217388937,2484.2881969988202,3688.3386249574187,5757.664502367187,2947.32612110799,4821.232934183606,3540.5245280666154,1189.275374526714,1441.7137888241873,2257.7032121598622
1912,1,11,1,19566.414070480638,54081.22016158834,12458.861242694413,60644.65384300039,3847.0926627979215,8110.656217388937,2043.5406967102995,3381.8875200360267,5451.832525336383,2834.532138253429,4625.8720942036,3213.3018627742226,1101.0690769146674,2170.006205709493,1803.2621480809298
1912,1,12,1,18726.98983314608,50302.828846322416,11825.28664774841,60644.65384300039,3981.771487018592,8110.656217388937,1938.0394897677709,2868.8280104552837,6810.266003410928,2771.021500077061,4389.349179567522,3190.017066667156,1086.727466178247,1883.471300467554,2287.7075740247633
1912,1,13,1,16246.377240408909,41681.25688361486,11158.252406391235,60644.65384300039,3896.1446232997264,8110.656217388937,1265.3072126492534,3924.369797191371,3957.3712549906522,2520.3934978109905,4180.540244556355,3242.954337816866,1279.4226420128377,1183.365831519886,1950.7835939167464
1912,1,14,1,15728.055072609604,38092.03295164548,10159.967665564089,60644.65384300039,3509.478171563466,8110.656217388937,944.7721490535749,3845.404281274465,3927.0531962046966,2387.5674857107742,4364.179434137682,2764.998257725273,986.7028186661377,810.2289586488503,1661.2415019203556
1912,1,15,1,16442.606282902558,29219.339222467243,9180.139697434575,16742.846156666685,3287.704594531615,8110.656217388937,936.3320524982697,3243.860125090871,4523.615759768544,2720.9414269630024,4786.067982987304,3570.1770031090236,1312.0956348935306,647.8721385280435,2091.9291128562145
1912,1,16,1,14555.636096497676,32870.51753761183,9301.026161887541,16742.846156666685,3149.233723489075,8110.656217388937,784.4928294113844,2839.297070941159,4162.68099908859,2117.7041826350746,4007.804915811382,3000.792458303281,1106.8919865370035,531.5669595550005,1730.3765523841273
1912,1,17,1,0.0,29709.19187877529,8555.955390352168,16742.846156666685,2951.4356682985244,8110.656217388937,729.6675653343164,3570.3230388404427,4005.9032046061484,2595.6274258300477,4196.441708275807,2881.3271982764745,1003.6970882305109,452.7309820645887,1696.7466634604991
1912,1,18,1,0.0,34999.27014352271,7584.438366653962,16742.846156666685,2822.873048629145,8110.656217388937,695.9307548014152,2395.792118531091,4030.803207259174,2252.237469955072,5566.7844188512545,2856.426722439658,967.7567960617123,419.16907474436846,1652.115175186495
1912,1,19,1,0.0,32364.14371245684,7882.445088399559,16742.846156666685,2719.631515802432,8110.656217388937,666.402204701943,2601.318803794438,4056.7407100230944,2241.424726896298,5113.092942562989,2522.076058338878,926.5866683988329,903.8971025367974,1575.604052430965
1912,1,20,1,0.0,33471.06202519318,9064.002344085213,16742.846156666685,3097.4906329846704,8110.656217388937,2606.528142919869,3933.0235523603596,5932.771465469303,4906.367526650033,6327.419577675505,3434.6499857676677,1141.6137809515228,1329.3547825624305,1795.0109485680655
1912,1,21,1,15734.99246300039,49613.896105410524,10975.84336627907,16742.846156666685,3870.9458605481414,8110.656217388937,3616.7464038110397,4042.4935552478705,7592.656364552315,4534.522983778547,7042.803714029689,3257.400415401665,1020.0335846708831,1279.3958472522559,1645.739248290146
1912,1,22,1,31149.873912236606,54884.97502598609,36562.7587798905,10758.003290416782,10902.501585051028,8110.656217388937,10717.27232715257,7408.155284342114,11659.195686730374,13847.140216026488,7120.766319007765,4477.903891348091,1221.3013774493809,1122.423706151267,2082.8027861223536
1912,1,23,1,25119.299550747142,46589.69614800262,48615.786891921256,10758.003290416782,20254.422992244265,8110.656217388937,17357.600807026338,6533.368808698126,21052.03002086939,9965.47927629789,12164.16541772692,8335.957006327657,2748.4133417297303,2200.428670207705,3266.849916216331
1912,1,24,1,19010.43178341484,46208.057147640786,23473.5609725478,10758.003290416782,8724.521144315975,8110.656217388937,6326.653941690292,5452.082100334503,12796.987474628653,5544.54700380993,7442.793675700352,4882.869263642644,1921.7758386812343,1211.4555830853285,2704.018094900343
1912,1,25,1,43371.57366998215,57830.69943137185,36425.682163948084,10758.003290416782,12914.977530626596,8110.656217388937,11307.725450700289,10474.93794428795,23821.002538125384,13320.161264849423,13105.532069909257,12171.770765025592,4791.71546086173,897.6570954416301,4212.1123331353365
1912,1,26,1,71616.66311984885,166863.80535277678,73109.32740829197,10758.003290416782,23608.549568203565,8110.656217388937,22284.919745795192,15125.682315975251,34556.82312647049,15298.324152853205,15245.414758991701,13024.279422496285,5838.54521296125,779.787054876194,5512.6764018047115
1912,1,27,1,48059.26746288973,119778.47413936918,44087.9411920943,10758.003290416782,16890.510489002816,8110.656217388937,8741.275978574055,8474.189749220435,18656.557543409697,6931.309755676203,15245.414758991701,7474.704670318826,3245.6251244790824,679.8789038930927,3973.5776563092986
1912,1,28,1,44029.634701375704,116474.2403700071,28693.265812682235,10758.003290416782,10790.33039357928,8110.656217388937,5063.350662580669,6685.674899672104,13150.890290114725,5068.331035834738,7681.76995902472,5835.550064365858,2424.271372754541,612.7453696154039,3208.4664287541104
1912,1,29,1,37079.36058516803,94996.72086915461,23225.311983046005,13135.387334480205,8351.67731486576,8110.656217388937,3846.609368657891,5946.1033485435455,8856.907888147081,4207.978143405443,7195.366900228182,5043.296756821052,2054.408780078239,590.8956251451289,2698.5172952251005
1912,1,30,1,31826.76500326307,85910.07800340885,19336.437595327774,13135.387334480205,6887.94724163718,8110.656217388937,2916.5484493543745,5325.520930988252,8452.85923398456,3660.739526286782,6258.634388901038,4441.028377513167,1779.9772062120155,577.6186007027776,2578.2498114166724
1912,1,31,1,28600.878471357235,80518.3945502527,17362.31845707199,13135.387334480205,5949.476815278285,8110.656217388937,2437.844090255364,4882.881354095141,6924.73684894083,3344.0968821885367,5877.090125144899,4186.7964200175775,1613.3772920182143,571.3785936076233,2419.8517844047824
1912,2,1,1,20322.589623121014,62540.05861115468,5137.99854228492,3258.935694931731,826.2747700688758,4338.041738561875,457.4980271113285,2178.474691850267,2831.453079468523,881.2840866238356,2102.718696732798,1312.8823405016458,2376.6097791793504,95.83853887913364,2868.291976110713
1912,2,2,1,28088.50263817899,67103.20544664323,5215.279532060389,3258.935694931731,818.8986273799626,4338.041738561875,481.85171354067506,2357.6074238479773,9369.432942756514,881.2840866238356,1994.9522054694241,1314.2129002792396,2239.447908076061,88.60518486010236,2813.9090702305666
1912,2,3,1,82797.75431891484,117300.29881234761,5115.979936259586,3258.935694931731,818.8986273799626,4338.041738561875,1037.837180205697,2802.410439533479,24958.794326023362,15119.629346514519,2768.6719972969313,2096.1068495559234,2030.901478269656,82.27575710251779,2537.118832026874
1912,2,4,1,47520.13312391671,83431.90267638839,4648.5162955935475,3258.935694931731,2195.839758024932,4338.041738561875,1302.5568007989073,2974.1874796376346,9859.36355051407,4385.762402960214,3608.269281675667,1933.398396758851,1883.38776783785,79.5639783181776,2380.4710594570865
1912,2,5,1,35883.15627057187,90866.428657452,4785.916714565516,3258.935694931731,1988.9897200983944,4338.041738561875,912.874242239511,2782.7231465240625,5292.057508312596,2711.266867384243,3247.9875465499836,1580.2298158044398,1761.6458240677432,67.8100210281774,2357.0926608373597
1912,2,6,1,47070.193804258925,104083.36373490035,6100.66494983589,3258.935694931731,3270.7015458788437,4338.041738561875,2937.766569186472,4011.556380518787,8154.8661466776675,5667.243182939188,3466.519090806485,1931.0223971560554,1628.473724372306,66.00216850528396,2299.3342642474204
1912,2,7,1,50534.924776776235,115648.18192766658,23157.313346790947,12357.787304399084,9739.688775748698,4338.041738561875,12365.448724326427,13729.182575581724,12879.987483472174,7884.8798751064405,9213.762406495229,11368.682899292246,1518.0541048677803,62.38549149576178,2138.1858373980185
1912,2,8,1,40775.007552134964,92518.54554213304,25252.318949500124,12357.787304399084,12297.240870940403,4338.041738561875,10848.588913224035,19147.515030757415,12999.876385135309,7418.1108300140695,9171.055618220495,6462.908999478822,1498.4287428074044,66.90609476673069,2075.9267865282454
1912,2,9,1,30158.818142065677,60253.528842756765,55540.8543555898,12357.787304399084,10494.673065567149,4338.041738561875,7036.164293184403,13998.530705216006,8840.653719748292,4100.647441254213,7906.662088768899,4243.440250547441,1382.8332036386205,101.25918055666044,2024.7943531834799
1912,2,10,1,25299.671700918418,47139.851070601515,29167.09757960095,12357.787304399084,22380.415694292886,4338.041738561875,13360.34278756113,16592.493817116887,6915.399347946095,3160.963160278484,7810.344651383604,4935.711494807987,1298.185350795794,184.43983588436024,1865.89625347394
1912,2,11,1,25390.848831774456,39402.98769963986,17454.062648844218,12357.787304399084,8454.796523601522,4338.041738561875,5738.794143899909,8284.456167140585,6801.850724736352,2470.313424696932,8416.871910390963,4691.363695660104,1216.6646160835032,226.0301635482101,1821.5148015487607
1912,2,12,1,23772.454759085675,42095.112163227845,13564.108917693697,12357.787304399084,4890.15018698483,4338.041738561875,3935.3718366218995,6405.401404136918,6248.171499075106,2565.5793819616447,5351.705763859454,3339.990161593547,1184.7464448204812,880.6282910324085,1719.2499348592296
1912,2,13,1,22841.853390895085,49632.89544958456,11931.062304144649,12357.787304399084,3532.8420729496247,4338.041738561875,3129.436918335675,6455.052324418937,5534.256145229843,2396.5591352017177,4426.513171917168,2828.2948871428694,1130.0757933665473,1985.4302949040493,1785.8846218342048
1912,2,14,1,30324.324455684302,63539.58932638646,10402.927872245926,7321.430223343728,2776.51221812994,4338.041738561875,2682.4418605411042,5504.112803287961,9701.548255921034,5358.79545989602,3712.219421646435,2528.158617322063,1102.147393511429,686.2355466348861,1778.1334950190999
1912,2,15,1,26891.30726781242,50726.59682724379,9038.421904732175,7321.430223343728,2292.2311417541964,4338.041738561875,2404.0129769676505,3897.4349842279235,8365.824502488798,3988.3087317916907,3538.5754378315687,2275.352259588199,1091.7955541828603,482.8035396228833,1755.880259969304
1912,2,16,1,22399.842517399164,43964.482418244035,9767.95013083765,7321.430223343728,2114.738885674093,4338.041738561875,2335.171965957072,3469.8313069408755,6833.2062836329005,2817.4593860554583,3563.290855726726,2203.502031600727,1087.6979511153115,641.0295139252494,1620.3605588794912
1912,2,17,1,20751.716771605086,40485.95031754907,25829.767685950075,7321.430223343728,2058.3474797106464,4338.041738561875,2234.503775198539,3485.840754003419,6077.214536415363,2348.8692473954166,4515.016175703429,3030.4449333456882,1183.6681282237196,359.8404091542401,1760.3809142490281
1912,2,18,1,19096.65363541954,36018.626261371246,18095.192647818796,7321.430223343728,2098.836753840591,4338.041738561875,2331.9892479822897,3939.189352918195,4885.357464978526,1959.496678933921,5490.457392998618,3294.0858492680927,1100.0985919776547,287.5165886011493,1765.881713924271
1912,2,19,1,24595.031048326775,63133.99463119748,17416.285628703037,7321.430223343728,1899.937781830706,4338.041738561875,1891.3596261374116,3623.2191173108577,7126.357703756926,2943.342478928501,4343.825560576855,2474.6511062678046,1047.4659588915722,264.9087124277068,1326.942903475548
1912,2,20,1,22626.794288767847,49681.632897682655,14772.973562224646,7321.430223343728,5508.253818944071,4338.041738561875,12591.775335867947,8708.38199848095,6228.689552555009,2675.300269420471,6174.311198435285,5442.749810037204,1055.715080856492,332.7226213107861,1788.134948974067
1912,2,21,1,27339.264475930075,65351.13549043999,19690.462241226236,5797.194475757179,11459.076199223655,4338.041738561875,10629.335008293168,13245.654005515105,8309.568940939223,4949.618498884968,8073.491159561142,4978.384447673706,1022.6970266648106,260.3890811204731,1560.3518351495804
1912,2,22,1,25062.80937184774,49209.12746866428,14509.613764666125,5797.194475757179,6243.054633743023,4338.041738561875,5381.976095391528,6921.922415785295,8797.309270685462,5274.228427342192,6259.906505998572,4105.53723360329,991.7385571728784,669.964873928819,1772.5076771694448
1912,2,23,1,24780.35847734871,43748.88116479326,11309.360486957657,5797.194475757179,4018.346390235652,4338.041738561875,3812.4246200396324,5244.067460460193,8870.856500744416,4275.130968717473,4681.390918960727,3073.5930861320603,992.7737411057404,467.4367931782628,1562.47714411503
1912,2,24,1,22907.263071726076,41293.83547415719,10839.846093769376,5797.194475757179,3033.759781559648,4338.041738561875,2953.562280616998,4088.8993173414956,7075.52019834028,3145.7115016483435,4040.1530362917506,2706.83378744979,944.2710605850795,310.11474513735664,1580.3547430595142
1912,2,25,1,19471.27271654434,35006.704669504004,11827.445334613412,5797.194475757179,2462.2616282817085,4338.041738561875,2524.720503123129,4053.3107492090585,6110.76037332293,2588.115414862947,3715.12711786941,2511.2415001503377,885.4381070678513,272.14012251929364,1436.9588969801841
1912,2,26,1,17813.236413048944,28814.57058571991,10954.256497626482,5797.194475757179,2096.390272020022,4338.041738561875,2256.782801022146,2776.016486268034,5545.0922574954,2070.1281131766627,3353.8458621670547,2196.9442726971247,887.5084749335235,711.5552015926688,1472.4640585203276
1912,2,27,1,16648.745883098203,25910.149102450963,10012.74522135493,5797.194475757179,1904.8307454718438,4338.041738561875,2131.8316509002475,3750.862006053303,4846.393571938031,1662.7722457334419,3234.902913546727,2136.9740427233946,908.1474545948116,810.102603364989,1634.7376489396604
1912,2,28,1,15466.416349284284,24814.79560790737,10233.147150295497,9546.320848334095,1656.8798129601537,4338.041738561875,1944.404925717464,2865.582852266889,5331.02140135309,1516.1742135269278,3115.9599649261368,1981.203508766447,888.5436588663856,495.4682269203857,1615.8599045996577
1912,2,29,1,15466.416349284284,24814.79560790737,10233.147150295497,9546.320848334095,1656.8798129601537,4338.041738561875,1944.404925717464,2865.582852266889,5331.02140135309,1516.1742135269278,3115.9599649261368,1981.203508766447,888.5436588663856,495.4682269203857,1615.8599045996577
1912,3,1,1,7878.596056125792,9932.526710700851,6616.4831762834565,8107.527978304431,449.1129002054577,4077.690968675623,971.8724032168894,6818.077353757618,4596.701878666969,1856.9463473982073,6548.131894099171,3867.2719934383554,1522.9065295530518,829.7362705491338,2682.139914373894
1912,3,2,1,7944.897687150416,12297.532031122015,10054.299943511036,8107.527978304431,433.6633675087455,4077.690968675623,1328.4900583713575,6294.30882215521,6618.3284829599625,2202.385033536952,6783.2009606238935,4010.117089556359,1522.9065295530518,761.5918940005944,2530.117814258353
1912,3,3,1,8441.416628006282,15756.238729201315,10605.95237192115,8107.527978304431,426.53187300186295,4077.690968675623,1122.2970849814646,5738.088708669236,5548.4353134074445,1870.4907308085662,6602.832929293711,4136.900428359578,1518.593263166161,709.4849188648308,2493.1124346249317
1912,3,4,1,10687.545425521339,16921.807191344138,9120.452005610823,8107.527978304431,456.2443947123403,4077.690968675623,916.0923237472846,7151.571443581981,5069.57137349541,1753.371650730528,6594.927630187374,3819.2768014624976,1497.8895845090756,664.589914546223,2384.7216773879863
1912,3,5,1,47946.287105090254,51694.73732166714,9792.559161101157,8107.527978304431,1148.9167925616116,4077.690968675623,1172.9966035356285,6646.949345290988,5602.731152525966,2369.811823424988,6780.929322949686,4317.096238233161,1639.5803853185973,662.9861744049545,2494.362616369275
1912,3,6,1,86280.32429529466,69321.17236432739,16958.644013273337,16060.70002249385,6468.130961232617,4077.690968675623,4823.821665365827,7123.554911222338,10707.808085360297,3456.4355916512195,6568.667498673819,3679.6630648042296,1462.9521267752143,869.0133245546583,2372.844950816504
1912,3,7,1,49873.89057807216,56983.98952797292,12821.520636053738,16060.70002249385,7999.628580890184,4077.690968675623,2663.8170664663407,5617.044308243105,6660.865987492167,2419.208986451069,6150.958763144707,3487.7773368854037,1423.7014026544628,643.7510123468115,2395.223204040712
1912,3,8,1,34865.34199460617,40650.33594757466,11079.460335810307,16060.70002249385,3731.8633690505253,4077.690968675623,1734.10978249337,5159.693347562694,6578.09653422861,2145.248222847831,6552.675169447588,3450.4266231298243,1328.9173738024613,602.0634883107668,2319.962263029526
1912,3,9,1,28109.3148093527,33946.045629538654,10973.684679413642,16060.70002249385,2476.084250567753,4077.690968675623,1639.4533923538568,5749.879450086905,5633.510322472152,2066.9411994330394,6008.299917205894,3483.500537600229,1364.825316473335,578.814116080822,2445.4805101643715
1912,3,10,1,41145.66241017883,58920.27051681852,10817.179881684498,16060.70002249385,2367.949754099902,4077.690968675623,1110.4620892529217,6779.784487134788,5337.938068756542,2067.851746216955,5685.363905443677,4327.740716453439,1527.3276275996393,571.5924256264573,2568.49839381053
1912,3,11,1,64109.415660804974,79993.84743936641,10288.949205761564,16060.70002249385,2963.1787810371115,4077.690968675623,1178.0771644510696,6325.245996884293,5802.622840490974,1970.1956036446454,5886.176675841728,3817.1859218120944,1509.858898732683,577.2103759395405,2783.904708365666
1912,3,12,1,54100.74343785023,91692.48709979253,11019.017103583823,16060.70002249385,3892.3525764778574,4077.690968675623,1012.4343756290015,5507.898821174357,4937.117192715932,1909.1889691239242,5760.691410719641,3767.0998501858335,1504.3594840893857,575.606635798259,3134.2056331385525
1912,3,13,1,84778.8748034863,118126.35725468815,17891.19673905404,13869.916704212072,5825.440186976933,4077.690968675623,1178.0771644510696,5591.948418253094,5879.39784867124,1812.4433733355297,6002.575390266986,4664.562420140909,1717.0035169633393,578.0073861915703,3369.4898374292093
1912,3,14,1,87911.60209299596,98300.9546385167,22526.976782143087,13869.916704212072,8462.992237700337,4077.690968675623,1157.7902843226784,5786.766081494777,5268.195005769861,1999.219282381244,5886.176675841728,5017.445881142928,1720.2384667535202,565.9841949505831,3653.781166099182
1912,3,15,1,51980.875145454935,66963.60156988859,51571.029210425644,13869.916704212072,5525.9908121429335,4077.690968675623,4499.302310379463,7238.649854969874,9616.588524646459,3788.4437127274946,5556.425751056889,5440.563890402669,1885.9757276699536,549.1497832857644,3970.9522746460902
1912,3,16,1,40000.99299563141,46715.2570312385,28095.30955101241,13869.916704212072,3831.6798273284808,4077.690968675623,3534.231493353209,6242.71080696023,8044.199468219738,2758.8429368424945,7313.855521313563,5508.802598994119,1918.6487205506983,574.7999059090204,4191.7343707020555
1912,3,17,1,32994.228700524334,39183.25615397761,20641.363805361383,13869.916704212072,2946.5427046573864,4077.690968675623,3368.6122802199716,6008.0858699412365,8014.573076173977,2593.35105887034,8819.04264422879,5960.812763423458,2029.8231616729465,558.7722241334404,4594.917983261811
1912,3,18,1,26794.183802335996,33266.19953149242,20967.325522011823,13869.916704212072,2471.3136110176956,4077.690968675623,3427.7872588625587,6506.758511553633,7108.950757457715,3398.388234178183,8645.580391428008,6197.367283874276,2038.5575261064246,569.1916752331462,4818.3254609808755
1912,3,19,1,24503.853917471413,28533.710715324083,22844.30375133223,13869.916704212072,2139.8153243345973,4077.690968675623,16075.083341624377,7456.940829107178,26335.211139347182,20329.0951338526,9147.43058640879,6257.147433879744,2069.0738857936985,569.1916752331462,5012.603704056146
1912,3,20,1,25833.850761040776,30280.824320874224,20189.118907095257,9061.01927267451,1827.399595851727,4077.690968675623,10910.239339180442,7108.735355495513,15360.765525576842,8123.556950833883,8435.590204826349,6163.342969562799,2137.762653005014,590.0305774325575,4742.939501795386
1912,3,21,1,37906.89215326047,34949.706636982984,16790.266437785187,9061.01927267451,2144.585963884654,4077.690968675623,7078.6005328483425,11077.888335686312,9709.963534595609,5662.804267367822,8923.992304775968,7680.181115965512,2704.6336879027463,590.0305774325575,5405.2857899631745
1912,3,22,1,33322.26816045038,32311.27597214728,16712.553710636545,9061.01927267451,2914.4937928083523,4077.690968675623,5653.685907684871,12184.487277919185,10710.22891895158,5784.703718061215,10836.620360932984,7933.842833556317,2744.9627286202076,591.634317573839,6007.998408924508
1912,3,23,1,27107.357425710055,28419.714650280952,25528.630868249944,9061.01927267451,2328.6837208802417,4077.690968675623,10178.44996186285,8926.56480067873,13131.293065804493,9695.046881482263,8329.459292688414,6052.431308105868,2360.2193669091034,650.1562532747155,5522.927892108503
1912,3,24,1,24085.628382459065,25872.976472545615,24786.04258660956,9061.01927267451,2011.4973528473145,4077.690968675623,9911.337408866346,7970.433026446399,13002.181940936458,7021.340068933523,6941.761270282158,5669.800332077075,1778.0362363379381,762.3986238898461,4843.4541140428155
1912,3,25,1,22816.08594087071,24118.42834101419,25958.209554431192,9061.01927267451,1811.864436291337,4077.690968675623,9022.298187904842,7179.587975941624,12059.209618240657,6255.911678724952,6922.406917298005,5790.21599194519,2066.9172526002267,1281.9229529294282,4851.330259032332
1912,3,26,1,20002.478609356167,23982.954756471016,22008.891934486903,9061.01927267451,1637.1856343048485,4077.690968675623,7220.5261788359185,6950.9124956012265,10901.705328242013,6052.7459275692445,7272.78431216427,5212.467928537597,1761.6458240677432,1614.5289385935882,4667.553542609788
1912,3,27,1,18265.157844246853,19252.118057187054,17527.45800226242,4423.822446581252,1479.2652327890348,4077.690968675623,4560.1275872312635,6877.139232785867,8308.99255198886,4421.273727531948,6430.551928083421,4997.202364527572,1832.491224472478,1255.38834331917,4622.672017986849
1912,3,28,1,17487.17906466236,18382.278517402625,15680.70138905504,4423.822446581252,1369.9074954108994,4077.690968675623,3375.3313515000823,6350.341886874304,8090.31058424395,3949.951948520321,6195.4828615587,4840.481430729318,1553.4228892403253,2550.9187883564355,4717.810848733447
1912,3,29,1,15957.980011288815,16654.990314468163,14325.04603768853,4423.822446581252,1281.9564739625455,4077.690968675623,2536.9798612483273,6263.371647426126,8582.085636642427,3900.6686038421285,5766.415937658549,5032.3671586483815,1707.1908359331512,1724.3608391781856,4506.280097585864
1912,3,30,1,14079.929326815523,22017.761722143,15663.43189413331,4423.822446581252,1152.4886560195873,4077.690968675623,1805.1904839307372,7095.538378862887,7902.292508655092,3931.6271944944465,5998.03211491857,5488.559082378528,1888.1323608634248,1228.9509300811064,4905.588146738066
1912,3,31,1,13216.719750996725,15986.709034614674,17696.914921183292,4423.822446581252,1038.421441136935,4077.690968675623,1433.2839946527947,6884.494924679422,9782.127431173574,5259.20440540799,7003.458949512878,5081.407790449441,1794.4266486081328,1357.25014138347,5033.731775536121
1912,4,1,1,25662.39811280109,49542.85507936966,16530.14467052438,12307.732212642411,3856.756265989051,5782.917891873056,7831.961665328575,7844.953576496154,10636.681688892624,4742.810560593598,8515.915312985411,4888.096462768652,1711.3962706603968,597.0675947797546,3698.662690722121
1912,4,2,1,24844.777102409975,48615.19144862148,13362.271695794374,24395.45483593587,4028.7439379729394,5782.917891873056,4016.825841088094,6059.034853498691,8118.323087228455,5318.276128012831,7369.192615056606,5324.520069803861,1800.680884869101,458.0573432610872,3829.0566466600376
1912,4,3,1,64454.30306882448,59506.772010880035,32530.331715634424,24395.45483593587,3732.964285869729,5782.917891873056,14707.693396894281,14682.177363565184,22521.821844142058,15959.60875465417,8331.367468334716,5821.389106733452,1913.5806325460849,561.9797044160034,4252.99327617631
1912,4,4,1,65122.27465791935,54547.11712306816,54735.66415485793,24395.45483593587,3546.787019326684,5782.917891873056,38859.807687907036,28844.047697595786,36845.087259173524,19074.81693904223,10096.975134218328,6106.699139032937,1915.737265739556,2152.6080550859097,4414.8918120722965
1912,4,5,1,52878.77167322969,46585.56585579116,40232.52645078725,24395.45483593587,3486.7258906324496,5782.917891873056,23574.50991780781,17602.81973309488,23318.391373461047,13853.969316905612,10415.913063673856,6514.040510930285,1939.352399207784,2581.5356455990373,4491.027880304589
1912,4,6,1,43232.8258621583,45611.64295227089,24317.607536853993,24395.45483593587,3324.1571736576598,5782.917891873056,10514.757161200352,10098.932282195883,13708.834794008173,7560.269946649218,10548.57670384647,6890.018688071345,2097.3257806278552,1254.9995578303642,4627.922781313157
1912,4,7,1,36786.99913296769,42387.53685181642,19731.47729166556,24395.45483593587,3061.405026131737,5782.917891873056,6381.113782592526,8330.429241475924,10529.588621926403,5920.261370513016,13860.624432808421,10115.105508875415,2394.0785080462547,950.5416415549792,4890.961020328853
1912,4,8,1,36263.721686317724,45316.74008835632,19234.97931266197,24395.45483593587,2693.698808504689,5782.917891873056,5325.394442506149,8406.257771143957,10888.33310459504,5120.118384168577,19173.53062519279,13211.508191193887,4794.626915672871,816.1676569901977,6010.498772413305
1912,4,9,1,31168.703971869516,45721.50872510256,16510.71648873722,18394.664184637884,2370.885532284532,5782.917891873056,3912.7391754677474,7712.334778531593,9453.355173920496,4540.441537873756,12894.724093744746,8478.421942509374,2806.858101272122,717.5424981201136,5438.790660712281
1912,4,10,1,30558.213617444442,43867.00752204785,17160.481235172665,18394.664184637884,2163.4238739027865,5782.917891873056,4182.562932664847,7429.465156445728,9493.356567071583,4199.441767306538,9962.494183906452,7344.119732151088,2330.673492158895,648.6983076917264,4747.565174249523
1912,4,11,1,32036.86882653897,58727.79889975323,18178.302092130154,18394.664184637884,2068.0110829017763,5782.917891873056,4739.067064481335,7935.385318011965,9443.902395135628,4135.475855738131,9611.753327012282,6855.614213823346,2197.3935608038123,583.1685135553322,4290.998801205141
1912,4,12,1,43072.274827390334,88388.25333043044,19390.404766958825,18394.664184637884,2015.044751487087,5782.917891873056,4339.694897865373,7686.04899720586,10003.806621460131,4005.495302337711,9629.926428405943,6349.43125845107,2107.0306299983463,524.2577923656629,4231.240113824164
1912,4,13,1,37548.12996445873,67029.68624527527,18699.624970084056,18394.664184637884,1936.0233886837052,5782.917891873056,3660.0077925795863,7656.950745450214,8732.292597091515,3836.019782185907,9595.397535758146,6532.7633878000215,2140.3506128371173,521.6043314046292,4105.221793991559
1912,4,14,1,34088.35427079275,53107.29725806917,17588.980577921622,18394.664184637884,1793.3934985462508,5782.917891873056,3320.164239936757,8349.359330907906,9246.31626297177,4668.259542662518,10666.701862903947,5868.24381889974,2005.992364885325,690.3955513649933,4325.7538536987
1912,4,15,1,38997.05350044863,54952.711818257136,19388.246080093395,18394.664184637884,1760.4883180599784,5782.917891873056,3160.792584309697,8235.67062237552,9339.23016176069,4496.7352922469445,9296.45001783554,5413.097334994795,1739.4325021752122,1003.4553465799813,4069.341577928178
1912,4,16,1,59861.75062985319,55669.73054620872,24297.100011634117,15000.230520392597,1883.057057269016,5782.917891873056,5769.324660769324,10829.092874578211,11670.723465736428,5848.897266325559,8656.756848784962,5881.739496643469,2111.3438963852373,763.8760087472664,4232.365277394095
1912,4,17,1,46385.374267071275,45914.80640061057,22715.861882850688,15000.230520392597,2114.0049411279356,5782.917891873056,6143.117205143382,10286.935113241821,13459.834767477307,5653.926436224768,9212.853751425335,6856.659653648548,2036.0773979339144,767.1806854020243,4369.260178402773
1912,4,18,1,39361.76202387144,42161.19683861561,18172.90537496701,15000.230520392597,2416.7570664196764,5782.917891873056,3696.078596294088,8266.283281285841,10463.765003801827,4563.888117558973,16465.738517563987,11354.426901675708,2959.547731368238,634.1382911363577,5176.877585266516
1912,4,19,1,37814.72396663471,41014.62772064682,16062.788964201529,15000.230520392597,2539.325805628648,5782.917891873056,2884.6033911629042,7677.287070097349,8799.384270906647,4178.157736232978,19412.50690851716,10422.084657552217,3112.2373614643548,591.1094571639629,5868.103071729383
1912,4,20,1,35967.39601103644,38723.96766003635,15600.829975041397,15000.230520392597,2743.2400653706213,5782.917891873056,2421.576865050777,7369.6460738402375,8985.212068484487,4284.691709948343,13670.715523246461,8208.603427619653,2512.369838706839,561.3187690850441,5380.032118726933
1912,4,21,1,35578.9021491294,37356.01487952095,15531.751995354049,15000.230520392597,2905.808782345411,5782.917891873056,2049.9061326599926,7534.391937869602,8431.187009453144,4715.152702032953,12289.559817341964,8145.116718234031,2361.836841804194,577.8713112705001,5244.262381288185
1912,4,22,1,36663.11716169649,36731.51469711137,16252.753408341843,15000.230520392597,2578.2248665752627,5782.917891873056,1697.2138296743894,7512.5412060679855,9470.992675799973,4634.114038266576,13233.652434733196,8559.681128923661,2754.2362513520143,577.8713112705001,5419.162807325694
1912,4,23,1,35956.494397564726,33575.97144737066,15486.419571184291,19885.840290227265,2362.5674940947024,5782.917891873056,1690.8483937248238,6983.364077484983,8617.014807030682,4345.356889425075,13796.109922861508,8932.522986589116,2728.3566530306707,581.8466428934263,5778.965113355678
1912,4,24,1,36099.20642846883,33110.074485890844,14973.731440691257,19885.840290227265,2395.59499867199,5782.917891873056,1550.6909243899756,6815.697571085988,7938.374456944074,3975.6748951652467,14500.317601859,9099.223118718734,2780.0080180137134,511.6805818031465,5659.447738593834
1912,4,25,1,34929.76061966744,32042.80697838694,15282.423662419536,19885.840290227265,2263.60730445392,5782.917891873056,1425.386138937532,6890.011693599731,8615.862029130258,4187.718477463849,12618.492952563953,8354.489803229368,2376.825442498692,491.82336296293244,6136.51709224591
1912,4,26,1,35414.38689128118,31915.593978266694,15466.991389397132,19885.840290227265,2122.20065522675,5782.917891873056,1355.248465048414,7226.859113552014,12093.792955258816,4627.74021077933,11405.438434548973,8555.499369622854,2559.600105643346,514.9852584579044,5648.571157417761
1912,4,27,1,35195.36356607368,32954.7754987309,16921.946336564448,19885.840290227265,2024.4637064961858,5782.917891873056,1297.8416630584268,8931.108022142369,11196.585915217127,5223.465444140156,11730.736949492439,9293.960046161012,2674.6564865138016,491.82336296293244,6743.105274614796
1912,4,28,1,38804.78868103523,33261.24318083932,18084.3992134925,19885.840290227265,1973.6992087199694,5782.917891873056,1193.7549974379529,10055.122646652935,12137.598515481877,6388.054780737191,12283.199231854289,9139.805191934049,2621.9268049339967,505.06150885640847,6948.510135214965
1912,4,29,1,41470.72870279434,34889.40437069214,20205.309058584276,19885.840290227265,1835.8399581326375,5782.917891873056,1083.338259401032,10060.963931392009,13251.181967467624,7885.221330150429,11835.23228250493,8951.245863458853,2341.34882646645,584.4903842172249,6547.4518316206595
1912,4,30,1,43047.49843313637,34612.67479250778,20203.15037171927,20061.61514732629,1721.5892571134295,5782.917891873056,966.5089340371394,10528.91574215437,13407.95976195007,8490.507304742127,11750.727361025096,9021.100251780052,2638.1015538848496,631.4848301753372,6213.778324048024
1912,5,1,1,47292.190296777626,23775.614087443162,36537.93388094019,30776.89699896497,1633.8828838471068,10163.91986145146,8771.217103225894,15367.987460706563,10140.41080268168,12450.589086233244,17931.399144948322,14471.738380498688,3888.5174794458076,578.8335553552663,4282.122510820105
1912,5,2,1,43789.799204993826,23267.588145403803,35195.23065076498,30776.89699896497,1647.8278302241665,10163.91986145146,10078.842677095829,13689.158957925174,11161.772022619003,12252.54516073688,18576.544244416946,16423.859654127275,4004.005186954946,604.5128368901754,4318.127745058008
1912,5,3,1,40103.07173995916,23142.853320610648,33353.87075472116,30776.89699896497,1694.1886607233716,10163.91986145146,14645.217821833268,13190.486316312776,11216.644250687588,11354.97366851607,17634.268937164976,18653.497681358516,3775.2942367898368,398.11634052611,4700.558340661134
1912,5,4,1,38096.18380536334,21368.479786463547,30850.8733344829,30776.89699896497,1787.8889144500363,10163.91986145146,12070.752615548385,12141.218502074431,10169.806639147175,10664.779206326395,16109.545730251773,21314.61723645112,3514.6651153616535,714.5974480424951,5023.105230708873
1912,5,5,1,36533.28885580356,20460.641558331048,28622.029146129455,30776.89699896497,1943.1181859632502,10163.91986145146,17220.861812553303,11242.309683896912,14610.307112282064,10106.500209453183,15037.332748036346,22411.378653085798,3129.3825953522205,729.2741002445031,5457.918441401218
1912,5,6,1,35313.29920272382,20648.98288318487,27369.990764294183,30776.89699896497,1990.5799332817248,10163.91986145146,14766.632618649837,11175.24308133739,13416.029207254245,10507.14079436533,14891.039281818748,21184.4124582199,3133.911525058505,709.086413738816,5663.823374699146
1912,5,7,1,34353.95721719833,21569.21198795176,27565.351925597646,27299.814229725904,2002.2007219292964,10163.91986145146,12271.145969517458,11072.479738705717,11267.597033894366,11135.987166990133,15737.905806755052,17118.60193797475,3289.4047783060664,650.3798049307716,6015.749535739613
1912,5,8,1,33825.72449169771,25148.52321861275,27183.264350451158,27299.814229725904,1842.3231349570406,10163.91986145146,10782.930620188366,12499.267622190804,11287.194258204898,12183.115968465143,16998.21038839292,14437.523986218715,3616.458202092397,583.4212241230416,5354.403392967234
1912,5,9,1,33985.28447069459,25141.08869263146,28205.402581139508,27299.814229725904,1640.8553570356364,10163.91986145146,9253.929329404295,15225.20050041853,21188.05781314088,12242.301509418032,18296.678482957366,14007.9432580395,3793.6256189341093,547.6432395166778,4735.438411329106
1912,5,10,1,33134.95861988831,24867.663348216927,26583.14940191633,27299.814229725904,1491.497641891683,10163.91986145146,9153.379017089275,15468.587364546038,16816.724014042305,12829.604185028003,17492.518746295795,15166.480664345923,3971.9791840322796,527.4652726482128,4507.780315679142
1912,5,11,1,33085.4058313797,26461.95614193422,25780.117888049463,27299.814229725904,1416.2683259101045,10163.91986145146,8771.217103225894,15983.485797100026,12424.640212732778,13317.884897889713,19060.857396553096,17475.95227822997,4045.1968809498276,550.3938968499065,4557.787585453976
1912,5,12,1,33902.035786000415,26960.069382665195,27605.287632604253,27299.814229725904,1441.7117368437207,10163.91986145146,15932.450424975837,17217.727628075343,12553.751337600812,13487.474236389406,18330.29872053527,19359.64476329908,4177.829822346832,560.4828802841389,4796.447280454427
1912,5,13,1,31667.20502426551,25815.9784400246,26968.475007360536,27299.814229725904,1505.4425882688083,10163.91986145146,17059.36834494297,17448.133859449463,11960.07071878848,14061.118710240971,18295.769827887736,17550.083465836102,4331.058610741277,563.2335376173676,4933.7172359863425
1912,5,14,1,31135.008075683952,27345.838675238494,27045.108391076457,27820.154369615568,1680.2437143463121,10163.91986145146,13579.596692491998,17533.589691743156,12122.612402773948,14573.301276179773,20016.76252985031,15532.384603171253,4677.413901608998,521.0405924458779,4751.815792180422
1912,5,15,1,29585.9879069071,28187.59222798323,26303.599452868788,27820.154369615568,1655.9012202319655,10163.91986145146,11487.018563280779,18022.526858790177,13387.209759739111,14833.945293068591,21262.528630373563,14123.892038654418,4818.026385821758,497.1886027083063,4553.536967523077
1912,5,16,1,33451.105410572905,31087.88341904071,27733.729501085796,27820.154369615568,1426.6658736473917,10163.91986145146,9998.331700177627,18660.741302502214,27973.30853610865,15552.139068862898,20063.103938403827,12403.668326255185,4599.667274985217,458.65996076871403,4293.12411017059
1912,5,17,1,34132.95178045003,29368.855800530262,28480.635156456618,27820.154369615568,1958.1640491595792,10163.91986145146,9817.27041094441,19218.90851090134,24685.585963579964,15678.47743512782,19618.77160933299,11362.030100404512,4787.1865311554975,425.64235313280096,4178.6074623862305
1912,5,18,1,34453.062794215555,27857.99490948931,27823.315005993023,27820.154369615568,1694.1886607233716,10163.91986145146,9414.951283240694,20995.09175933381,25245.836023274565,15486.124427030723,21439.716368959907,11266.039716453033,4412.148018814936,436.64498246570236,3870.312644224249
1912,5,19,1,32922.872685071605,29187.949001657726,30263.71050713937,27820.154369615568,1442.8126536629898,10163.91986145146,7725.045917063864,20905.309049455715,25245.836023274565,15807.092168352447,21827.712083710765,11841.982020162379,4632.87942616429,402.70400929389837,3716.6653078410177
1912,5,20,1,33125.048062187,25492.98958906924,28031.628288488206,27820.154369615568,1418.5924836396582,10163.91986145146,7483.630864752908,19404.964247034317,25245.836023274565,14824.839825229761,23564.15192185811,13871.085680920552,4372.142473076461,399.95335196066975,3627.2773131184867
1912,5,21,1,29228.216773875083,24940.35649114325,26310.075513464228,17152.599465930856,1525.014442833098,10163.91986145146,6759.385707820034,19536.93401336135,25245.836023274565,16950.96656561585,19415.23287372605,16363.984464137677,4263.555991786368,415.5436500613464,3725.416580051641
1912,5,22,1,32234.08892480302,23568.273418415298,25762.84839312773,17152.599465930856,1525.014442833098,10163.91986145146,6497.931320112131,20762.52208916768,32801.14238384734,13708.281831483013,23419.67576577977,19013.699221137187,4032.5805767681422,443.0696626680374,3937.8224584203303
1912,5,23,1,28268.874788350262,22460.529047237316,21636.518450233998,17152.599465930856,1474.127620965866,10163.91986145146,6035.258429330677,15721.709703238535,34159.11475076136,9189.693416422584,15577.073859422844,21934.27793285138,3098.434909026263,456.82294933416733,3899.691915216978
1912,5,24,1,26398.752550037487,23202.32952845877,19446.530625454874,17152.599465930856,1441.7117368437207,10163.91986145146,5994.944001649756,13353.825945127182,33042.072965074025,9630.853333217918,13718.87424193924,23483.42967385169,3091.641514466914,467.83529830427767,3758.0463235797506
1912,5,25,1,25002.354969867407,25302.996147331047,19758.460877480873,17152.599465930856,1451.008367761804,10163.91986145146,6739.346372423089,13389.522685199332,32764.25349102773,10435.207598437946,14707.490957744727,22231.753083117,3395.7267947430432,471.4996015361751,4180.857789526092
1912,5,26,1,22831.94283319309,26009.27611553152,19270.597645938145,17152.599465930856,1310.824959444919,10163.91986145146,5854.197140097459,13042.29075904415,31684.100598160014,10609.235852509166,17921.403939181862,20901.193305570818,3602.655749654358,455.9093034354985,4356.258288261361
1912,5,27,1,22119.37373444026,27194.66998029002,18192.333556754165,17152.599465930856,1234.3724025530557,10163.91986145146,5813.882712416538,12946.017732789265,31877.767285461763,8987.096757006802,17969.56265787464,19907.075071775347,3406.07863407156,440.3190053348088,5168.00129488148
1912,5,28,1,21188.77236625034,37519.574451103814,16463.22537770246,10991.399706631253,1276.0849175932194,10163.91986145146,11607.726089436257,11210.93982140935,30809.142171599808,6749.655672289993,15094.57801742569,20560.950162455352,2619.4466767615386,413.7163582640087,5312.897359054197
1912,5,29,1,19328.560685639557,45386.95505595446,15148.58507677527,10991.399706631253,1210.091070484184,10163.91986145146,13357.985218690827,9904.871822531633,29643.683714086816,6209.473792746395,13616.196219066007,21317.468435974566,2455.8660490385246,421.05468436501263,4726.687139118483
1912,5,30,1,18803.301127449467,38379.50128958095,15364.453763298608,10991.399706631253,1118.617115214195,10163.91986145146,8811.4136524633,9359.25255912761,27097.19733164801,7201.400695448002,12896.54140388427,21941.881131580183,2591.949603545104,403.61765519255414,4237.491022546101
1912,5,31,1,18967.816385297687,33197.636680778654,14682.30871388471,10991.399706631253,1069.9810566219078,10163.91986145146,7805.556893982065,9882.480231031825,23535.113618774907,8596.92746010944,14033.268896046615,22706.953003669274,2929.247035000307,414.63000416267755,3986.8295827996462
1912,6,1,1,18675.45493309734,24066.386659147363,9505.777611055028,15685.868870269482,1175.4611203144311,8070.285370159713,8411.923607403694,6131.077365280328,14363.612641552347,8905.03372810862,11292.765205909542,17100.544340993692,2729.2193063080385,471.0719374984939,7540.346173000335
1912,6,2,1,18833.032800554094,23992.86745777831,9140.959530830696,15685.868870269482,1160.2807006180183,8070.285370159713,8617.149977556763,7953.558203866899,11886.29293314986,9283.707371859391,13702.518450685102,18347.46893252279,3000.200267064739,465.89137086030087,7343.567566436267
1912,6,3,1,18872.675031361392,25036.17927045507,9496.171454504634,15685.868870269482,1141.0635859176402,8070.285370159713,8617.149977556763,8713.68242352183,13925.557039322031,8476.166192895742,14345.846240014467,20192.195024106808,3544.426653431256,452.57546786907426,7905.52426053115
1912,6,4,1,17884.592428500997,22129.279611859034,10192.887640258905,15685.868870269482,1145.1125133306741,8070.285370159713,8617.149977556763,7998.233214926801,12130.681848078426,7369.510395424013,14070.523753903039,21198.668455836436,4233.470958737778,414.8632754559558,8302.58198254338
1912,6,5,1,18331.558580848246,21666.686884147948,13892.229321209139,15685.868870269482,1161.2959905735438,8070.285370159713,6291.879800854584,7770.747625922316,17515.307421809543,8894.676258441885,12840.204789564294,21532.258800064174,5053.854225525307,403.03447695937155,8769.774900414901
1912,6,6,1,18255.247286544858,20924.060344483772,14216.032350994145,15685.868870269482,1167.3632654884946,8070.285370159713,10361.04367086164,8358.12125801661,15110.61272114525,11576.464173697652,14094.148785714746,20879.33410922524,5678.307366688063,372.70920883335447,8632.129890359638
1912,6,7,1,18437.60154825626,20242.562129553167,12779.426242181702,14173.739470456494,1151.1797882456249,8070.285370159713,12275.86110725781,12829.19203800801,14840.862692403425,12019.217547364718,19670.564948304556,20639.83334926708,5362.468435507668,354.96115126986706,8491.984516815579
1912,6,8,1,15265.232027939972,19281.03010266838,14198.762856072413,14173.739470456494,1085.43058931862,8070.285370159713,13130.479822714151,11932.446658622881,16375.21007811011,12019.217547364718,17170.854851631113,19786.374291955082,5008.025770164548,332.04224670539554,7928.777640976464
1912,6,9,1,3374.5448974310007,19780.79546028481,15038.492046648174,14173.739470456494,975.1676536669054,8070.285370159713,11455.309261976337,10687.279461746659,19098.071479341892,10655.673738487563,15879.655997624235,18571.76329502358,4623.282408453444,310.5910073611222,7684.117073603012
1912,6,10,1,20198.707651849818,20814.1945716521,15383.881945085772,14173.739470456494,877.0392678450922,8070.285370159713,14328.124808788107,10022.238377010892,24036.572005538517,11085.907093876234,16353.97394399419,18130.77776875104,4082.290971877108,315.77157399932827,7439.456506229559
1912,6,11,1,15769.679414956352,20886.887714578424,15885.77664125251,14173.739470456494,756.6601298654585,8070.285370159713,17028.71994963004,11320.193480417624,25523.655497320564,10726.354932587043,17052.729692573375,16735.59080200967,3253.4968356351405,317.98765128545875,6952.635734971343
1912,6,12,1,20658.55752920892,22144.148663820517,15316.962652263424,14173.739470456494,671.6938162381414,8070.285370159713,17712.41492199509,11275.842985176674,28578.516933926734,10605.593665373504,16672.911873449717,13234.317787380538,2584.2935557083356,315.77157399932827,6183.023853136539
1912,6,13,1,21056.961948817283,21881.462079156,16586.270529020432,14173.739470456494,591.7794875701837,8070.285370159713,17233.828441339592,10860.462737065773,28205.016894130433,10870.790416181899,16672.911873449717,12116.647574241584,2383.07967875966,309.11362250370195,5412.161789557173
1912,6,14,1,20104.557353683253,20691.937922186047,17710.946385807303,15036.316749333415,568.5134454569031,8070.285370159713,19491.200634579312,11728.00169275573,28588.891935032363,13385.037723201582,15179.991593975155,13368.324164976273,2658.2660742436065,326.8616800672024,5097.36602632454
1912,6,15,1,19530.736062754273,25812.67420625477,18267.88759703738,15036.316749333415,564.4645180438694,8070.285370159713,19422.831137342797,12854.071584118781,29548.00314833652,15506.611729668255,20391.128418556185,16056.054915619803,2932.481984790488,311.3296997898454,5574.435379976616
1912,6,16,1,17572.409860897333,20777.021941746756,16682.332094523517,15036.316749333415,546.2504608899483,8070.285370159713,19867.23286938016,12397.585998955326,27919.127974779956,15529.375399265658,22594.616962515647,18594.57289120999,2878.242659975238,310.5910073611222,6005.998118133581
1912,6,17,1,17401.948268428052,18292.238147186632,15335.31149061787,15036.316749333415,497.7000291613389,8070.285370159713,19457.015885961056,8641.63991174019,26455.100041010315,13585.358015657655,22400.16477760554,20721.56773560202,2553.992859340404,289.14948765408406,6543.20121368987
1912,6,18,1,16432.695725200567,19558.585739295468,15485.340227751576,15036.316749333415,445.1006700197613,8070.285370159713,2838.159284419448,10839.910068539592,26133.47500674125,13526.172474704765,19124.46325143038,23500.536870991673,2542.5627034151253,276.5722770915675,7424.704361645933
1912,6,19,1,16776.592077450332,17389.356269709413,15634.28962145257,15036.316749333415,410.7031356229704,8070.285370159713,1778.0784419231352,10268.3295396286,26008.974993475822,13736.736418479684,20126.70979328085,27079.742672591463,2459.2088304883505,266.22086345239046,7841.514955219273
1912,6,20,1,13730.086639945368,16767.334262626926,16266.784872965856,15036.316749333415,383.388166096656,8070.285370159713,1778.0784419231352,9862.468422203645,23860.196986745843,13736.736418479684,19538.809963201835,26825.98591501653,2374.776640964918,240.3374695358694,7990.286582799434
1912,6,21,1,15329.650653000563,15168.911176698168,17138.8943665205,9698.814267407151,355.0701390239503,8070.285370159713,547.1210077129343,9839.427799066118,24086.141455264602,14407.126488119642,21377.019169152518,26571.27875760052,2364.316969976652,234.4279301061752,8158.68606376629
1912,6,22,1,15040.262368110743,15740.543618797103,17390.381386320012,9698.814267407151,329.7735169995527,8070.285370159713,1196.819836969348,10569.263875629684,24223.322025436813,12895.61882686002,22021.255613551508,24488.002305899412,2291.314936378446,228.50867103927203,7612.85671417379
1912,6,23,1,13467.456860849648,14979.743793401618,16232.245883122394,9698.814267407151,308.5380547972578,8070.285370159713,34.195357678168264,10958.899202112856,20652.016089358807,11701.664356482719,22638.232405860013,20880.284509066314,2358.0627337156843,215.1927680480454,7496.089739249567
1912,6,24,1,13730.086639945368,14867.399845243945,14296.983108440503,9698.814267407151,294.3729250563706,8070.285370159713,205.16743093124654,9290.887893292653,19173.002042881235,11521.831366664177,21742.298507161566,18304.700939673174,2393.539349747874,210.02192104707444,7154.29005033848
1912,6,25,1,12922.376187256246,14014.907532748097,13325.574019085483,9698.814267407151,276.1588679024495,8070.285370159713,205.16743093124654,9580.247831755307,16791.362900229047,11670.933402526338,21285.245007115376,16229.97808654194,2314.2830798887,201.88658469404083,6415.30762124064
1912,6,26,1,12538.837604199858,13083.939668230098,12564.63689909065,9698.814267407151,265.0396080280736,8070.285370159713,376.138325399819,9725.630918594208,14082.334833804473,11607.195127653871,21265.254595582453,17332.441902223283,2338.2217083359665,182.66114227312002,6342.797080067185
1912,6,27,1,12575.506667695949,15078.044748040536,13305.066493866034,9698.814267407151,245.81026091862685,8070.285370159713,376.138325399819,9364.33664028925,12746.26524700214,11329.136903523095,20649.186458343578,16921.869170865964,2388.2555984239707,183.39983470183014,5906.358633107148
1912,6,28,1,11522.01438400456,11657.33673830822,17311.589315739086,7437.953820665897,235.69405859070787,8070.285370159713,376.138325399819,8574.032449482476,21897.01622201344,11728.980759999375,19986.77691255119,13756.087300146944,2371.6495228343815,168.60654685318323,5188.37925731476
1912,6,29,1,10478.432658015165,11405.38891339482,16666.141943034076,7437.953820665897,219.51058134783807,8070.285370159713,376.138325399819,8074.494432353316,20883.724447380893,11974.828391650091,19052.67950092616,12463.543516244787,2232.978008495699,170.0839317106035,4834.202769134432
1912,6,30,1,10936.300423834136,11934.892374934216,14044.416745208275,7437.953820665897,199.27817669200007,8070.285370159713,68.38953657190139,9374.396630673198,19012.76591469692,11367.379868446575,23086.19935520937,12788.580261902409,2070.36786570975,166.3904695670528,4857.581167754159
1912,7,1,1,9675.380167445715,18673.87714754847,8002.46807810661,6737.298943262079,208.86838542852038,3997.890868321675,2365.2309690524266,5466.360796363325,12543.376336495185,7743.062213515283,14476.692570047559,15683.49817790674,2430.3099456961677,251.1554257615899,6242.032431470821
1912,7,2,1,9270.236568600103,17152.2774967575,7852.979012689259,6737.298943262079,194.0304731869504,3844.881826345145,0.0,5365.760892524042,9552.494073372673,7947.8214215428825,15232.69358801635,16200.515691467794,2514.3108085809686,241.56214382556718,6376.176932641878
1912,7,3,1,10010.6543344942,13593.617727154911,7339.103604420325,6737.298943262079,180.33017499192144,3974.8218127622094,2797.609099851624,5592.597449890812,9442.288506074672,7616.382392206533,17428.91289141851,15862.173348034468,2530.054230893137,237.20774635107014,6262.535412078515
1912,7,4,1,8979.857227939883,15985.882976171946,6867.538458710225,6737.298943262079,168.9173372991087,3649.618748930393,2950.143805755057,4850.321600271861,9184.181534129035,7086.444163981782,14185.922947751624,13821.66488918297,2416.2918299387857,230.22904682719266,6114.388875370527
1912,7,5,1,9200.763559110734,14411.415585071416,6714.163756935188,5018.896002535451,158.64211365283697,3647.617861458428,5010.187484557102,4955.68106945402,8588.771748465913,6857.327829485049,13947.85531949715,13259.028183249091,2453.0624258870275,211.91725030495377,5619.06686825062
1912,7,6,1,9026.23863798375,16048.663417789885,6679.624767091301,5018.896002535451,146.09166191348328,3420.575983017784,2416.036578205818,4921.498736536733,9754.114928188768,6803.4917508876015,14079.61030459987,12757.21706714612,2337.4668867182436,213.65706536730556,5511.926292758018
1912,7,7,1,9983.895828700102,15059.87146230923,6335.5300807732165,5018.896002535451,142.66658736472604,3761.197650310233,5417.1038715577815,5168.347102731682,11440.974830145693,7325.007421361337,14019.639070001369,13374.026564022935,2053.0069685024905,198.8346186069923,5139.872205633204
1912,7,8,1,8710.190952876603,13651.44181811866,6095.8079043891,5018.896002535451,140.37912686250976,3255.090819156959,2009.120191205138,5397.022583071888,13428.709764160723,7178.295570806772,13700.701140545843,16436.214852061672,1871.7419485932298,180.5228220847534,5197.130529525384
1912,7,9,1,7960.95279062701,12900.554694030467,5730.558086791599,5018.896002535451,135.81643826721154,3267.5669410412543,1983.7763258501363,5200.5823407361995,14392.432089067479,7115.923116110259,14311.317347366668,16299.357274942486,1662.5485288287991,170.92954014873067,5626.567958716901
1912,7,10,1,7619.236761072261,12911.293453781578,5627.049051603548,5018.896002535451,127.82867512315609,2969.317008449994,2161.772775552087,4825.658398040137,16400.57119192337,6416.054094341826,15145.462701327624,14873.757513285898,1490.8805266303848,159.58672351313405,5509.800983792568
1912,7,11,1,7657.09509149297,12884.859583626252,5836.981349247807,5018.896002535451,118.69840496889279,2862.446077592522,2187.234519350476,4871.198784616997,15257.015514522063,5522.010970908627,13185.493716040679,12053.921184728535,1490.8805266303848,159.58672351313405,5032.731630140603
1912,7,12,1,7043.334253026384,12333.052544142993,5570.491455734752,2924.6142448730384,108.42685104535478,2392.943717250475,2441.4983220042072,4129.8964824545255,11841.334595026072,5335.121243514864,10683.057654158081,11134.884538380511,1286.9708581899094,140.40987927832379,4560.162930768251
1912,7,13,1,6697.951317121691,11407.041030279186,5055.752572719475,2924.6142448730384,102.7204321989156,1902.2554895579606,2060.043678801917,3767.3041408743243,12250.570749741257,5145.158420725526,11297.308481257694,10926.746973178639,1220.438724172013,131.68164505487243,4725.561975548551
1912,7,14,1,7614.380587798373,11962.978361973908,4816.030396335357,2924.6142448730384,98.15407388088366,1681.9224691116506,1551.3981950510668,3501.5256852472,11908.19571326124,4713.331608465122,11959.718027050347,10190.187096322623,1153.906590154169,135.17099481681117,4424.893266027263
1912,7,15,1,6959.094512561808,12583.348252172029,4174.79246301802,2924.6142448730384,94.73022257305954,1843.5235572915124,2288.963616100646,3559.3976729397305,10766.25392492089,4400.900243242465,10310.50907559173,9961.140734616478,1055.812129350214,129.94182999252064,4417.26715738668
1912,7,16,1,6388.048177789145,10243.95074346346,4530.436124065128,2924.6142448730384,91.30637126523541,1030.5041277858913,2288.963616100646,3186.4208251568184,9776.939930620609,4606.797634749759,10490.422779387229,9961.140734616478,1040.9313603154128,127.32724758036231,4417.26715738668
1912,7,17,1,5609.474764743353,11416.127673144838,4265.781114387516,2924.6142448730384,86.74123618807096,1030.5041277858913,2110.849287955308,3349.6522820317,9776.939930620609,4606.797634749759,10731.21637285086,10460.100651196239,999.7827989844312,121.22331540629139,4270.245784248623
1912,7,18,1,6833.428640904023,11109.659991036424,3758.705569744002,2924.6142448730384,82.17610111097211,1111.3282117284282,2110.849287955308,3717.004188954588,9776.939930620609,4466.345793334553,10534.038222731595,10460.100651196239,974.3992262975686,110.75526612047517,4270.245784248623
1912,7,19,1,6962.76141891108,11554.0794330162,4006.091084499882,1441.9358641632418,77.6109660338733,1123.8278734652665,2161.772775552087,3569.890351082156,11809.056813809064,3959.62650809908,10522.225706825871,10537.083038325825,918.3591127658108,107.2659163585495,4423.768102457332
1912,7,20,1,5769.3320604719,10827.148003756234,3786.552630305655,1441.9358641632418,73.04583095670883,1047.8176893818572,1119.0200642518698,3175.9281470143933,8725.837040847993,3804.4920997936615,10391.379376792784,9209.659580255013,920.9902052618136,101.16198418446552,3907.9431147298424
1912,7,21,1,6059.810506708891,10809.800776466564,3761.6197970121607,1441.9358641632418,65.05562133086889,1020.8763280676357,1322.47825775221,2816.2564478038234,8879.156501628559,4092.6801568952355,10983.822482220212,10078.990314913535,929.7461360271897,95.92893150528617,4026.8353986195143
1912,7,22,1,4646.763189599572,12034.845446457502,3457.676686387485,1441.9358641632418,60.490486253742695,1090.1541143041688,1271.6726485989461,3116.217236348426,9256.80654186723,4121.1347438919065,11678.034955451245,9407.437787188997,876.3371149914866,91.56870224844279,3902.442315054599
1912,7,23,1,5338.6192227554575,11041.097140322652,3267.9281109335416,1441.9358641632418,59.3492024844611,949.6800438433543,1424.2073545023798,2682.447758503543,8861.634277539513,3353.7714417674556,11678.034955451245,9417.131865568206,859.7094730700001,92.44055370706964,4122.099247540635
1912,7,24,1,6137.905701398191,13041.81068767056,3764.426089937134,1441.9358641632418,54.784067407334895,928.5059464189673,1424.2073545023798,2273.3414828901928,7455.706349960067,3090.85105791893,9673.541871750307,8699.48494555019,843.9444844258811,88.08032445022627,3879.8140254814566
1912,7,25,1,3073.8585767610316,13041.81068767056,3764.426089937134,1441.9358641632418,53.642783638053366,944.8661439842264,1525.9364512526774,2273.3414828901928,5522.843644013922,2698.1777573657614,9673.541871750307,8699.48494555019,752.0287777211743,77.61519105558976,3891.690752053048
1912,7,26,1,4810.287391677391,10864.320633661579,3132.794313169763,2757.1042982730496,52.50149986877183,915.0411507250876,1449.6690983008968,2461.236141996607,6939.607683858926,2279.0986000798516,8527.000904835322,7859.711645950179,711.7536528335353,78.48704251421661,3468.7542679321846
1912,7,27,1,4690.666960218111,9168.422651536632,3117.359702083477,2757.1042982730496,51.3602160994903,895.7973212149112,2009.120191205138,2242.9451678591113,5319.9547335072675,2284.334244087084,7685.222848289422,6577.812340268535,710.8802163901927,67.15005766095325,3468.7542679321846
1912,7,28,1,4395.332340707231,10301.77483442721,3307.216211880607,2757.1042982730496,49.077648560927166,793.7991398481146,1068.1555158767849,1868.021225163239,5319.9547335072675,2284.334244087084,6533.229950956656,6280.6223099550725,701.250849181422,71.51028691778356,2979.808187708627
1912,7,29,1,3897.5250273499782,9332.808281562226,2800.140667237092,2757.1042982730496,46.7950810223641,919.8432806578807,1195.2874172036504,1780.6182979565835,5216.435278032755,2036.3240638247098,6557.127579288961,6050.435468439596,811.5626370262505,66.2782062023264,2629.382244761438
1912,7,30,1,3394.762435142742,10238.994392809267,3262.2075907404096,2757.1042982730496,45.6537972530825,802.4618056092013,966.426419126615,1673.4199058007962,5307.850565550852,1855.808163918353,5967.501304577463,6014.700434414003,977.0195356275965,66.2782062023264,2565.622975798497
1912,7,31,1,4694.333866567382,7532.661724013328,2806.832596519327,2757.1042982730496,43.37122971451943,833.2519328253816,915.5618707515299,2036.985794837478,3872.2962459259447,1786.151334950677,5967.501304577463,5510.038118787583,734.51691619037,78.48704251421661,2429.3531656619903
1912,8,1,1,5665.469415757553,9556.670119435934,1410.3780633998638,2170.9940959591745,16.72904268884723,335.3487403074065,5.362526152212185,1403.5309164683204,3767.393456970741,1782.8506028590039,5896.444478129052,5076.84587121211,460.1392581539692,30.805418204671458,3752.920578427745
1912,8,2,1,4936.547896797147,7075.768799555109,1503.6333359779765,2170.9940959591745,17.84463839901312,166.50914744941417,85.8001826785079,839.7820359852868,3767.393456970741,1782.8506028590039,5195.326226368355,4452.148055654098,438.7346737089834,30.035622936850586,3438.374851544047
1912,8,3,1,4498.996774266687,11946.457193126964,1510.1093965738382,597.948813550288,16.72904268884723,54.46415698787681,0.0,809.7102367731599,4926.050524870109,1601.651792864671,4952.2609952305165,4432.949978863709,389.013495434043,31.576185436201474,3932.9467496172592
1912,8,4,1,4769.753210677137,11284.784380813127,905.1697828950477,597.948813550288,16.72904268884723,45.90506657823333,0.0,647.5496821005404,3685.085114867414,1366.616904272729,4295.3942453632135,3999.5676513199746,371.38301907761905,23.874344903169238,3582.020733972202
1912,8,5,1,5073.016276349882,11498.733517378454,834.9692860378799,597.948813550288,15.614670219591629,32.67802339567379,13.406315380530398,756.01368594958,3775.232346694954,1359.332530001567,4767.531419566002,4488.168209631847,355.0141731393739,26.95449793814881,3445.625905661392
1912,8,6,1,4409.108015912036,9382.37178810305,1244.1591747771404,597.948813550288,15.614670219591629,36.56916103240122,21.450340365735794,576.675427266564,3775.232346694954,1359.332530001567,4381.807342489353,4493.775568694378,335.50742590461795,29.26582766904278,3443.8756512192895
1912,8,7,1,4439.43432247931,11242.65540025359,903.3241056253272,597.948813550288,15.614670219591629,205.40875389034204,0.0,614.2651762818184,2890.0141968195494,1211.7101326632485,4488.756044189875,4655.9137815869035,327.9484265615714,26.95449793814881,2649.2601344969594
1912,8,8,1,3885.9296748388424,8617.44167049501,974.4420444006429,597.948813550288,15.614670219591629,154.8333805539811,58.98755191744697,775.3440115584337,2890.0141968195494,1211.7101326632485,4646.498564285288,4658.0997012214375,315.98989550393895,30.805418204671458,2998.3108775253927
1912,8,9,1,4169.7680474160325,9616.146327285143,1355.0077453069684,597.948813550288,16.72904268884723,118.26421952158574,0.0,871.995639601938,2890.0141968195494,1211.7101326632485,4489.846430273589,4123.404750616086,302.76973402807573,30.035622936850586,3360.2384925208266
1912,8,10,1,4573.722379337702,9341.06886598515,1227.5372859149531,1356.7258009869001,13.383478799259855,173.51225360135606,16.088049970410538,802.1922869700325,1879.1432557779856,1221.2708738941185,4474.762756116988,4658.0997012214375,282.0013563751928,26.184702670341,3096.5751626329593
1912,8,11,1,3097.5448096685045,10115.085626458846,1224.7309929899802,1356.7258009869001,12.267883089093969,142.38079852235532,16.088049970410538,903.1383410161358,1879.1432557779856,865.0991175402023,4471.491597866108,4658.0997012214375,285.1500408376266,23.874344903169238,3096.5751626329593
1912,8,12,1,4508.709120814465,10395.945496854665,1355.8712200528848,1356.7258009869001,12.267883089093969,162.6133018421157,16.088049970410538,596.0057528752267,1879.1432557779856,865.0991175402023,4675.666392021818,4658.0997012214375,280.1143023309379,28.495060437499696,3096.5751626329593
1912,8,13,1,5075.196599044226,9939.135178240502,1428.8348360979212,1356.7258009869001,11.153021323474238,144.72301385714096,16.088049970410538,833.3349883844215,2003.4127134631535,942.0175571094627,4322.381300932579,4658.0997012214375,256.8226638416972,26.184702670341,3096.5751626329593
1912,8,14,1,3114.888285646485,10638.806678902412,1208.1091041277932,1356.7258009869001,11.153021323474238,333.0065249724935,16.088049970410538,835.4767927887546,1320.737640724306,944.123196547257,4792.337702967939,3745.145613856361,256.1972402155692,26.184702670341,2532.8682140959745
1912,8,15,1,3451.6490363505745,9743.359327405391,1123.1647759805612,1356.7258009869001,11.153021323474238,380.4746377640836,48.26297112679659,895.6203912131997,1320.737640724306,944.123196547257,3747.6569693635993,3738.3977749844967,251.16150170888045,22.33378240381835,2532.8682140959745
1912,8,16,1,3850.251667113154,8187.395645412388,1216.420048558674,1356.7258009869001,11.153021323474238,381.2514529002763,34.85665574626619,789.3090089622351,1320.737640724306,944.123196547257,3249.6231256754236,3500.8928546926086,241.09002469550296,19.25362936885185,2532.8682140959745
1912,8,17,1,3674.735690215769,6312.408192988472,960.583274725473,1421.4481987000333,10.037792585581398,347.7895524126974,34.85665574626619,804.3340913743655,2731.737791066284,840.8558094191192,2717.060389339452,3738.3977749844967,234.15644897853247,23.10454963536143,2832.9118327450915
1912,8,18,1,3879.4878123332564,8733.089852422509,918.1003172177938,1421.4481987000333,10.037792585581398,275.4280454840632,0.0,645.4078776962075,729.685355525674,677.5378618934918,3159.9388702984043,3203.7028243791456,236.67970981489026,23.10454963536143,2280.0814653840707
1912,8,19,1,3180.8925999394487,7900.918577608847,882.0718334369986,1421.4481987000333,10.037792585581398,220.96859646673866,45.58123653691645,734.5415559365844,894.4519008590797,440.4542430377805,2668.447343111726,2914.4011127468793,225.3466023833339,17.713066869500956,2063.8000236079383
1912,8,20,1,3881.668135027601,9394.762664737438,824.8126643368528,1421.4481987000333,11.153021323474238,192.95617185871626,29.494365350941067,840.852938187549,894.4519008590797,440.4542430377805,2964.3962993045784,2839.034405347279,219.04923345846623,24.644140170990113,2403.724439902401
1912,8,21,1,4189.192740511587,11486.342640744067,940.2700313238446,1421.4481987000333,10.037792585581398,217.0845207857751,34.85665574626619,879.5135894048741,961.1401024093495,591.1269721020949,3366.2944366215434,2514.757979562466,219.04923345846623,23.874344903169238,1838.267236923314
1912,8,22,1,4331.111926800181,10599.155873669972,1028.9380943133458,1421.4481987000333,11.153021323474238,196.85201746601473,34.85665574626619,945.0225160339893,961.1401024093495,591.1269721020949,2806.744644716207,2514.757979562466,207.72690919283284,23.10454963536143,1838.267236923314
1912,8,23,1,3289.214995619253,8497.66319635605,1063.1101073901443,1421.4481987000333,11.153021323474238,200.7360931468509,37.53721155171118,854.8071183974171,961.1401024093495,591.1269721020949,3205.3716237822923,2514.757979562466,200.16790984983825,20.02342463665965,1838.267236923314
1912,8,24,1,3928.2477562256836,9808.617944350428,987.372578723389,1326.692745932693,11.153021323474238,197.62883260208005,37.53721155171118,866.6194942031435,1787.612690469756,589.0213326644613,3459.249850249179,2105.0406080623216,191.98348688066375,18.483834101030972,1609.233941354484
1912,8,25,1,3713.7832875604195,6776.57043173987,1082.4735285712222,1326.692745932693,10.037792585581398,210.85822976989851,37.53721155171118,752.7901621492429,904.9075964176205,356.14899268417776,3005.4675084538717,1963.2409517695198,182.54821665933719,22.33378240381835,1756.505350841476
1912,8,26,1,3562.1517547240474,9266.723606174459,710.2835327018595,1326.692745932693,10.037792585581398,286.3269972433036,37.53721155171118,796.8269587653625,1346.9056990681909,397.2487981421624,4051.2386281419253,2178.221395827388,181.91200986728626,23.10454963536143,1416.4559163724912
1912,8,27,1,4220.609208426033,7153.748716511842,1209.9439879632378,1326.692745932693,8.922441523597607,354.0158434284466,37.53721155171118,839.7820359852868,929.7614879546541,366.68857170769655,2966.5770714717437,2170.3330771461915,182.54821665933719,22.33378240381835,1416.4559163724912
1912,8,28,1,3982.3594012765257,9420.370476450033,1826.03321930071,1326.692745932693,8.922441523597607,291.77647312298745,1922.4795352244028,920.3160450267236,784.6036947105517,404.62422709163565,3337.1266088850134,1872.002567023396,172.4767396459597,23.10454963536143,1707.373208287638
1912,8,29,1,4145.88360335502,10470.290756665356,1676.4362195401739,1326.692745932693,8.922441523597607,217.86133592196785,1922.4795352244028,952.5404658371168,784.6036947105517,404.62422709163565,2936.3188576517628,1968.8483108320513,166.17937072109206,16.943271601680085,1580.1047067106895
1912,8,30,1,4129.63028872421,7387.688467383136,1782.6436133095847,1326.692745932693,8.922441523597607,203.07830848176394,1922.4795352244028,691.58647871666,784.6036947105517,404.62422709163565,2333.5170844299673,1968.8483108320513,162.40526263253025,21.563987136010542,1669.242665084395
1912,8,31,1,4217.338724384517,8156.583665513438,1810.3827395276253,338.6750789696624,8.922441523597607,192.17935672252355,0.0,729.1654105379812,979.4462154708751,379.3337901690096,2844.5446956146207,1951.9311936603262,156.10789370766264,16.17250437015007,1320.0669038814399
1912,9,1,1,4187.408840124998,9764.010788463795,545.0468466025147,935.5180242137322,8.295163584811363,76.98591097419785,92.06188559782362,318.3500182785848,361.5572607460096,271.946178843916,1640.7584593102906,1494.0285502162992,187.65943732785013,41.67877636254492,1345.1955569433792
1912,9,2,1,3815.2673984262065,9046.992060512213,644.4651701807808,935.5180242137322,8.295163584811363,80.88411056670876,65.46615117282326,282.1124185086224,702.2031303749379,308.1290316687578,1354.8047088838991,1673.3690002327055,178.64471057923254,35.6001152452384,1326.942903475548
1912,9,3,1,4035.777307289302,10265.428262964593,631.3835277777441,935.5180242137322,8.295163584811363,84.45746019317701,139.12013903191453,260.08861160350034,559.0511706778816,209.4371421297746,1094.7476279431576,1529.6685442575251,178.64471057923254,35.6001152452384,1374.6998461105206
1912,9,4,1,4035.777307289302,8105.946282997719,737.7744099306994,935.5180242137322,8.295163584811363,87.05625992151766,71.60408172645222,255.11270238138422,35.528614896681425,275.2355291007198,1235.0439707009832,1369.3360910632477,165.88822523997786,38.204978020161555,1219.9398479747558
1912,9,5,1,4035.777307289302,8880.128255159523,824.1110911055033,935.5180242137322,8.295163584811363,85.75686005734727,102.29137692572675,260.08861160350034,611.2950651333647,229.17324367059743,1452.2125323529074,1960.7699121825933,170.39558861426067,35.6001152452384,1566.1026711737575
1912,9,6,1,4035.777307289302,7971.711786117549,867.705772349151,935.5180242137322,9.480117054589503,88.35565978568793,92.06188559782362,273.58846966702384,926.8680154240674,262.0781280735046,1400.4191933816073,2144.9574013887213,164.38936517050723,38.204978020161555,1649.1147389999392
1912,9,7,1,3936.077096810103,9746.663561175215,626.1487121295892,935.5180242137322,9.480117054589503,90.30475958194339,106.38293770000107,240.8989095163527,283.1798912838996,162.29358239366238,1260.1228506237817,2161.5893986080546,163.63454355283645,35.6001152452384,1456.3367140179462
1912,9,8,1,3513.094494100634,8533.183709377028,613.9413379063193,731.1302797802394,9.480117054589503,102.32420832551853,106.38293770000107,243.7438315280692,269.6001676147592,267.5527906115446,1325.364284626506,2161.5893986080546,150.12323659585897,35.6001152452384,1456.3367140179462
1912,9,9,1,3190.9022632182114,9626.059028593527,647.0771812879331,731.1302797802394,10.665192848458723,18.19042110575349,106.38293770000107,273.58846966702384,642.6390962508398,132.67804824775718,1207.3299910758092,1710.719713988048,150.87805821358174,37.33701441642355,1367.6988283419998
1912,9,10,1,3330.8393379666772,8985.86373577973,764.8011694835402,731.1302797802394,9.480117054589503,26.96137018890292,61.37459039854908,296.32621137365396,309.3018385114531,339.9298780960974,1736.4398381470803,1887.6841644016583,144.87183476982833,39.941877191346705,1529.4723460636828
1912,9,11,1,3709.2244310175156,9230.377034711842,913.9340515680773,731.1302797802394,10.665192848458723,87.3811098875602,63.420960177903744,311.9570566475771,356.32364907735297,331.1544834663844,1391.423508191819,1657.4973228861818,154.63059997019374,39.07391358762177,1260.808289198332
1912,9,12,1,4285.919783680255,8608.355027629355,751.730320514354,731.1302797802394,9.480117054589503,116.29157987271859,59.32939940362944,296.32621137365396,736.6942451611113,381.59877529400904,1281.5671102683218,1367.720411333498,151.6220966653296,47.75646551612923,1150.9923247727122
1912,9,13,1,3654.121730196272,8349.798735177397,606.957985897354,731.1302797802394,9.480117054589503,83.15806032900674,132.97867212496416,268.61256044490773,448.2807422085926,254.39538958432942,884.7483547908722,1227.2513148180535,166.6430468577006,42.54673996628292,1205.8753033506177
1912,9,14,1,4149.154087396535,9146.945132035498,476.1523552987102,731.1302797802394,10.665192848458723,68.54098884972164,77.74083349564617,300.588185794262,396.03684775310956,323.4831268120784,1222.595396246231,1181.251962508705,161.38086186564308,44.28363913746808,1031.3999391061552
1912,9,15,1,4791.655543198022,9426.978943988592,648.8257176487434,882.7972078029832,10.665192848458723,67.56643895159391,90.01669460290397,283.52947091751406,253.9223881665156,348.7052727258104,1011.6056890681618,1142.2855690233766,157.628320109083,46.02053830866629,973.7040516034219
1912,9,16,1,3797.230183408809,9765.662905348161,338.3633726910083,882.7972078029832,10.665192848458723,66.26703908742365,96.15344637209779,301.3021205957701,690.7099347061052,279.6175354980614,694.3942042448534,1147.0375682289678,140.36447139549355,44.28363913746808,1180.5466212096624
1912,9,17,1,2919.4520877683444,9336.938573773688,374.12202061359966,882.7972078029832,11.850146318236863,102.32420832551853,65.46615117282326,294.1952241632543,389.76573597385993,250.0133831868272,571.9529336061726,1147.0375682289678,138.11078970835214,44.28363913746808,1180.5466212096624
1912,9,18,1,3560.863382223335,8614.963495167915,684.5735721370837,882.7972078029832,11.850146318236863,75.6865111100276,73.64927272137187,296.32621137365396,127.48570802803351,219.305192900186,706.0068160352403,1062.1668624184215,128.35202450803865,46.02053830866629,1018.7355980356775
1912,9,19,1,3419.836146127697,5606.210830632058,831.9579178608104,882.7972078029832,11.850146318236863,156.24577171060247,14.321052102177449,234.50594788515374,653.0947918093805,229.17324367059743,1193.97276155169,996.209113445637,126.10912598682017,43.41567553373007,903.356324847718
1912,9,20,1,4178.885760501838,6244.175765650921,640.1046227132438,882.7972078029832,11.850146318236863,137.084331684643,104.3365679206464,241.6128443176695,514.115888112241,199.56909135936323,1277.932489989537,980.3374360991133,122.35658423020817,38.204978020161555,931.497915913501
1912,9,21,1,2471.0984573436112,10632.198211363855,625.2744439489712,882.7972078029832,14.220175581884288,150.0783303264004,77.74083349564617,270.74354765530734,137.9298758075251,206.14779187297083,1207.3299910758092,943.8610901976316,125.35430436909743,37.33701441642355,789.3772552133094
1912,9,22,1,2794.3808495732055,11231.916640502479,421.21377457866623,1008.6100988974192,16.590816465986787,105.57153099331369,24.549364645645568,301.3021205957701,405.4435154219838,134.87474236389488,1240.4050356119867,920.044070179622,120.10290254306676,36.469050812685545,939.9366426879837
1912,9,23,1,2762.5679593503282,11312.04430941009,483.9991820535918,1008.6100988974192,18.960234109179005,66.59188905346619,61.37459039854908,306.98114742546096,359.4592049669777,209.4371421297746,1199.3338264626934,958.1931198013792,116.35036078645474,37.33701441642355,914.6079605470285
1912,9,24,1,4010.307173995916,12973.24783695679,483.9991820535918,1008.6100988974192,20.145554551230255,89.00535971777312,51.145099070645806,286.3743929292305,436.78754653945896,267.5527906115446,1454.0298424924315,781.9224612717105,113.34185748164252,32.995252470302184,886.4663694812455
1912,9,25,1,1738.5100320332574,8880.128255159523,719.4579518790822,1008.6100988974192,20.145554551230255,50.67424071738013,59.32939940362944,252.26778036947653,753.4095247201287,270.8421408683484,1762.3365076327307,842.2538431850429,100.58429382579553,40.81081275880692,904.7565284013783
1912,9,26,1,3522.7077350716418,1896.630183613158,715.0974044111196,1008.6100988974192,18.960234109179005,42.879018524988986,65.46615117282326,237.34005270312815,303.0307267322036,65.79269605354385,1763.2451627023609,755.7294416509054,505.1697592331576,43.41567553373007,683.8494141709999
1912,9,27,1,2867.5207654118467,3076.737274341245,521.4955729027425,1008.6100988974192,17.774913667127755,54.572440309891036,75.69564250072652,251.55384556815972,450.3787979876244,264.2634403547408,2099.265807467834,700.1595629415065,108.09045565555991,39.07391358762177,832.9960962745071
1912,9,28,1,2785.9568755268156,6022.792103104307,397.66250087896975,1008.6100988974192,17.774913667127755,59.12033983448701,24.549364645645568,263.6366512227916,399.1724036427343,226.9879313892006,2383.493113262007,746.1969312446963,102.83581887975235,43.41567553373007,786.5643462884817
1912,9,29,1,2422.3385134511836,10155.562490132923,288.6596076190095,1923.046780978173,17.774913667127755,75.6865111100276,157.53275190835038,221.70920742901382,423.20782287036695,162.29358239366238,1114.4654429552156,920.044070179622,95.32965704993602,37.33701441642355,821.7444605750873
1912,9,30,1,3093.3823754333566,10424.031483894358,306.9652722361889,1923.046780978173,17.774913667127755,75.6865111100276,157.53275190835038,296.32621137365396,435.73851865009345,200.67312933477024,177.84197023661224,920.044070179622,82.56885844431213,39.07391358762177,821.7444605750873
1912,10,1,1,2226.6049988420573,13695.222915562565,1340.112805936614,279.22592696931645,7.292106038390273,399.5301484534111,132.02385673255486,763.7479796319464,331.5158686563123,297.2138520968036,1623.9483405214708,667.7889443536218,195.89777612679518,34.95861918872318,760.8106023544802
1912,10,2,1,3021.4317265193326,9835.05181450466,1706.334032623644,500.57419900491146,6.380546912057335,388.2427891260107,132.02385673255486,678.7897382605202,163.67140632806056,240.27053259917406,1637.214704538548,628.7275108841624,183.48635209852915,32.40138263617528,629.9540791711061
1912,10,3,1,3902.7776229322985,3406.0041694578513,1268.3364676674785,500.57419900491146,7.292106038390273,437.1586028533543,132.02385673255486,725.6930912764141,124.06195766323334,240.27053259917406,1057.3110390726488,643.6107723957738,165.75882724838308,31.547998488270434,596.5867284139191
1912,10,4,1,2933.7232908590254,3005.2832190779227,772.0003901788782,500.57419900491146,7.292106038390273,423.6114176752577,0.0,617.7266783494523,69.84796577562679,240.27053259917406,1514.8188666535198,1166.3306850032527,159.54772365121067,222.54081378627137,1186.7725262965848
1912,10,5,1,2953.742617416551,8866.085261639677,954.0748338267829,500.57419900491146,7.292106038390273,312.25614489514385,55.01033323337859,617.7266783494523,99.03860777477567,216.66460722691187,2043.0200586551607,1129.0750112320407,156.01084521399252,206.33817854074584,1353.5717746306557
1912,10,6,1,3343.6239574017554,9543.45318435882,787.607696214433,500.57419900491146,7.292106038390273,275.38096577885096,60.5105414076119,546.9281438732,289.819891991391,167.35849887914125,1690.5527571285093,991.4571142400457,161.32694603582058,120.22219277263667,1090.5460374323575
1912,10,7,1,3532.9156095046196,11505.341984918106,1317.230725165363,500.57419900491146,7.292106038390273,320.5304030881979,49.50894627471012,478.77982191748293,0.0,234.71619721753143,1369.7975175334582,956.1022401509758,154.2316228293826,98.05170027409743,989.1813015987273
1912,10,8,1,3159.386689726995,12606.477888557527,1357.8140382315155,500.57419900491146,6.380546912057335,331.0644871320754,60.5105414076119,280.5439253840914,264.8046115482375,123.60672591324038,897.3695737085565,1101.2282958876444,141.82019880111656,87.82372602762803,985.3432436435861
1912,10,9,1,2239.0923015461494,12876.59899920333,1332.7732705948358,769.6144968376466,7.292106038390273,372.44754802355294,330.05964183132335,283.19413790462653,183.4876584394802,161.10987157465274,921.5579716632383,913.324743303021,143.59942118567452,77.59186392625672,935.2984684163403
1912,10,10,1,3440.152789416208,1426.8507474540404,976.9677080327355,769.6144968376466,6.380546912057335,373.20082330707584,660.1192836627745,257.5357538287471,0.0,161.10987157465274,953.9969576506481,900.3042654797104,140.93597919179902,69.06482619326374,995.6072357647754
1912,10,11,1,2959.9862687685973,2393.752154213292,765.7509917040908,769.6144968376466,6.380546912057335,348.3662788017063,66.01192836628024,205.32115857784956,184.5251585500256,161.10987157465274,960.7210051662288,969.1227179742865,140.93597919179902,66.50758964071582,1095.6717825842534
1912,10,12,1,2389.5345674585797,6771.861898617842,1072.6838836372842,769.6144968376466,7.292106038390273,68.47036929188624,104.5192795080887,295.5906421842794,183.4876584394802,161.10987157465274,676.5663917778476,966.3665584349678,140.93597919179902,62.243584792358234,1044.3518219778691
1912,10,13,1,2877.2331119596242,5771.918154164708,1285.9297656191939,769.6144968376466,6.380546912057335,34.61064529510102,0.0,242.48903702855907,684.9345174240052,59.72162537194873,851.5370119942633,924.4919414359007,135.619878369919,57.980551907722855,1048.2023817505171
1912,10,14,1,4006.8384788001845,9582.27793114853,648.1889050234759,769.6144968376466,6.380546912057335,316.0107513868056,0.0,418.60377191123786,0.0,197.22443339076116,1448.9413741022909,888.2151795010227,140.93597919179902,51.15931050680429,1003.295853492674
1912,10,15,1,2586.3582434142027,10064.696061476383,1217.283523305016,769.6144968376466,7.292106038390273,50.41177136075881,71.51331532494859,207.0843611935619,336.73795254589555,165.96991503377075,1410.5961301618886,842.643507119908,140.0517595824815,53.71751902308747,931.4479086436922
1912,10,16,1,2379.5249041798165,8862.781027870944,464.0313285505001,1172.9188477686969,7.292106038390273,36.116018869624426,71.51331532494859,335.40873315552403,192.85974277140795,130.54964514041123,1755.6124601171498,695.6926836883074,154.2316228293826,50.306898322621656,949.413020310287
1912,10,17,1,3482.7681875333597,9918.483717182096,930.1457899260714,1172.9188477686969,8.203542840632156,123.39590739095391,22.004369050238466,335.40873315552403,0.0,130.54964514041123,2763.765259920611,644.5421642401603,146.25208001362708,47.74868980635154,957.1141398555831
1912,10,18,1,1552.092441664153,9879.658970391292,792.8101315597596,1172.9188477686969,9.115101966965055,138.44964313617953,126.5189334205867,396.47179306659194,411.79532165444664,130.54964514041123,649.0704893695215,877.9888772106357,146.25208001362708,49.45448613843902,824.9699294755635
1912,10,19,1,3185.6496676365673,10094.43416540044,424.49497861382105,1172.9188477686969,54.68987785724417,0.0,49.50894627471012,263.723188774449,0.0,0.0,337.44723322469,912.4028554569767,139.16753997316397,47.74868980635154,855.7619058394598
1912,10,20,1,1045.5638375295246,9728.490275442817,934.3012621415118,1172.9188477686969,140.3668944533754,452.95384395581203,0.0,161.95502798740105,222.05960699376175,95.13848071487962,188.30967663925793,698.486859221231,135.619878369919,48.601101990534175,846.7730990974089
1912,10,21,1,3540.4476333573784,8979.25526824008,901.0143106796073,1172.9188477686969,183.21702354014562,190.36678807140726,93.51650559075202,218.5938555682007,470.1719945412004,136.8096542796639,116.65313784475946,825.8974619197598,136.50409797923655,48.601101990534175,832.6585472034621
1912,10,22,1,2814.5983872842717,9108.120385245787,425.531148309133,1172.9188477686969,89.32716747239087,54.92671509169834,0.0,211.50859352374272,86.5286619973979,89.58300714966302,138.3154747057896,887.283787656636,132.072216766726,46.89627762216891,844.2102265215157
1912,10,23,1,3407.54705457782,10534.723315167665,935.3482252709724,2104.525590394017,56.513730054456126,59.44048183000719,104.5192795080887,342.4939952001733,92.78363488608693,77.77662991303278,149.97351924970818,924.4919414359007,134.7356587606015,48.601101990534175,708.2154563687386
1912,10,24,1,14140.383728795856,12317.357433738782,742.8689109324142,2104.525590394017,49.220767747428674,39.87768731698691,0.0,287.61837023480734,34.40350366568992,77.77662991303278,144.97591636650054,942.1598744820933,132.9564363760435,40.92744840544605,626.103519398458
1912,10,25,1,7992.369258541456,7913.0616367110715,527.4967223883292,2104.525590394017,48.309453269277874,70.72666416472545,269.5526367770781,226.5553103237395,313.79767232392214,77.77662991303278,179.97730965034654,2521.410778450199,132.9564363760435,46.04386543798628,823.6822422789181
1912,10,26,1,3413.8898115066363,10857.712166123021,761.5955194886503,2104.525590394017,80.21279944999567,272.37963457083947,643.6163015711572,261.0729762539138,308.5871162131115,79.86064386466394,161.64065034432332,1698.2694760695215,156.89506482331004,46.04386543798628,685.1120977328504
1912,10,27,1,2422.140302296968,10576.8522957272,447.3878528193351,2104.525590394017,129.43112071562092,215.18956265056926,385.0735114180157,137.17283662224378,126.14848566333045,199.30730915897752,160.81377423091993,1218.4125962957862,170.19070846089363,46.04386543798628,699.2266496267972
1912,10,28,1,2382.0025436051465,9266.723606174459,923.8963914508582,2104.525590394017,96.62012977942678,159.51781122367976,1309.2758720790182,161.95502798740105,249.16141543701204,106.94371976803001,151.64544457790834,1120.711492630427,152.46318361074756,48.601101990534175,699.2266496267972
1912,10,29,1,4420.604262846402,9951.526054874888,604.4862894366418,2104.525590394017,66.53941255497037,117.37676707812165,962.6778846229593,152.21955342230214,328.3918405454602,125.68960168139171,190.8084780808615,1155.1159668784258,138.28332036384649,43.48565692171616,691.5380318988987
1912,10,30,1,3205.768099770863,10066.34817836075,430.7335836543197,2626.961059705838,53.778563379093306,119.62953097306904,495.0894627469851,207.0843611935619,335.68892465622923,133.32681283127977,204.9653240663839,1134.6823702945724,148.03130239823702,43.48565692171616,569.6453118226708
1912,10,31,1,4056.9859007707696,13106.243246173957,366.2320201211715,2626.961059705838,46.48682431297615,89.53736038679924,214.53876719038573,65.48945568002421,309.62461632370446,133.32681283127977,180.80418576374993,1141.2401291981748,179.05447088596662,40.92744840544605,619.6900870498073
1912,11,1,1,2420.2572963336092,6226.167691607721,658.356320158779,484.987276246398,58.51984514729831,22.362859981191576,6.1559659554861685,658.6373059108255,617.7390935978133,0.0,390.25826587417623,748.1642589157062,57.31252711585962,3.4865310671416845,573.5083734128258
1912,11,2,1,2420.2572963336092,3662.2474982719154,389.6213923059752,484.987276246398,56.13207889045202,102.39835886124563,12.312403424746373,400.60396115980956,59.161714637008075,41.27736208075109,590.898391809032,686.8064451740928,55.434099604343054,13.946707446797557,587.8104525683913
1912,11,3,1,2709.942897954414,3864.7970283336927,593.5957142018627,484.987276246398,54.936972521118626,61.20361679062953,15.829896179121063,366.31345630261626,401.0629593996476,25.59205554474414,730.9493976978705,712.4482328870342,52.61538002050188,20.047723729714917,573.5083734128258
1912,11,4,1,2332.449755096532,4820.05101105614,491.068881537617,315.19574872006416,60.908834645054874,42.96023101649955,9.673694466747836,328.42082585646546,0.0,14.86012351310557,485.4671440747688,686.8064451740928,57.31252711585962,13.946707446797557,531.6772922461422
1912,11,5,1,2222.046142299829,5152.787351630681,550.4327703313859,315.19574872006416,66.88069676894577,42.37173470120515,15.829896179121063,437.587947313271,0.0,61.08972191474546,470.5106816277104,631.8638303597677,56.37331336007537,10.459301612308456,532.7774521811689
1912,11,6,1,2766.5321824312605,6396.005307352926,436.022366473855,315.19574872006416,68.07457989736035,34.13278628708183,4.397101699855334,312.1734005268161,0.0,0.0,428.8125004805381,702.3739945713036,53.55459377628614,9.588033331918778,563.5944321799695
1912,11,7,1,2723.1239396979227,10695.804711423432,740.37562760315,315.19574872006416,70.46356939512263,32.955793656492894,69.47519703663973,486.3085889145436,198.23168778823262,0.0,669.5788342920292,511.8948584172808,58.252819188184226,6.973159330655564,437.0135305622894
1912,11,8,1,2975.0503164754646,6460.52047170038,698.2920271653879,315.19574872006416,64.49170727123456,35.898275232965425,43.971016998553345,419.5448677859183,196.6869654014206,14.86012351310557,1300.5580012243072,458.78651529622977,55.434099604343054,11.331153070931316,743.0205161321068
1912,11,9,1,320.80475280427,6467.541968460303,568.7708152515554,315.19574872006416,63.29782414281145,74.73903204240338,34.29791192402304,311.2755734280601,201.29807700384515,0.0,2609.1121670619937,489.9216140908876,56.37331336007537,19.175872271088075,541.5787316614915
1912,11,10,1,2430.564276343358,8483.620202836204,637.8487949389043,315.19574872006416,60.908834645054874,52.964668376506346,33.4185387354294,296.8454366837895,280.43627988045694,134.56743282433155,810.4203700915806,528.3842956602998,86.43893670995175,22.662306141860174,729.8185969114584
1912,11,11,1,2203.2160826662457,6881.562459761403,763.0418396880282,821.0781155949652,62.10271777347799,59.43812784474606,35.17728511261669,408.71685663060526,39.1852263974041,23.1153682925598,711.277015439465,340.6518150470171,168.18503959096688,16.561289858942814,805.7671378820227
1912,11,12,1,2495.6766404433647,5334.437603101891,783.5493649079028,821.0781155949652,65.68559039959807,50.61068311532834,14.071149801933654,304.9583321545852,268.14766745999526,255.9205554473274,486.24858743459293,570.5060166181541,124.01719178919821,15.689438400315968,842.0974193734635
1912,11,13,1,2222.046142299829,4828.063777946901,951.9161469617793,821.0781155949652,70.46356939512263,44.72571996238315,3.5177285112616685,355.48544514749454,0.0,85.8554562531082,553.9161304732069,760.9756487738347,124.9661103943131,13.074855988170711,745.22083600216
1912,11,14,1,2781.596230138128,4456.667902270758,829.9611325103735,821.0781155949652,66.88069676894577,23.53985261178064,23.744254876463952,433.0771774314328,247.39766524908472,82.55358597802247,339.11915855289413,1020.1591894413821,166.29798554671194,15.689438400315968,668.172135096569
1912,11,15,1,2220.163136336471,4552.986316648001,747.9310316317265,821.0781155949652,63.29782414281145,120.05324832008107,10.553185533785006,332.0229514456143,290.43086427871214,70.9964709234825,387.8957626929266,956.0072001668451,122.14092091086623,31.378876800645006,682.4867160696415
1912,11,16,1,3314.685128912639,5381.109905094255,1357.7061038883294,821.0781155949652,62.10271777347799,188.31882089422982,18.468015744901983,320.2971131917364,261.23100005635865,34.67248334709978,429.6030303909875,909.3330639702393,117.43946054919125,27.020591471246057,706.7027364580633
1912,11,17,1,4709.2988086968035,7259.897226353415,1383.6103462709257,821.0781155949652,62.10271777347799,165.3674645977312,7.914830211117003,322.1035845831818,0.0,75.94984542785102,494.1175403379025,904.7521367362251,98.65302880104875,20.919575188328693,690.1878356149376
1912,11,18,1,8583.534025448416,5319.568551139315,1350.1506998601785,1614.451319938762,65.68559039959807,180.66836879539696,8.794321278154172,198.4955091883637,633.8664564270938,20.638681040375623,405.99617168105874,764.6441921606192,105.2307600410557,20.047723729714917,571.308053542663
1912,11,19,1,9455.365786467819,4642.365840108283,1362.0234776187622,1614.451319938762,89.57181565448715,164.77896828238738,63.31840593204896,326.6143544650201,258.15308306174006,62.74122614402825,445.34093619787,655.6713463794349,120.26465003258619,20.047723729714917,647.2565945132272
1912,11,20,1,9076.08874322335,6561.877842574777,1459.1643865541364,1614.451319938762,85.98894302831029,200.08874720008734,138.07102088456548,277.89371286374745,245.09210944787264,69.34496669419971,607.4177409754752,764.6441921606192,181.32971890505783,20.047723729714917,561.3941123098067
1912,11,21,1,5620.772800522829,11104.703640382231,1575.7334772770967,1614.451319938762,82.4060704020678,189.4958135247901,227.77651639669577,233.68384114412177,260.45863886295245,57.78785163965957,597.1953714418046,760.9756487738347,139.04892514749216,21.79142664695554,561.3941123098067
1912,11,22,1,6935.110962923351,8350.624793619034,1615.6691842837056,1614.451319938762,72.85133565201743,201.2657398306476,199.6271440861599,338.3401927188979,0.0,127.135094700819,587.7453587170696,779.2993577103641,125.90424583345313,20.919575188328693,497.54733062475464
1912,11,23,1,6269.022379791836,25679.678797037606,1474.2751946108638,1614.451319938762,70.46356939512263,156.5400198683381,483.6906172595121,351.8725023644124,378.0189291666149,352.50680554867705,469.7292382678863,438.63803866476854,131.53305846834516,19.175872271088075,497.54733062475464
1912,11,24,1,3727.9553850736547,15628.19967063943,1431.1014573061111,1614.451319938762,69.26846302577493,98.86738096947856,386.94777866984356,279.7001842551929,315.7804503128213,906.4379415288342,486.24858743459293,420.32383372681767,124.01719178919821,26.14874001261921,476.6317900414128
1912,11,25,1,3781.769713394186,12959.204843436944,1699.857972027782,1747.7375526398894,66.88069676894577,127.11520410361531,193.47388933492178,246.3183236908802,126.77098572965761,714.0849334318997,559.4225801955303,525.6376401195596,117.43946054919125,25.277860517727643,1967.0359565935405
1912,11,26,1,3622.3088399740705,14404.807117532857,1365.26150791648,1747.7375526398894,65.68559039959807,108.87181832948534,95.85757147888474,230.0708983610397,159.04876694662966,278.20618798311307,509.0649162340723,419.4114498793517,241.46743550436435,19.175872271088075,617.5397744495627
1912,11,27,1,3183.5684505189934,13697.70109088966,1547.6705480290714,1747.7375526398894,65.68559039959807,91.80542518594429,154.77439633022232,208.41487605079612,199.76488239603887,270.773849859615,537.3967813065002,591.5668770970814,351.3910293743567,16.561289858942814,605.4255133465437
1912,11,28,1,3406.2586820764323,11848.982296931868,1779.7293860414256,1747.7375526398894,70.46356939512263,94.74790676241696,330.66082189318706,241.80755380904205,195.1537707936143,226.20258478804348,542.9032310288236,357.141252290036,207.6406438651376,14.817586941689123,549.2923530242946
1912,11,29,1,3459.0819546265625,15472.074625036761,1623.2245883118565,1747.7375526398894,69.26846302577493,82.9779804565267,199.6271440861599,248.11397788839238,197.45932659482645,175.83796580418215,542.9032310288236,650.1780352979547,197.31037086851862,13.946707446797557,582.3096528931485
1912,11,30,1,3582.666609166774,38397.67457531226,1406.2765583562293,1747.7375526398894,66.88069676894577,91.2169288706499,105.53185533785005,276.08724147211075,194.39293737921423,255.9205554473274,538.1782246663244,687.7188290215587,177.57717714844583,14.817586941689123,652.75739418847
1912,12,1,1,4339.932323154327,2601.2580349292607,2668.3528341146443,298.91038282061567,39.09355625130661,500.1983281476759,471.1483508698779,514.281852498262,0.0,135.14790639906224,318.9742756582912,551.697603762629,58.969899725020845,32.047587841369044,450.0279225212096
1912,12,2,1,9720.274993834655,2443.89390166359,1951.452926170908,298.91038282061567,39.09355625130661,429.67292972282786,3146.529292644741,464.1766100698976,214.82016177795498,123.25388903448244,318.9742756582912,462.1604347322799,59.86382418372096,30.16197822071182,444.2520828622375
1912,12,3,1,7069.002597473311,2298.7554333441976,2392.256784051621,298.91038282061567,39.09355625130661,381.92233869970966,905.4714759870118,439.6432141657553,363.9204554422264,143.79810084602937,593.4789722068664,458.5394113376789,60.75667032577683,32.99039265169113,472.0186194047831
1912,12,4,1,3585.1442485921034,2727.810188295981,2139.4745521325935,298.91038282061567,39.09355625130661,365.6563005450023,278.6764283047715,495.87098837622204,376.6701790228441,62.709357006592015,561.2762365375551,497.42977283556115,63.43736538523293,29.22014537411195,358.63963700775133
1912,12,5,1,4117.539408327873,2528.9779212243016,1926.19628984743,1507.1238906371184,40.243402706960005,460.0511095183057,348.967344170523,495.87098837622204,302.12003219081686,89.73893828640446,1138.6356678083837,397.03903761975124,125.08472521993299,32.99039265169113,742.7329743308704
1912,12,6,1,4830.802246120117,2917.968841723371,1624.8436034609283,1507.1238906371184,39.09355625130661,522.9849054758681,348.967344170523,306.72153477029764,634.6503453995753,122.17261472861165,771.3663751968825,454.9183879430779,165.29515111177454,52.784433849974434,610.8388002996758
1912,12,7,1,4471.9409517409285,2513.2828108200893,2271.909991314585,1507.1238906371184,39.09355625130661,477.4117508194838,201.6782290033243,339.4435465029598,189.32071461654726,65.9531799242047,603.446918321188,508.283339021022,187.62708782992547,75.40591751551483,629.3539919338388
1912,12,8,1,3217.1652411277837,2663.460235637728,2142.496713743939,1507.1238906371184,39.09355625130661,423.15239054934307,130.5503761885511,573.5817097936174,206.96974427482718,62.709357006592015,723.8255419516211,485.6733268012128,121.5154972847902,62.209566062080874,868.8263050681887
1912,12,9,1,3034.6127682621664,2725.662436346195,2363.977986116797,1507.1238906371184,39.09355625130661,380.8395054795738,119.67019585258521,511.20976941318196,206.96974427482718,78.92733341117545,723.8255419516211,465.7719541283024,109.90202753804256,51.84162903963929,608.5259640726075
1912,12,10,1,2534.72423778869,2820.7417630593445,1225.4865333927103,1507.1238906371184,40.243402706960005,374.3307362324239,69.45869405454812,474.3988583632264,0.0,85.41497924640068,642.5463459692754,497.42977283556115,132.23396425619347,62.209566062080874,509.03650085560196
1912,12,11,1,2639.5779382727633,2621.248649234137,1588.4697297815965,1507.1238906371184,41.393249162613465,368.90480020540986,57.74275555396848,575.6261594523597,210.90071691589426,84.33370494052988,633.3507566641528,559.8330264026125,114.3662582485297,62.209566062080874,431.52523270455356
1912,12,12,1,2855.6280961697257,2927.3033021211886,1787.608593099561,762.4787360826726,44.84278852957378,358.0529281513817,100.4218248116389,484.63192385048853,210.90071691589426,81.0898820229172,535.2069225887095,541.746917426292,105.43132692805358,52.784433849974434,476.6442918589197
1912,12,13,1,2039.2954582799966,8542.270352242682,247.72011121985804,762.4787360826726,56.3400298451979,358.0529281513817,82.01156950405745,541.8873314872931,198.15099333519024,86.49511536879177,614.9504915032824,540.8440375771683,130.44395870566063,59.382123594823774,474.3314556318514
1912,12,14,1,4819.008682454765,23946.60818500731,2301.268132681698,762.4787360826726,117.28066875391688,347.20105609735356,92.0536341067778,576.6429756847642,196.1797431251537,76.76478479943371,614.1781346940834,458.5394113376789,92.92177608947318,68.80822777066548,447.71508629414126
1912,12,15,1,2750.7743956856525,20670.460402684912,5831.044960368303,762.4787360826726,447.278038840031,390.6085443134661,54.39500775825006,737.1593168753197,0.0,76.76478479943371,498.39730571608004,593.2966048078825,101.85670740989737,54.669071506909454,547.2170513286537
1912,12,16,1,2493.0998954412653,34532.54712360126,2160.737617755198,762.4787360826726,862.3603769218751,412.31228842152245,52.72113386039078,646.1650812734487,191.28043704757752,107.0381889968587,608.8079832321914,548.076580368028,100.06993680914137,50.898824229317206,487.0583057895353
1912,12,17,1,5613.637198977825,13566.357798556857,943.356953541272,762.4787360826726,1140.6109867808507,500.1983281476759,146.45217821830462,470.30995904593317,1061.3510853090386,73.52096188182102,374.94742795010166,440.4533023613583,104.53740246935347,47.12857695172496,495.1469816755757
1912,12,18,1,5074.89928231324,9208.89951521071,1209.2963819036938,762.4787360826726,605.9446173111367,445.93896787753516,400.84564715983873,507.1208700958886,675.8506275670813,48.653929213750324,480.76031081378335,612.2855936330907,108.11202198750968,43.35832967413271,485.89563676730245
1912,12,19,1,3948.4652939367497,8145.431876542052,1498.4524875016275,3660.424093696527,403.58387352522226,630.3972529434711,235.15570696049193,605.2760880999418,626.8114556753628,116.7662431992572,932.3709669925505,654.796978525574,109.90202753804256,49.95601941899512,528.7018596944908
1912,12,20,1,5529.49656409002,16609.557100139893,1214.3692960368567,3660.424093696527,478.3238931426738,473.06864801260554,143.94136737149472,618.5596022844175,625.8315944598363,100.55168134511334,493.02715425445143,441.356182210482,109.90202753804256,49.95601941899512,364.42797848412084
1912,12,21,1,4734.9671531444055,14944.223280380638,1656.144563006672,3660.424093696527,567.9996842745732,413.39512164178564,106.28038345414629,734.0980509841729,190.30057583206238,243.26395515130574,892.5173556365145,481.1494235574881,167.08515666235934,53.7262666965743,441.9392466351692
1912,12,22,1,3972.944371460409,8980.08132668281,1167.8495940911994,3660.424093696527,416.2321845373881,447.0335710240059,425.1168186787884,831.2256355620797,190.30057583206238,344.9037399031044,892.5173556365145,381.6615681905657,140.27820606779832,51.84162903963929,488.20847299437077
1912,12,23,1,5014.246669178691,7885.884313958163,986.8329070070317,3660.424093696527,281.70014922593595,402.5432495876301,734.7481262496299,727.9647020081375,0.0,297.3276704448533,607.2814427150439,382.5644480396894,207.28479938817406,58.439318784501694,378.30499584664017
1912,12,24,1,3880.6770792571983,6136.209927236874,846.2915986458302,3660.424093696527,216.15890125369003,349.37849246396013,911.3300346295257,655.370513334373,192.26029826309292,296.2463961390241,296.73948610330154,382.5644480396894,207.28479938817406,58.439318784501694,393.34468223150185
1912,12,25,1,3118.6542975732023,5166.004286708889,715.8637382485513,3660.424093696527,186.26289340672253,436.18169896997773,439.34474681062613,1221.8020579197416,189.32071461654726,704.9339382537514,489.1926298603322,385.28259158516664,502.1396895963436,339.3222549830798,377.1423268244073
1912,12,26,1,3164.7383908860847,6595.994056243553,708.7832453306756,1127.845983749366,166.7277360697047,262.57528595806986,831.8328123255563,698.3147733605553,201.09057698173586,409.76881642055645,613.4148644355097,398.8447973177625,502.1396895963436,339.3222549830798,329.71043144297283
1912,12,27,1,3220.8321474777304,27046.805519111364,1086.8988366448414,1127.845983749366,155.22927151321406,113.92700167786515,730.5752293494471,585.8484077456886,188.3408534010319,257.3205211275671,687.0250116298799,425.9787127812964,502.1396895963436,339.3222549830798,421.111218773938
1912,12,28,1,4705.136374462331,59537.33617324682,1093.0510942107185,1127.845983749366,202.36074378584877,389.52571109333024,393.3250024638243,538.815248402213,189.32071461654726,276.7834586332956,483.83156494932877,406.0868441069645,229.62751927229988,102.7365654140807,421.111218773938
1912,12,29,1,5598.275834539973,34489.59208459899,981.7815797424211,1127.845983749366,1067.0208136190745,369.98763342554565,274.49174356017346,633.8983833213774,188.3408534010319,267.0519898805116,406.38689336083917,350.0132534818854,231.4067416569098,101.79376060375863,585.385099984308
1912,12,30,1,6407.274659730484,27418.531818164818,530.8318935949575,1127.845983749366,722.0791093321119,384.09977506631617,214.2322832372462,503.0319707785953,0.0,309.2216878094562,421.72499093705267,406.0868441069645,231.4067416569098,101.79376060375863,473.168786609509
1912,12,31,1,12226.6550365962,33774.22547353287,1466.0721845231694,1127.845983749366,601.345231488501,424.2469936958138,164.8647910947404,339.4435465029598,623.8603442500106,234.61376070435097,745.2970612480369,465.7719541283024,254.64446431632803,103.67937022441586,410.6972048433224
1913,1,1,1,55334.19986794161,193080.07795092397,54724.460876632715,9283.209793303173,141.54253075809106,6777.6567942352485,67.59930210766254,637.8189531006293,957.0356471080446,436.8526572970617,1119.4521460094381,604.1241716552483,74.12317698594552,37.14714527102981,628.9579002091405
1913,1,2,1,40147.07261685567,107164.0624033839,90788.00483055081,9283.209793303173,139.89754384381305,13319.10856004404,61.72074214184025,721.7443118386469,797.8976808724468,399.38509230737463,1143.9850083369238,559.5655742804609,97.01939578443088,30.392723808802586,593.3342851719766
1913,1,3,1,27291.792113497755,63261.902286714125,39331.115741810725,9283.209793303173,229.332454287575,7554.577128423771,127.11227426237001,898.5553315650283,1168.1444752811433,494.3838994215862,1113.1184985458465,735.2641086447969,85.57658398322508,26.340505485711734,563.6466477546606
1913,1,4,1,22088.840539151603,50938.95893844939,20810.3627563782,9283.209793303173,1758.0081545041244,3982.4532972654015,1850.1244892638497,1807.134570856895,3343.06841122062,2978.343376003576,1426.6741343721471,2152.3267342807644,621.3104501709314,263.4050548571473,447.6238580360536
1913,1,5,1,17309.59174107641,39251.60933961146,13963.83225174435,9283.209793303173,2933.8055175580243,2769.6409007802968,2876.6382333071033,2926.139354030526,8414.307172386938,3350.9798541193636,3940.5709681667813,3110.360203820558,1512.015986721119,1088.7756577490422,445.8027682962803
1913,1,6,1,14422.68447991197,31744.582002629584,9564.59594749912,9283.209793303173,1507.7409911284042,2036.1271828486924,791.3547954078056,1785.862461329872,8420.834728005342,1501.1850695827616,2931.917566394616,1790.0617149726309,660.4800751826828,390.3818048847945,365.86855269732365
1913,1,7,1,13248.366062695308,26264.433570070458,7408.221555572025,9283.209793303173,1056.3925915152663,1687.2973393923978,638.5155462947095,2094.7671597483622,7794.093395183228,4890.28857004754,3032.9352348018574,6588.025635913665,2192.961090702088,707.8164373831781,394.6417705857494
1913,1,8,1,12604.41685493641,18864.570295492085,6302.917416060415,19367.46339016398,3815.46939952224,1460.3878004893363,3765.704228147903,10836.532918014813,20760.50667015163,18454.504620461314,10362.328287024884,11174.30078035484,3603.752203797351,1200.5285241035185,361.29645505280394
1913,1,9,1,11098.247312248714,19447.505841841627,3361.067505147708,19367.46339016398,8288.769884464376,1352.2447393369496,4708.392222677573,13393.01198022971,24558.008144564235,15168.77826334239,13676.669883818868,17313.905324977215,5430.282512034041,1626.3916829915916,343.0313124287803
1913,1,10,1,10263.681237776033,16690.802719326544,4902.074429245343,19367.46339016398,7559.083151744343,1352.2447393369496,9389.642445512784,9772.162257870837,16368.805647543628,13437.255442119233,6986.8148799175915,6082.587180713816,1846.4981778327772,623.7301912149786,395.0989803501945
1913,1,11,1,11342.197395556295,14857.00389285485,4593.554490022882,19367.46339016398,7962.391386249093,1012.3784036354255,8219.143702305097,8728.451560217118,14710.998507424656,8186.476765000771,12420.3628489431,8220.265807692094,3054.106030099241,938.7820179433992,311.5148359536497
1913,1,12,1,9584.867908799379,13818.62108129077,4359.97447408602,19367.46339016398,3520.844877562633,1015.2002486693592,2878.8724832941066,5112.116422254275,8607.829997776586,5690.441845087985,8961.710297281648,5796.161555665135,2267.1274634875867,814.8616327635508,358.56094578410597
1913,1,13,1,10063.187849470864,11449.925770926759,4114.2097522376125,19367.46339016398,2214.5943233965663,903.405388061313,2171.277237400233,3481.73930825808,5968.105704427961,3621.2144449584703,6242.651389316755,3916.9511446367005,1363.112730590283,511.955597148318,613.4282668538149
1913,1,14,1,12114.541384003205,10464.201162440733,3746.1201396704323,19367.46339016398,1568.4663787101,805.4292685751327,1548.169741016062,2768.3584553089477,4641.380025008109,2657.218150275454,4649.69896583585,3035.8596150672415,1008.173660831194,350.53318073169163,678.747268626336
1913,1,15,1,10612.322449952382,8026.680656825388,3384.879446765485,5347.253961536636,1233.6583455609662,798.5157482420645,1290.9827425085477,2461.213679621081,4508.429076017662,2132.087086778008,3904.813920460616,2514.5130003237714,755.6982876280454,280.28748722734633,678.2900588618566
1913,1,16,1,9135.486176391136,9029.68085123345,3429.397424572975,5347.253961536636,1016.6182810506912,798.1090705754721,1119.028243506338,2038.7557058860039,4021.1662478042285,1850.4154020352519,3342.2417147349856,2140.1987314604216,611.0657105455055,229.97334837028305,15912.449666590483
1913,1,17,1,9600.571578129773,8161.282414516293,3154.7238906600955,5347.253961536636,860.7128048470636,0.0,883.9354948705417,1880.97480716452,3454.6128175216113,1885.8792591007639,2515.259770590508,1969.6191593252463,587.5606754780952,195.8680828055907,517.049998370608
1913,1,18,1,11071.580703952011,9614.279288206888,2796.5094645831336,5347.253961536636,854.574793972917,798.1090705754721,817.8016952543218,2249.181249767862,2588.3677895867886,1840.3968624142904,2629.5861159468486,1966.3902754575984,532.7264605219739,181.34672849317036,550.8525236679985
1913,1,19,1,10237.01462947933,8890.644718546764,2906.331094987667,5347.253961536636,1940.9208785540795,0.0,1546.6802410247267,2412.5479901997405,3827.643422414579,2209.6642741087885,4095.6250718968595,3660.373007048497,1440.8651697521786,391.0553639626226,629.872319738065
1913,1,20,1,9004.918560952883,9194.768937022742,3342.033879573693,5347.253961536636,2648.674452417084,811.1227559082905,3741.4584782886636,3403.384487554427,5018.730335824854,4848.175239782271,5299.258608245813,3820.793407989969,1401.09243357711,575.1035713378585,600.6418920851942
1913,1,21,1,8814.005398591395,13629.236315836833,4046.7558574205905,5347.253961536636,2219.913932820841,880.2496596948338,3520.2677295721746,3722.3130936996613,4800.537189936632,3274.7325614285346,5983.773570834765,3285.4287120645163,1290.8208925015792,553.491740281364,558.1601305812163
1913,1,22,1,7847.390230441535,15076.874986406405,13481.222331329429,3435.7648853051383,2468.953494021707,1420.135011035042,3249.9234811409547,3610.3667043545292,4604.710521387557,5038.882131151996,5539.776866358503,4331.980851539736,1487.3210296288132,485.614367405528,571.8686741967686
1913,1,23,1,7887.8839689664965,12798.714832210771,17925.056251982704,3435.7648853051383,3144.625731049149,2026.001738903506,3947.1749770948954,3645.6416773470473,6388.07711369385,4751.181590708133,10116.197936222854,6041.241716553627,2567.7865285487114,951.9634966708865,556.3312915234015
1913,1,24,1,7507.835418129356,12693.398426055437,8655.123127179038,3435.7648853051383,1744.8318911609251,1314.4818131478987,2499.7119854943953,3749.17104493689,3994.3840710763384,2947.5784799993053,5208.743570442706,3572.5631164988295,1396.2838445723385,524.108630832229,540.801658168076
1913,1,25,1,7494.600879196907,15886.148423177272,13431.05001287041,3435.7648853051383,1212.7072684438458,2304.4514473963977,1848.7177392720623,2881.9117306255353,3542.158857578813,2093.254163291292,3988.2737560258793,2841.102790556634,1089.5936678780965,388.35388508056457,542.1732874614456
1913,1,26,1,7481.366340264459,45938.27730233264,26956.07357460067,3435.7648853051383,979.7083756607453,3877.5470583577453,1538.6534910712794,2346.512628610638,3038.96111417967,1844.3865463341447,3622.8463491997904,2425.4430575329675,858.7813956490143,337.35894457493504,526.6436541060856
1913,1,27,1,6598.997901289281,32908.60543908048,16255.83118071215,3435.7648853051383,832.8053154058935,2505.7153946678036,1277.7427425853602,2152.921128239358,2505.237448918503,1583.461217974698,3422.895503955432,2065.068116586474,750.2702871582461,294.1352824619385,511.5712305152052
1913,1,28,1,8888.375606174694,32042.0546586115,10579.191720781006,3435.7648853051383,736.0129759276338,1873.1241344194395,1038.2642439750396,2081.2999249399554,2846.49421690468,1447.0140279151933,3628.458441889131,1886.2194516193622,698.4516280186832,265.0925738370904,509.2851816929453
1913,1,29,1,8295.191719395349,26002.066382806977,8563.538736341307,4195.134205267713,665.8514196287638,1588.1177859947816,974.2984943462371,2026.5127651511316,2186.923119061286,1389.4739198264208,3490.9621710013253,1739.1871057392418,673.7403706246671,255.64101903523746,492.84887812673657
1913,1,30,1,9951.583155488168,23664.781228664287,7129.645730223629,4195.134205267713,617.4429738678787,1337.2225643035151,687.7517960089887,2018.0957433958422,2615.7259271048356,1370.0574580830626,3104.4493302140427,1860.7821470026674,685.7944437400164,249.89766044683446,583.2834196720539
1913,1,31,1,9841.855000607606,22119.21677693286,6401.5100037624425,4195.134205267713,579.6982989990544,1272.15413763929,350.48762296610687,1929.1048679286775,2655.08324774452,1285.8307975524401,2983.8695101468866,1779.2725176584233,595.4011206011355,247.19618156476892,505.17804313091204
1913,2,1,1,5518.901500054589,42926.59761754833,2267.151685540429,13201.776971075346,3102.887257104851,688.380796477536,373.8810478303854,1179.301266293171,1611.634283465805,928.0891394041588,4944.013141013194,2832.282424869066,1380.5540534211557,351.8730563166322,1392.1649861707044
1913,2,2,1,5514.4570653386045,46059.298786598636,2446.179259978236,13201.776971075346,2875.5353343260063,668.677678505489,1626.2029905632678,1405.4130779916577,2643.276051552649,842.1158839131543,5103.476746141998,2751.3240683801996,1300.8455780538839,270.7272938645565,1365.7398116489042
1913,2,3,1,6424.973590849011,80783.22648966828,3298.9493965795214,13201.776971075346,2584.102578020945,696.8297324907968,8572.072450257077,772.2234868563858,2143.726059822499,908.3180390901924,5336.619111006034,2569.9552989309436,1179.734336340465,238.6789183870091,1231.4441299882324
1913,2,4,1,6068.1348657520075,57294.89643271914,3385.835109974285,13201.776971075346,2376.7196506193436,687.6836347632732,2066.0192380110507,766.1785348684866,2754.3404905287953,917.7159612125041,4909.779375608455,2434.0271634252827,1093.9947493401057,210.03455115227786,1155.3458268198929
1913,2,5,1,5331.938946329576,62192.10931892872,2591.041874703291,13201.776971075346,2204.200624982993,653.8961902543018,1135.8264934089004,1207.0774380855976,2961.9743552697423,929.7736726148037,4719.689778946756,2350.0761828638942,1023.2514399139569,197.75839376596124,1144.0318224791808
1913,2,6,1,7900.920977467141,71265.02532637429,2458.0454114866093,13201.776971075346,2247.00302081214,696.8297324907968,3069.114732190214,966.7332077827689,2427.0027749638075,910.0025723007521,4482.939640211022,2240.766650950937,945.9880098033472,190.94313470960577,1115.9792911686436
1913,2,7,1,18945.143716611135,79442.75188150145,2353.320651528533,13201.776971075346,2119.4142347746024,2582.4861786784936,3862.438977586615,4291.303764356037,2979.2531789651885,971.8870028800724,4597.346158319992,2134.4497431105024,881.846322570212,191.62393635817202,1037.7886721290458
1913,2,8,1,19034.032410933607,63655.45306760973,2657.8586607146835,8281.66218055997,2149.3677278404984,2918.2027422713227,2904.938733142874,5349.705990891699,3130.4428863009425,835.2447616066821,3153.7555731271955,2074.754768189672,870.4361113724271,194.34714295242193,1007.5663317668705
1913,2,9,1,48529.276491471755,41357.013634588286,2947.5838901650313,8281.66218055997,1980.449668583646,5474.71134754947,1607.501490671762,7407.132181398581,2639.4363129535463,870.4781036013158,2260.791453507244,1965.9965091322197,803.2788683227334,186.85108224750024,982.7685140337735
1913,2,10,1,26937.224988366892,32356.156220828565,4972.554590890112,8281.66218055997,1846.477351237016,2572.609721059825,1063.9167438261327,3906.033723103365,3007.955224992801,902.289183389,1132.6004774529845,1900.3950393314708,754.1253085129242,177.98617567473042,905.6627995200121
1913,2,11,1,19191.069104236758,27045.99216311559,12124.180574914948,8281.66218055997,1739.5941218816529,1702.651496194523,1063.9167438261327,2719.9223210263594,2851.005909758565,867.0381094659554,1575.3945906384865,1809.986291034532,706.7647818913279,168.4404674533944,884.0422021840097
1913,2,12,1,15540.706724057776,28893.64841144977,14802.426717416174,8281.66218055997,1649.8154828289355,1609.7795964020881,740.1656457048276,2154.2984590720607,2808.8647786346082,878.209224441564,1230.8922722683326,1760.9230068977831,688.1824379406916,148.66100679143295,834.4465667178501
1913,2,13,1,12027.627993998774,34068.009734909785,34598.193700512726,8281.66218055997,1567.1569363902738,1373.989545186495,722.4323208077562,3145.823621843099,2799.2654321370237,793.9914298752749,1426.834479877553,1711.9384760261607,656.413149905768,148.66100679143295,866.7612229512494
1913,2,14,1,10215.286281978122,43613.00191380426,18729.406119340983,8281.66218055997,1495.874170105031,1210.654514988552,2035.070738190669,3113.532865654738,2252.870629499094,834.3847630728208,1405.6688731635832,1685.319872433457,640.2269503066622,139.79610021866316,863.0415502912883
1913,2,15,1,9964.42263355701,34818.1581717336,12218.154123774562,7071.353576567242,1443.0872765872625,1138.863457508216,1589.7929907745684,1683.327832674811,3325.6935940602048,1032.884837032787,1394.765378795861,1665.7890626968078,634.2284392769662,142.52654938364373,852.1925050330625
1913,2,16,1,11802.443301715342,30176.84567591772,9130.565573528555,7071.353576567242,1411.742501056569,1134.6306899573485,968.1749943817332,1774.2316676316727,3687.3969700861467,1224.4783248291174,1219.98877790061,1687.0524442649707,631.8322949254358,143.88815268076868,786.4007948600133
1913,2,17,1,18918.477108314437,27788.74997494592,6941.061523698537,7071.353576567242,1540.067848398975,2098.2077735946386,745.7429956724867,2818.324957183407,3503.665478123849,2779.834436079447,818.6439778630967,1849.599183363208,687.5874769282293,263.2239905889117,854.3623140847352
1913,2,18,1,16706.13627184207,24722.564430835384,5943.428772371721,7071.353576567242,1520.8354143266322,1645.6336274211699,573.4905966720761,2741.7300592104716,7476.259032650856,6225.680107849044,1250.5345966808761,1782.8164145864505,639.0288781308823,180.7093822689804,857.0745753992745
1913,2,19,1,26747.59577381213,43334.929648430116,4973.271338296534,7071.353576567242,1388.990940749668,1589.36271762737,992.5034942405871,2483.3274913236237,8654.38682828946,5649.924388390624,1632.237072305846,1719.577542737593,608.4576622717386,157.52591336421025,644.0225744819795
1913,2,20,1,16571.815578199148,34101.267547380055,5081.022365082357,7071.353576567242,1341.9328573811263,1563.9661123221651,1103.884993594207,2451.0367351351683,4801.4011311213535,2742.065428304641,826.6612531335196,1791.7155335390182,613.2499509747995,141.15770351578814,867.8461274770857
1913,2,21,1,22140.198451426968,44856.474568932936,6849.636410062152,7071.353576567242,1287.0181200936604,1705.4733412284565,1294.9547424854643,2835.6181109714908,3996.5919207706247,2012.4852288246109,966.482533849779,1762.7343319942966,594.0644958608165,132.97359859157706,757.2943562958402
1913,2,22,1,13988.117529890606,33777.003875796865,12708.72790426234,5847.542051316227,1237.1774717954925,1211.3184785259325,1504.146741271523,2511.1036631159564,3558.189766229662,1658.4672756682278,1320.5254097917818,1717.2149447855747,576.0852630734976,124.10869201880726,860.329288976749
1913,2,23,1,12162.936339801116,30029.03317605123,7846.552413982072,5847.542051316227,1196.502919736043,1383.7830073629912,1572.5809908743977,2014.5758979345017,3659.654858708224,1463.4160618079552,1469.085520552716,1606.0940877761045,576.6802240859599,107.05968052182638,758.3715115036006
1913,2,24,1,11662.196695117507,28343.970677570494,5635.147748951638,5847.542051316227,1142.4065838984802,1309.9170638283408,1212.866742961794,1802.773023220035,3271.169305954392,1393.818242316883,1764.762632525934,1765.6482028018193,548.5051525783175,115.9318296653268,767.0042518019393
1913,2,25,1,14284.413177632572,24028.769509585978,5232.494983667981,5847.542051316227,1094.6119392250066,1473.1690985841112,838.4229951346673,2252.7010952291084,5436.87786925616,2934.545512527663,2239.6258467932744,1543.485242047878,514.3397201918635,111.15173298393191,697.423125106556
1913,2,26,1,12068.121732523734,19778.236310293047,18156.008194095546,5847.542051316227,1065.3950074640104,1399.303155049461,632.2596463310344,2046.1779887066052,4406.196035819177,2050.2542365994173,2788.80920281747,1610.268010824636,515.5377923676434,106.37887887326015,714.6808563851577
1913,2,27,1,10251.82941186621,17784.615218340557,14177.26370169705,5847.542051316227,1056.1470710802892,1290.1641485910034,501.04297209244453,1623.2609046939294,4041.5168623790246,1495.1562138815693,2661.33452601773,1593.0997990400049,527.5266642761508,115.24378544603745,793.4526742778635
1913,2,28,1,16965.888789695553,17032.619125268568,10009.775725571877,5847.542051316227,1048.290417161365,1228.9965077088893,394.65129770986437,1413.6770629876846,3570.6689166764872,1411.8161497776377,2635.9197634104403,1557.6608297598598,516.1409035309316,125.47753788666284,784.2309858083752
1913,3,1,1,8124.5254262961425,12978.861316423054,6255.134255623276,11994.285523316064,772.7673850421088,4023.9510183522843,954.7694944595157,5875.54029545745,3925.4607632241486,1471.3067700050115,4610.414317010763,3000.814412112475,1088.4526467583328,185.05492470661278,973.0043733013841
1913,3,2,1,8192.870955708626,16069.066391762206,9504.866996952816,11994.285523316064,1456.0180194954844,4023.9510183522843,1305.132992426433,5424.158374236091,5651.903230800233,1744.9990869080596,4775.890878592347,3111.6202560616935,1088.4526467583328,249.02855195930948,868.2335933791577
1913,3,3,1,8704.869835006246,20589.357403312093,10026.499831724805,11994.285523316064,1467.3119595039636,4023.9510183522843,1102.5609936019016,4944.847244463135,4738.141437702848,1482.0345867673598,4648.977411061599,3210.0618373954435,1085.355589433222,226.29412243975563,934.1027967326214
1913,3,4,1,11021.210443836064,22111.82615193938,8622.4713008804,11994.285523316064,1233.576505415963,4023.9510183522843,899.9889947774363,6162.943329210165,4329.305270374219,1389.2079408983793,4643.365318372259,2963.5641177358166,1070.6038163846688,211.49030786888596,1007.4888385864562
1913,3,5,1,49442.85473867552,67549.38861097368,9257.98733469426,11994.285523316064,1494.646567930208,4023.9510183522843,1152.3764933128186,5728.089377980953,4784.602274750751,1877.633912333014,4774.2874235382915,3349.8488828893833,1171.8286900105827,210.9616002056403,999.1970682819408
1913,3,6,1,88972.6447560694,90583.19523083275,16032.04671266495,23760.284248383607,4430.170728533041,4023.9510183522843,4738.926972500412,6138.763521258663,9144.241480057226,2738.6077022407844,4624.845412497553,2855.199625003616,1045.6643547667056,447.3084108177857,969.2847006414231
1913,3,7,1,51430.01088286406,74461.47063599249,12120.995030885617,23760.284248383607,2924.2302205943543,4023.9510183522843,2616.8859848143934,4840.552693077357,5688.284754025879,1916.7328147477715,4330.771755578391,2706.3559540269825,1017.5463343150791,376.9830490354185,949.8339123570589
1913,3,8,1,35953.50154915009,53118.26948335946,10474.068767819204,23760.284248383607,2241.9289318228102,4023.9510183522843,1703.6569901138355,4446.406519791795,5617.537570339278,1699.7826691495425,4613.621227119021,2677.3747524822606,949.8185807054597,315.6529600989574,1014.9281839063783
1913,3,9,1,28986.603218580793,44356.68355375906,10373.724130901162,23760.284248383607,1948.859372617975,4023.9510183522843,1610.645990653529,4955.024188949048,4810.904484153968,1637.6322596422663,4230.315296439995,2703.0483168942083,975.4915559004535,301.90656085457897,986.4881866937346
1913,3,10,1,42430.52440878617,76990.91203996177,10226.392719553434,23760.284248383607,1856.5436890706403,4023.9510183522843,1090.8932436695975,5842.48435547306,4558.44167126959,1638.43019642622,4002.945369770705,3358.11797572132,1091.6312055919964,295.03336123238597,1110.7097549003595
1913,3,11,1,66110.47257631147,104392.57803088262,9727.058692985349,23760.284248383607,1727.399940278331,4023.9510183522843,1157.3414932840471,5450.86328871415,4955.27865547641,1560.9416687380915,4144.370105541019,2961.9102991693026,1079.1614747830001,286.5740386204562,1095.0561324563364
1913,3,12,1,55789.507513305165,119173.82801755606,10416.728975294778,23760.284248383607,1630.3375283216155,4023.9510183522843,994.6549942281083,4746.511604557075,4216.224968633553,1512.7108231289785,4056.0197320609614,2923.0061862262573,1075.2494023723352,258.55253246845365,1229.7392800190805
1913,3,13,1,87424.99382269772,154279.29673590546,16913.64602273015,20520.554579616917,2879.0544605605323,4023.9510183522843,1157.3414932840471,4818.974510031997,5020.842192054342,1436.020232224889,4226.30665880471,3619.5000624786853,1227.1682143197293,254.85157882573438,1221.5250028950143
1913,3,14,1,90655.6040352426,127488.28113505988,21296.158220822454,20520.554579616917,3122.119691177226,4023.9510183522843,1137.3987433997177,4986.77931648032,4498.925722985047,1583.9931758306955,4144.370105541019,3893.24641185152,1229.5317580678386,254.32287116248878,1306.8449945328764
1913,3,15,1,53602.84563297048,87502.22843673524,48755.547752027756,20520.554579616917,9304.406083775222,4023.9510183522843,4420.173974350129,6237.931341211645,8212.336922079503,3001.572202381484,3912.1898137094167,4221.568773915769,1347.9534499989677,269.65539339660404,1252.2123023396762
1913,3,16,1,41249.292426455584,61042.86713246479,26561.066114987174,20520.554579616917,6053.961045255559,4023.9510183522843,3472.0244798521408,5379.701195692348,6869.484340543662,2185.8148302322306,5149.495906194264,4274.569721305924,1371.3443829543755,282.34437731449873,1294.8335515684
1913,3,17,1,34023.62923019183,51201.32612571286,19514.64272252469,20520.554579616917,4760.06835298282,4023.9510183522843,3309.2552307966544,5177.539636806609,6844.238059255275,2054.6872187325316,6209.29952419182,4625.25801064922,1450.8083537959603,261.19607078468175,1346.5215029057836
1913,3,18,1,27630.55680408272,43468.884726434124,19822.04772133677,20520.554579616917,5203.887459257014,4023.9510183522843,3367.428480459079,5607.266856603026,6070.91470541626,2692.593347698314,6087.196421823238,4808.831871520368,1457.002468446182,281.81566965125313,1332.2627577092544
1913,3,19,1,25269.08049158055,37285.70309138394,21597.19213157634,20520.554579616917,6167.964367224946,4023.9510183522843,15792.837408355597,6426.090036631794,22489.348974352113,16106.797282725029,6440.678088496248,4855.13879137972,1478.8448727390344,323.5835750476341,1318.0815056931742
1913,3,20,1,26639.941688465908,39568.4823862004,19086.983436612314,13404.806506539157,5418.799679997592,4023.9510183522843,10718.607437800914,6126.061470246192,13118.466923488706,6436.33541881821,5939.357865836554,4782.37077445779,1527.908780889436,676.2460715737769,1473.7653051486054
1913,3,21,1,39090.28480657662,45668.519490076455,15872.769511207818,13404.806506539157,3885.52456363266,4023.9510183522843,6953.9789596466735,9546.433038070365,8292.107491473704,4486.621216999441,6283.218802185087,5959.338320884003,1933.1342814272427,403.9471398609373,1555.3656241265064
1913,3,22,1,34362.3939207764,42221.716758808325,15799.501998537678,13404.806506539157,3510.451179149028,4023.9510183522843,5554.262717769116,10499.85204780399,9146.257342821576,4583.26022750297,7629.8805293585565,6156.221483551376,1961.9043139473185,650.3393960747494,1536.6122744658721
1913,3,23,1,27953.519060120983,37136.0429352685,24134.477950788027,13404.806506539157,5809.831892754017,4023.9510183522843,9999.509941973767,7692.392700522659,11213.956578384008,7681.382780745333,5864.636860316259,4696.372209004635,1686.9182240811583,798.348571500546,1678.8122605289527
1913,3,24,1,24837.47649803664,33808.41403201896,23432.861878369433,13404.806506539157,6004.938798407262,4023.9510183522843,9737.192443495995,6868.59582582036,11103.564093662644,5563.037938580184,4887.571523109423,4399.393646437125,1270.7715213969104,1029.9659834264035,1653.3944973525406
1913,3,25,1,23527.849735017637,31515.47262783637,24540.634814503715,13404.806506539157,6544.920075043297,4023.9510183522843,8863.352448566808,6187.046618782083,10298.178922522104,4956.60598276006,4873.94215514966,4492.873772071586,1477.2963440764788,731.2099408391063,1758.9402090789454
1913,3,26,1,20626.12769146632,31339.02145612044,20807.177212349106,13404.806506539157,5040.861890439362,4023.9510183522843,7093.4954588371,5990.0117913291415,9309.830207139186,4795.600071682696,5120.6337152206825,4044.6101873102975,1259.1168056734973,585.8370611588145,1779.8633677912183
1913,3,27,1,18835.51432694648,25156.76364919396,16569.60726758265,6544.836790818709,3608.413832700618,4023.9510183522843,4479.919474003436,5926.425017887013,7095.644944024823,3502.9424816450246,4527.595863467269,3877.4957588381503,1309.7292424864252,525.0284373148609,1969.2567007275425
1913,3,28,1,18033.54077372541,24020.455056468796,14823.929139612863,6544.836790818709,2970.4699025129926,4023.9510183522843,3315.957980757796,5472.517990139094,6908.841661183345,3129.5967263879347,4362.119301885685,3755.9007175747247,1110.295051051185,477.9734552860238,2103.242409666557
1913,3,29,1,16456.260275579978,21763.542949128354,13542.544053890402,6544.836790818709,2609.4730229674665,4023.9510183522843,2492.3472355371337,5397.453459757936,7328.909063914203,3090.4978239732627,4060.028369696099,3904.8231418163577,1220.1590845839828,463.1696407151542,2069.5328761856636
1913,3,30,1,14519.47439150739,28770.779270935596,14808.001419467151,6544.836790818709,2502.0987527421807,4023.9510183522843,1773.3324897094678,6114.583713307161,6748.340587745086,3115.056544991122,4223.0997486966,4258.819068292554,1349.501978661494,523.442314325124,1951.2782828710524
1913,3,31,1,13629.599796122871,20889.601543665896,16730.47724105445,6544.836790818709,2721.6758617471046,4023.9510183522843,1408.073991829064,5932.776043393249,8353.639302522766,4166.914545553922,4930.944982322424,3942.860968843773,1282.5077386289051,640.2939504730901,1888.4313135538202
1913,4,1,1,16207.3719314769,32253.61129904588,13625.368198648062,10004.790362406558,1442.8417561523167,5441.762157006495,7336.863207424854,6964.167281932511,11857.112793716678,5383.8568007566755,7320.253358414618,5528.794220762724,1402.233454696903,523.3047054812647,2005.988468244667
1913,4,2,1,15690.829852246996,31649.42770584037,11014.018480758787,19831.808452134224,1366.0757001528243,5441.762157006495,3762.9734781638103,5378.782975137149,9049.687917056775,6037.012388260573,6334.529363915882,6022.419686202607,1142.080639387819,401.4701806714836,1727.9429369125912
1913,4,3,1,40707.07139108799,38740.73238694699,26813.5204792967,19831.808452134224,1331.2117983876046,5441.762157006495,13777.874920048287,13034.14077993676,25105.170894921917,18116.711381912388,7161.671653565618,6584.402985720638,2447.3272989037414,492.5599927350122,1710.5844644994513
1913,4,4,1,41129.78651519954,35511.02926485853,45116.06369873276,19831.808452134224,1262.3842364520394,5441.762157006495,36403.379788754544,25606.110547129483,41072.723858869984,21652.45793134311,8678.700480235613,6907.212619230221,6106.419027010239,1886.6896750058258,1562.4949967247367
1913,4,5,1,33397.457761297264,30328.35348828133,33161.51334336968,19831.808452134224,1199.0399642307236,5441.762157006495,22084.31987184673,15626.583480560528,25994.07038059079,15725.560819270795,8953.693022011224,7367.840466606977,5262.552407426883,2262.651521568406,1698.4955283545603
1913,4,6,1,27304.631591566595,29693.68356697898,20043.443031362323,19831.808452134224,1190.3649088618963,5441.762157006495,9849.73244284289,8964.893353160687,15281.199689376435,8581.987430923858,9067.538330851203,7793.108097968716,2943.997492040786,1100.0016423795983,1505.072550036617
1913,4,7,1,23233.529391594107,27595.66989699486,16263.795040785006,19831.808452134224,2254.041273281161,5441.762157006495,5977.694465311944,7395.118795802368,11737.120962497902,6720.400913912828,11914.472779379275,11440.48681628124,2378.3770226658053,833.1129110016128,1520.958652021849
1913,4,8,1,22902.66591828249,29502.451145276096,15854.452633040224,19831.808452134224,2937.8975248074767,5441.762157006495,4988.749221050732,7462.454969844589,12137.413711443776,5811.994215179983,16481.112773413744,14942.644513810286,2128.248892909056,715.3414683710148,1459.7390394933195
1913,4,9,1,19685.882835965454,29765.742160663278,13608.644092495137,14953.271001895717,2259.6064031404135,5441.762157006495,3665.41122872995,6846.405495738232,10538.162584959657,5154.051006972193,11083.883061363247,9589.785087207023,1944.2184865907886,628.8941441450291,1393.2498906965404
1913,4,10,1,19299.710841742,28558.298802377518,14144.61187539817,14953.271001895717,1877.3310858977864,5441.762157006495,3918.129727263392,6595.348692292402,10582.319578848304,4766.963007102245,8564.053443868463,8306.894399265753,1791.9736686091553,568.5562873984911,1393.2498906965404
1913,4,11,1,20234.029784287955,38233.55074677964,14984.00272707721,14953.271001895717,1667.5747942915098,5441.762157006495,4439.537474237754,7044.435062125956,10527.603303812382,4694.350759760661,8262.603893700498,7754.203985025671,1626.1180986987913,511.1227015144387,1473.3003460661187
1913,4,12,1,27203.891071334303,57614.54096368073,15982.67078021338,14953.271001895717,1544.1598556484275,5441.762157006495,4065.4247264086875,6823.1439083418345,11151.560826150224,4546.821114368116,8277.836716714317,7181.667747988686,1464.7451117589594,459.4904147846192,1350.16368238533
1913,4,13,1,23714.515993094945,43637.945273156576,15413.254785004014,14953.271001895717,2436.053755736242,5441.762157006495,3428.663480103722,6797.204177659709,9733.737348468803,4354.518349430484,8248.172798213707,7389.025094910014,1560.8353903458628,457.16554958048613,1339.6246098487622
1913,4,14,1,21528.84176491968,34574.26754695343,14498.207262632955,14953.271001895717,2515.2750160853802,5441.762157006495,3110.241481951498,7411.952839312948,10306.818334369826,5299.186842012793,9169.357726785618,6637.403933110792,1943.3219699966821,605.1095418697147,1391.7000270882177
1913,4,15,1,24630.069544617145,35775.24410837096,15981.078008198714,14953.271001895717,2132.18129739285,5441.762157006495,2960.960482817776,7311.025096629247,10410.491276542847,5104.401607080562,7991.138953043808,6122.5938393678725,1976.900591521529,879.537789376998,1440.0557716677122
1913,4,16,1,37807.32465185472,36242.70113919903,20027.51531121661,12194.400759228025,1935.11022825985,5441.762157006495,5404.650718637269,9613.769212112587,13009.034373417206,6639.366000518191,7441.394387750767,6652.682066533784,1776.5698834921825,669.5032382247127,1450.6723373846946
1913,4,17,1,29295.738344391604,29891.3827855501,18723.831417290006,12194.400759228025,2212.8756803518204,5441.762157006495,5754.84871660509,9131.703420674226,15003.778575598579,6418.071532429414,7919.7050303844,7755.38528400168,1907.950315283593,672.4075090871983,1600.234175587283
1913,4,18,1,24860.192497696466,27447.857397128373,14979.224411033447,12194.400759228025,3323.282767559678,5441.762157006495,3462.4254799078103,7338.189121384907,11664.165929116842,5180.648899771391,14153.697762409109,12842.294934473664,1596.2070450589229,555.7948777733052,1719.6511666081105
1913,4,19,1,23882.4168601485,26701.404272801683,13239.91737112185,12194.400759228025,2965.559493813669,5441.762157006495,2702.2839843188603,6815.3390336233115,9808.612251149414,4742.758924655079,16687.156747863657,11787.788715226636,1573.5496256805166,518.0828119853767,1743.0541070936792
1913,4,20,1,22715.999660205183,25210.345680395716,12859.244859639399,12194.400759228025,2466.1709290921126,5441.762157006495,2268.508486836034,6542.244936854523,10015.958135495453,4863.690677248427,11750.92036386256,9284.222418747071,1704.9300574719273,491.9733445059291,1907.0296768536257
1913,4,21,1,22471.061924738584,24319.775368698894,12801.905067114974,12194.400759228025,2151.9866124801506,5441.762157006495,1920.2964888566378,6688.548078637071,9398.432175311047,5352.3826276110185,10564.363623839661,9212.55694753615,1839.9780571483454,506.4802136768957,2162.369706323828
1913,4,22,1,23155.50487102204,23913.290994065283,13396.805414557102,12194.400759228025,1934.2918268099784,5441.762157006495,1589.958490773598,6669.112410220443,10557.361277954655,5260.442578168729,11375.711881206733,9681.92640733535,1909.8248499803876,506.4802136768957,2265.9005953594237
1913,4,23,1,22709.086095091254,21858.69724591756,12765.271310779788,16165.619615575093,1788.698208874921,5441.762157006495,1584.00049080819,6199.289559517049,9606.066040051994,4932.66787924085,11859.15358001334,10103.256375443809,1623.3470474078904,509.9638901977337,2265.9005953594237
1913,4,24,1,22798.96244157274,21555.681621190335,12342.390340911174,16165.619615575093,1687.3801093788102,5441.762157006495,1452.6762415702408,6050.461311207943,8849.061575258907,4512.953130870596,12464.4578629305,10291.476678953864,1619.7609810314646,448.46722213449067,2366.409250358788
1913,4,25,1,22061.18627869588,20860.039043692752,12596.437477235131,16165.619615575093,1553.6533124671262,5441.762157006495,1335.2539922515984,6116.496672796952,9604.146170752614,4753.664060702731,10846.571713358668,9449.604275387832,1531.820853300101,431.05608210103856,2303.7172674023504
1913,4,26,1,22366.370795869814,20777.81834064156,12749.343590634073,16165.619615575093,1429.338132229169,5441.762157006495,1269.5504926328829,6415.453981868376,13481.322221094448,5253.172487470322,9804.325928203238,9677.20121143144,1636.0612827425439,451.36425042624563,2107.2720550481754
1913,4,27,1,22228.099493590416,21454.060527532125,13947.904531598635,16165.619615575093,1427.7831694743656,5441.762157006495,1215.8457429445311,7928.069309670292,12481.070316054522,5929.379582066824,10083.327107614134,10511.985821141421,1653.2581010477588,431.05608210103856,2135.944531802028
1913,4,28,1,24507.600676884045,21654.531230476667,14905.95689836331,16165.619615575093,1322.5367430187773,5441.762157006495,1118.3662435102183,8925.86897956798,13530.278888231718,7251.472173468729,10558.751531150321,10337.94110534347,2004.0405938704964,442.66592298025023,2346.0285439094164
1913,4,29,1,26191.547608216682,22714.162088895933,16654.02418435498,16165.619615575093,1217.2903165632208,5441.762157006495,1014.8459941108833,8931.225266139529,14771.474390358888,8951.077523333053,10173.120590642842,10124.519757011845,2483.513968702355,512.2815128311362,2294.6505652936908
1913,4,30,1,27187.10098462899,22533.09177655918,16652.431412340313,16308.420293628658,1146.825951727849,5441.762157006495,905.4504947457547,9346.720067331604,14946.182496613417,9638.189753977205,10100.965113209035,10203.273022078818,3079.94200831131,553.4700125691721,2472.187441626402
1913,5,1,1,7156.033719044146,16164.220688551413,18449.874630783786,12519.830875880578,959.575699993528,5424.167123265644,4659.98347295851,6152.919421483421,6912.8733867123865,7408.222421698282,12518.173607242377,9566.9466403376,887.7144311861947,594.8323340047131,1665.7159130386744
1913,5,2,1,7060.033929175543,15818.708970113034,17771.353752576546,12519.830875880578,961.6217036182223,5424.167123265644,5354.669718927322,5480.552419996369,7609.113988176334,7290.30509695553,12968.744477440268,10856.925122134922,885.3508874380852,599.0764804521318,1640.9180953055775
1913,5,3,1,6872.873845018727,15733.71678268919,16841.971282074443,12519.830875880578,983.8822230552005,5424.167123265644,7780.81695484865,5280.839449257701,7646.551439516638,6756.396728834337,12310.526177738258,12331.186244188899,1032.7871164149471,566.3328181845643,1818.9199307208098
1913,5,4,1,7529.4650004146615,14528.121080651605,15578.106688512124,12519.830875880578,1021.037648880092,5424.167123265644,6412.793962787143,4860.906582049182,6932.936020892104,6345.636604373135,11246.633749352792,14090.534185785422,1176.311272981115,517.2209460685823,1947.4036238502624
1913,5,5,1,8850.252232831777,13911.003893708095,14452.813260217697,12519.830875880578,1059.5025170248412,5424.167123265644,9148.839946910157,4500.964124441867,9959.321991160152,6013.517582954708,10497.820239095046,14815.064224401689,1646.6564788547746,473.5627297118233,1997.6966979401518
1913,5,6,1,9887.385765143961,14038.492174843095,13820.48277043317,12519.830875880578,1036.587276427966,5424.167123265644,7844.948204476482,4474.106173204638,9145.8733689617,6251.923362077549,10395.199115633603,14003.905594211761,1542.9050584636466,462.0397996813642,2261.6384704365614
1913,5,7,1,9127.683724334089,14664.847643028263,13919.234635336543,11105.42415992141,929.2130062026803,5424.167123265644,6519.6242121672085,4432.939284983389,7681.301073837641,6626.067054118592,10986.874030590998,11316.056657475418,1279.247678286689,438.39280624990903,2266.288061261496
1913,5,8,1,11019.235139517628,17097.287093960156,13725.712835566104,11105.42415992141,857.6028793374887,5424.167123265644,5728.782466756389,5004.225507027571,7694.644165469014,7249.255682402171,11866.369127756738,9544.108193468175,1135.7235217204923,449.91573628036815,2224.519237017365
1913,5,9,1,19002.427541841014,17092.66795333933,14241.770968287117,11105.42415992141,806.9765656474316,5424.167123265644,4916.425721470423,6095.607155168038,14444.136674794072,7284.098921969034,12773.122960841858,9259.808906576385,1772.2503035387554,459.00516254574984,2258.538743219916
1913,5,10,1,13447.871798841456,16906.978500381745,13423.086152797552,11105.42415992141,775.2389574207616,5424.167123265644,4863.051971780131,6193.244607529151,11464.499521968835,7634.127191205564,12211.913691912101,10026.078175678096,1495.3896789758003,459.00516254574984,2288.761083582091
1913,5,11,1,12680.46607119004,17990.628890029628,13017.72567508932,11105.42415992141,769.1582346481076,5424.167123265644,4659.98347295851,6399.15556701498,8469.695401677644,7924.310201644024,13306.271766325208,11553.103985326972,1224.641667554515,452.94313084525186,2311.2341059026867
1913,5,12,1,10687.384014046993,18329.673811599,13939.144285518567,11105.42415992141,775.9100466096656,5424.167123265644,8464.49745088128,6893.387780808628,8557.913395989628,8025.204874995366,12797.174786653128,12798.193106036206,1149.0082676150423,443.2453286386027,2243.8925321213146
1913,5,13,1,10462.199321763163,17551.81053105022,13617.404338575207,11105.42415992141,732.6902660410955,5424.167123265644,9063.60744740472,6985.668946598193,8153.012960724898,8366.278520322845,12772.32123331483,11601.143477017837,1299.5415539170153,450.51686965090505,2082.861703217185
1913,5,14,1,10271.582455048982,18592.040998862478,13656.427252932275,11317.19659404181,666.5143248031643,5424.167123265644,7214.393208135569,7019.6431071376865,8263.885412771106,8671.622329656853,13973.30906882452,10267.850699433813,1569.4745502527173,449.3073603391007,2000.7964251567973
1913,5,15,1,11156.518789638007,19163.890607722184,13282.125829508015,11317.19659404181,599.6591103618256,5424.167123265644,6102.812464585908,7215.759714035525,9125.810734781982,8826.067427177113,14843.985163192809,9336.987106341972,1982.9317031546461,464.466060875711,1970.6515779750366
1913,5,16,1,16339.717320801388,21136.263652818714,14003.651552108631,11317.19659404181,550.3667910350731,5424.167123265644,5311.8879691756065,7470.948509979462,19069.101817291456,9253.406904816466,14006.179897433387,8199.789958774689,3472.0457659717013,455.9777679808662,1996.146834331829
1913,5,17,1,13264.168497241604,19966.697247623284,14381.13851956199,11317.19659404181,551.7171534273847,5424.167123265644,5215.7324697335325,7694.688251910465,16828.614344774047,9328.76760108069,13695.911344467826,7511.171409028944,2708.3766308069025,443.84646200913954,1963.6771917376007
1913,5,18,1,29507.095906447175,18940.32420167351,14049.045554523893,11317.19659404181,536.1838939085177,5424.167123265644,5001.98922097392,8405.54399833304,17210.668335374783,9214.396662044446,14967.451202357412,7447.381264324709,2421.246816165985,418.98995926588015,1729.1828277992568
1913,5,19,1,50841.37019601699,19843.82810710911,15281.851093801999,11317.19659404181,509.8477352511261,5424.167123265644,4104.151726183938,8369.58035992417,17210.668335374783,9405.901490198125,15238.435106497738,7828.0745476584825,2748.1493669819706,427.4782521607249,1756.2279477643717
1913,5,20,1,28949.072436533686,17331.939437498666,14154.168507485694,11317.19659404181,493.6352025288515,5424.167123265644,3975.8892269282737,7768.911080116105,17210.668335374783,8820.747848617308,16450.647127386106,9170.030184399951,2908.7888403448014,402.01337347619045,1903.3100041936646
1913,5,21,1,20279.461783608407,16955.941390962675,13284.514987529896,6977.804560944295,499.0448361126014,5424.167123265644,3591.184479160631,7821.708762035554,17210.668335374783,10085.920949429175,13554.005572181295,10817.548489601373,2953.288664016118,401.404997534923,2102.2349983211348
1913,5,22,1,17270.085654710867,16022.87498555393,13008.96542900901,6977.804560944295,499.0448361126014,5424.167123265644,3452.247229966908,8312.191575229108,22360.717731285615,8156.421146137716,16349.62945897872,12569.021104691208,3225.5037025914066,419.59833520714756,2319.758355748445
1913,5,23,1,15703.669330315835,15269.955064357466,10925.61963395015,6977.804560944295,504.4462856818796,5424.167123265644,3206.3969813935714,6294.401905351603,23287.05466829462,5467.994801644561,10874.632176805075,14500.051164133789,3462.673092487816,366.84345001427624,2466.762918997289
1913,5,24,1,14067.12970262169,15774.365220152935,9819.439469830531,6977.804560944295,529.4320819469597,5424.167123265644,3185.0474815174543,5346.186145430452,22524.866556392866,5730.516003572001,9577.437038050311,15523.843610004586,3447.024802845156,338.95231013540246,2314.333833119332
1913,5,25,1,13079.477543482335,17202.603500115492,9976.327513265784,6977.804560944295,529.4320819469597,5424.167123265644,3580.5097292225723,5360.571600793962,22335.759430392132,6209.100754670979,10267.724438833864,14696.934326801289,3544.582108586063,328.03775604621086,2115.4088389918275
1913,5,26,1,12649.848854256863,17682.994124682347,9730.244237014444,6977.804560944295,510.51882444003013,5424.167123265644,3110.158731952016,5221.767260211601,21599.48955403355,6312.655217302222,12510.958059498982,13817.260356002966,3736.4366597256603,328.03775604621086,1961.3523963251337
1913,5,27,1,12012.813211611896,18489.496077079795,9186.31259403855,6977.804560944295,483.5115765937344,5424.167123265644,3088.8092320758988,5183.278515276079,21731.96053569915,5347.417687621906,12544.63061563473,13159.670592693581,3745.809333209545,312.2706795683331,1852.2419982995964
1913,5,28,1,10489.85358221888,25508.742164501342,8312.677144046205,4471.409802808048,463.24795669452504,5424.167123265644,6166.94371421374,4488.4916285681475,21003.370136538597,4016.19315302556,10537.104887920133,13592.026017911374,3620.2155085255645,298.9298642847947,1926.557958318404
1913,5,29,1,10489.85358221888,30856.78317530464,7648.96904557453,4471.409802808048,440.2917960251641,5424.167123265644,7096.805458817897,3965.565022426969,20208.544246545156,3694.713288726745,9506.08328814353,14092.10925108681,3203.6612982985253,275.8912467946145,1831.3188395873237
1913,5,30,1,8533.512185395726,26092.601538975356,7757.994289971849,4471.409802808048,416.6563621523957,5424.167123265644,4681.332972834627,3747.1050486879303,18472.022465146816,4284.920529939411,9003.40012868782,14504.776360037826,2641.2193877572086,264.3683167641554,1880.0620500688904
1913,5,31,1,7852.032195589722,22570.044901525805,7413.477703220306,4471.409802808048,416.6563621523957,5424.167123265644,4146.93347593572,3956.6123720145915,16044.347735927882,5115.30674312813,9797.110380459988,15011.159854418556,2742.688765908751,254.67051455749876,1830.5439077831797
1913,6,1,1,9402.843615870259,17268.195296930782,5024.319681363561,4317.0490698644435,370.1629757842764,1447.855488721079,1799.9779895548727,1559.4445761130487,6034.437188725817,2471.830837465535,4440.127390267014,8210.027883233392,2109.503545941285,60.98896385511096,2779.602888336094
1913,6,2,1,9017.65927380582,17215.5370938535,5377.27795979248,4317.0490698644435,342.0590699951181,1551.1018187852837,1843.835489300382,1795.9628874362006,5635.680335219446,2348.9485727335855,5073.812827641389,8506.140159885272,2120.5062495962784,54.751661942958854,2920.950449414582
1913,6,3,1,8907.634823277554,17964.76170255284,4919.037451200411,4317.0490698644435,316.3694484831518,1531.0169217791897,1843.835489300382,2419.511162742743,6194.362301374263,2371.5567816128437,6338.538001551021,7953.292239115062,2054.734532192006,51.97920586775116,2664.2155426968857
1913,6,4,1,9094.696142218869,15878.757798183795,4951.530000297705,3815.8866902192344,296.29406091739537,1551.848777764837,1843.835489300382,3148.4252467492415,6300.915047496524,2373.6846130367485,6479.80239181593,7183.085306759947,1848.6987185637818,49.89986381134352,2618.804538973208
1913,6,5,1,8899.042249493294,15546.179673483428,5570.959036764505,3815.8866902192344,273.00235565358247,1777.5133850352438,1346.3424921872647,3869.7640111760647,6723.574273781545,2373.6846130367485,7967.969027512343,7196.00084223092,1643.3149170039771,58.90962179870333,2414.1450494949327
1913,6,6,1,8455.783960471366,15014.054673962994,5318.743588257114,3815.8866902192344,252.1331186814333,2162.612236721483,2217.0379871346854,4342.800633822368,7181.367108247614,2373.6846130367485,8781.321603697057,6359.011141098922,1475.99231993961,89.40229308357053,2120.213416177625
1913,6,7,1,8045.414488349156,14524.425768154482,5438.360766551312,3815.8866902192344,233.66179795746925,2487.539392831745,2626.7332347573024,4559.806758349214,9361.954658620603,2373.6846130367485,9580.643948158422,5531.314325244869,1312.3372907602213,77.62587307758453,2043.57266074635
1913,6,8,1,7614.205555668854,13834.3261594022,5177.066517560917,3815.8866902192344,217.6047615106655,2466.043573308717,2809.693483695564,4548.55855654903,10751.26807720435,2373.6846130367485,9074.753878594598,5468.232959926264,1164.7380587662544,59.60273581750337,1824.0344806282305
1913,6,9,1,6649.763222269235,14193.695299703062,4879.377428037714,3815.8866902192344,199.93547420759765,2280.382769166021,2451.1377357762353,4271.25594890255,9006.970825142833,2373.6846130367485,10088.1374727763,4816.313431701674,1141.3471258108175,47.128131993206644,1615.6553184900285
1913,6,10,1,6258.4554368180825,14935.529283408921,4575.237611855288,3815.8866902192344,183.0764043398977,2079.367808221199,3065.804732209417,3967.018871639256,8474.879048786139,2373.6846130367485,9544.566209441444,5053.990785673858,1064.6542062601336,47.128131993206644,1512.2019226348816
1913,6,11,1,6421.2205126443405,14986.339830238026,4585.590629950027,2887.779426189359,169.42546815578254,1933.0468436688986,3643.8134788552547,3362.9062647495293,7255.666050138239,2373.6846130367485,8527.975705151486,5836.404474114443,982.0931780934377,47.821246012006696,1516.696527098987
1913,6,12,1,6318.208392446305,15888.919907549925,4035.686091919432,2887.779426189359,159.79288309058825,1870.7172665963687,3790.198228005787,2928.2053502794856,5395.792666246862,2373.6846130367485,6455.349702241219,6324.753470794785,911.186865650184,45.74190395559905,1382.0133795362428
1913,6,13,1,6341.6157486178445,15700.45897021969,4018.8027085649187,2887.779426189359,147.7460137482337,1691.2811206167476,3687.7537286002457,2670.4149294294048,6194.362301374263,2373.6846130367485,5878.0257100178405,6947.2192778842755,892.9305277337577,40.890105823983724,1307.5424331566062
1913,6,14,1,5122.655453807944,14846.84178348949,3613.2033150543057,2887.779426189359,139.7174955248318,1888.3952957793917,4170.68272579787,2339.7790112063876,4940.783642265236,2373.6846130367485,5916.027594799684,7611.3455621942085,884.128364809769,33.95968989303156,1289.7190016609793
1913,6,15,1,5968.480762895035,18520.90623330189,3396.825236874889,2887.779426189359,131.68897730142996,1903.8324480236893,4156.035975882895,2059.41566837626,4698.112162808208,2373.6846130367485,6381.350251495175,7594.177350409577,859.2704047003291,39.50387778637613,1351.4810664524096
1913,6,16,1,5345.963606989239,14907.814439683954,3481.3217922477716,2887.779426189359,121.24617480086776,1776.7664260556905,4251.1157253311085,2195.541865672894,4670.5620383603955,2373.6846130367485,6419.352136276873,7146.937558094172,812.537439694616,33.95968989303156,1346.9864619882699
1913,6,17,1,4522.65676713097,13124.826160041364,3425.415494536427,2887.779426189359,112.41562315656971,1658.1659391894273,4163.317975840608,2067.6031349927025,3847.226089269453,2373.6846130367485,5349.607096944028,6134.800595453214,780.393244720351,39.50387778637613,1254.6920841130066
1913,6,18,1,5786.654000397319,14033.873034222266,3345.458339404928,1823.1857998022547,104.38710493316782,1541.8063292618233,607.3022464758537,1522.4096803899072,4224.096432761524,2373.6846130367485,4831.290250711056,5386.0933044613885,719.0144586272324,31.18723381781638,1220.5175915496268
1913,6,19,1,4662.01448678529,12477.222645000238,3587.2411312167883,1823.1857998022547,100.36875381424692,1522.5513866774547,380.4762227921015,1502.3618649364187,3939.5718025754463,2373.6846130367485,4646.572228480516,4873.252042345107,624.7498138319628,29.801730037287093,1071.653191970768
1913,6,20,1,4817.865997497617,12031.013661028122,3484.5073362771045,1823.1857998022547,94.74633585350185,1466.3634723258278,380.4762227921015,1365.011373566344,4579.1762597042625,2373.6846130367485,4524.308780606529,4848.129750788792,591.1385917036949,27.0292739620794,1002.4517818594154
1913,6,21,1,4124.43541656589,10884.54295893606,3142.618823349344,1823.1857998022547,90.73616874905265,1556.4965225265673,117.07469932061984,1514.2987321529545,5871.7282655930985,2373.6846130367485,4948.823506175508,5296.629595345205,566.2969318959655,22.17747583045658,938.4424148359324
1913,6,22,1,4482.854385117324,11294.722646066793,3022.3645362492807,1823.1857998022547,86.71781763009997,1647.376531706794,256.0946985138906,1176.7761597666122,6541.762651118798,2373.6846130367485,4961.08993733925,5723.708551803584,514.4130715495608,21.485086068727345,753.1329725074824
1913,6,23,1,4907.93987441091,10748.740224683876,3033.4343017504393,1823.1857998022547,81.90561710475458,1511.7619791948878,7.316920457540593,1230.1094703431495,6614.141723710042,2373.6846130367485,5099.628454012265,5565.6507488141315,453.03428545644203,21.485086068727345,794.0726197211789
1913,6,24,1,3650.8562062584915,10668.367177881626,3036.062375574461,1823.1857998022547,79.49296963050769,1655.012112386803,43.90135724524446,1412.6823240529968,6531.299363436664,2373.6846130367485,5170.902031166268,5443.661941225327,440.6134555525773,24.94993190567176,695.0828310579716
1913,6,25,1,3630.9056326439168,10055.869131558175,2830.6744242956484,1153.4797627265496,73.87218847267603,1441.7138260002423,43.90135724524446,1991.696902436118,6418.9870094157495,2373.6846130367485,5234.078160297219,4974.371234691128,441.34696912957884,21.485086068727345,681.684260164077
1913,6,26,1,4987.544638437805,9387.941397785558,2883.315539377104,1153.4797627265496,69.05425913716549,1480.2237111688462,80.4859595329335,2011.1325708528395,6428.490362448365,2373.6846130367485,5501.69480882403,4457.9073223818195,423.8078444884434,18.019515974719603,644.4797842464245
1913,6,27,1,4421.323655603267,10818.951162120766,2468.637345383487,1153.4797627265496,64.23714820314343,1504.8733574944981,80.4859595329335,2161.6442235129844,7685.812766691353,2373.6846130367485,5999.567603117431,4487.912316372424,428.1926256487419,17.32640195591206,666.0616349922542
1913,6,28,1,3862.115003098161,8364.524601833484,2428.9773222207896,1153.4797627265496,59.41921886763289,1491.0131186514795,80.4859595329335,2184.2171454930312,7687.732635990905,2373.6846130367485,6296.447306381263,4550.363655570524,421.6154539082941,19.4057440123197,663.822082078243
1913,6,29,1,3006.7094680677897,8183.91620355858,2367.894515461958,1153.4797627265496,56.20699317682814,1575.7514651108693,80.4859595329335,1762.0652452763848,8489.182075067549,2373.6846130367485,6166.006237731447,4917.983896903198,396.0402805235925,13.860831861904318,663.0781475462301
1913,6,30,1,3543.498416559975,8563.794328215978,2055.8704778074693,1153.4797627265496,53.798437709801235,1585.7109181717105,14.633509915083124,1976.0106346194893,6226.712099070869,2373.6846130367485,5533.683737153092,5111.638175702924,365.3468124015909,9.70287200615985,689.8752893340536
1913,7,1,1,6527.294354536133,16976.26560969416,844.4877221254957,491.14690351757196,46.885400662607246,108.39204747890447,347.22727298506527,767.5558657011892,4861.589033660851,1581.4220461934449,5271.679181315475,4261.417926039699,591.9128560349726,126.13661182303721,839.9485825273774
1913,7,2,1,5603.543290092878,15593.29490781618,836.6831392539867,491.14690351757196,42.84413430305753,124.69235232180986,0.0,741.2182394451135,3719.554780852815,1346.296673849157,4469.310272251407,3733.2985305005536,565.2129618321884,124.89813222831036,798.1022651028321
1913,7,3,1,6063.2953701724155,12358.048816983188,931.4530741210517,491.14690351757196,42.03555367057126,88.01666642520645,410.6965226167116,884.1698762015182,2249.798838619915,1228.733987677013,4034.212743325369,3506.725386902828,495.9774303143189,119.95145642013361,805.0766513402333
1913,7,4,1,4499.15064574313,14532.740221272434,886.4572647095191,491.14690351757196,42.03555367057126,251.0197148544592,433.09694748674445,728.4167145391548,2493.62223965657,1107.536256155623,3643.851610408355,3252.35234073639,494.62450527228935,109.44248629179695,747.4604717010434
1913,7,5,1,5393.864736707639,13101.730456937226,901.9867918515062,491.14690351757196,42.03555367057126,316.21263468194303,735.515095731829,663.6821654031705,2923.1929954198713,1056.9116001946486,3344.4865518106626,3125.4808307134226,473.35261153930446,104.49581048362019,800.6595400565425
1913,7,6,1,4847.001736192265,14590.017564970543,1080.616173285587,833.8588165142668,42.03555367057126,287.6871012068586,354.691322941705,729.1283354694095,2190.7628576602165,1005.0457092362898,3303.1174114153036,3107.367579748035,434.88389950113384,103.25733088889335,774.0638805378309
1913,7,7,1,5166.408444457666,13691.13280015577,946.2658538566176,833.8588165142668,41.226973038085,461.2803680574509,795.2523203852217,667.9518909845108,1900.2866326457197,1016.4828031399395,3076.388866767635,3020.9752479696285,396.871595910857,92.12549967782796,749.3590546212312
1913,7,8,1,485.97424490448043,12410.707020060472,962.5917670058187,833.8588165142668,40.41839240559873,254.2731361877301,294.95409828837853,705.6524966101001,3327.1334960347394,1000.2580885324818,2736.2960497962067,2925.5262907084016,363.38262604541785,93.36397927254733,792.445262932476
1913,7,9,1,487.38658749207696,11727.998036300898,931.4530741210517,833.8588165142668,39.61063017456916,246.94463864373282,291.2220733100587,587.569333221643,2674.6659145993935,916.4747262152049,2719.2994262229277,2722.500373365731,370.171701708102,84.0862461681994,776.6366541276241
1913,7,10,1,4354.657134861115,11737.236317542554,1090.7302755781839,833.8588165142668,38.8020495420829,307.2491269271726,317.35452315841144,482.2876947390505,1907.870116378784,821.7773618860273,2566.5703323213033,2523.097106216087,328.98898943501706,89.65578305910489,792.445262932476
1913,7,11,1,4380.138560566994,11713.21678631394,893.385822972783,833.8588165142668,33.95138414859021,257.53485706513874,321.08654813673127,593.2623006633987,2738.4055753429147,779.5753719781065,2396.203232824778,2705.0171485208475,335.77806509767186,77.9083333360339,781.053765411315
1913,7,12,1,3704.9795445791087,11211.578114891894,999.8626321468734,833.8588165142668,33.14362191752886,311.32420313796524,358.4233479200911,562.6702525019183,1737.3857225832348,730.138755228772,2463.387999590867,2831.888658543814,313.60965477058056,72.34169347342664,774.6993246172291
1913,7,13,1,3942.3123584204677,10370.894521899703,1013.0826398677724,1117.4395915988036,32.3350412850426,278.72359345208815,302.4181482450845,702.0943919590146,1817.3482789073723,801.2792525021777,2369.024669658028,2721.8703472452266,290.0720190997785,63.06685739736949,765.1986606982489
1913,7,14,1,4015.2998529807396,10875.304677694403,1084.5184647213416,1117.4395915988036,33.14362191752886,221.68082604605704,227.7528236783462,741.9298603753682,1452.573112002251,724.7127850978181,2412.478301623659,2750.3002759343167,277.40668467025637,59.97500395299598,891.2490679626543
1913,7,15,1,3985.571522990681,11439.763661560632,933.8422321429325,1117.4395915988036,32.3350412850426,395.26579335244537,336.0229230500582,786.7619789791584,1774.5351935284611,668.0326755428216,2616.117093492491,2537.0364341329428,271.9705340496017,45.75421632584036,782.9136017412956
1913,7,16,1,3767.3003958207796,9313.11131972784,1119.4798104410702,1117.4395915988036,32.3350412850426,418.902895283552,336.0229230500582,727.7050936088999,2244.135224186402,584.2315812970484,2329.6598480801645,2460.882026813112,252.05971550950164,48.846069770213866,707.5514837868931
1913,7,17,1,3532.8317732413743,10378.285146893182,1006.87082901093,1117.4395915988036,32.3350412850426,378.1521331762222,309.89047320170545,660.1240607520851,984.8929506438616,918.2479190685018,2018.8300858457574,2753.292900006839,262.4674581520326,43.89939396204459,609.3676242000303
1913,7,18,1,3725.5227094894944,10100.212881518275,971.9094832912015,1117.4395915988036,32.3350412850426,366.7485594215649,309.89047320170545,672.9332374960117,1216.3331946986602,643.3143671681543,2364.2944772484916,2495.9272297680054,287.81442731278725,40.80826477474191,689.8132947897221
1913,7,19,1,3642.658693337438,10503.925771779235,1026.3026475886716,1117.4395915988036,30.71788002009141,431.94147924904877,317.35452315841144,772.5295603747221,1300.1354896219,565.5421286235734,2523.1167003555256,2443.3988019683557,270.1612005596784,36.48010450685401,689.1856000283309
1913,7,20,1,3352.19019333488,9843.388663000098,1040.2394027162302,999.6047463749546,27.484375891584424,411.566098195417,164.27529904671863,636.6558737307436,535.3075574332406,355.11733272537117,2276.7458312953136,2240.924157481063,268.80827551764884,45.75421632584036,649.9120561935789
1913,7,21,1,3430.8073052023574,9827.683584889437,720.1798302482905,999.6047463749546,26.6766136605451,378.1521331762222,194.1480488733725,735.5252720033578,284.8030112344355,397.9310741676934,2157.9298117876187,2018.6036901969958,381.9405195434884,45.135700785551506,585.9336864422615
1913,7,22,1,3243.1533949656323,10940.896474510464,1021.6039701457029,999.6047463749546,25.868033028055876,398.52751422992026,186.67572391668523,559.8237687810877,1004.8595913586109,402.7541587285791,2071.744102630608,1816.2077989748293,272.87520079456345,44.51790950233346,677.1509091097645
1913,7,23,1,3935.8926193860475,10037.392569074864,1084.5184647213416,999.6047463749546,25.868033028055876,395.26579335244537,209.0844237866994,650.1690195669571,575.3080342882345,335.824994481743,2106.3787317987885,1607.7479063424914,246.63171503970227,40.18974923444556,797.4823196594823
1913,7,24,1,2996.5366508286984,11856.410145560372,637.8255532349501,999.6047463749546,25.868033028055876,366.7485594215649,209.0844237866994,737.660134794028,689.6170523805725,294.22589014389035,1721.4693460657081,1530.4122000466518,243.4613063568941,39.571233694156696,1003.3817000243884
1913,7,25,1,3763.744848047913,11856.410145560372,956.3799561489762,999.6047463749546,33.14362191752886,370.82363563229126,224.01252370004502,702.8060128892694,0.0,329.7961387806358,1743.837544070146,1509.8575978642464,248.89745697754876,43.89939396204459,802.5968695669374
1913,7,26,1,3561.86874672012,9876.646475470365,1033.2312058521736,999.6047463749546,33.14362191752886,354.52333078938585,212.81644876501926,637.3598428230305,343.85819088705904,305.0778304059685,1492.7364826003977,1704.4569158447277,205.4490027666173,36.48010450685401,689.1856000283309
1913,7,27,1,3107.054927436475,8335.331633109668,1382.1279156439907,1633.56204227812,30.71788002009141,364.30019387747404,294.95409828837853,677.9069321695447,0.0,247.80370124515198,1581.6480653494486,1584.8307062079411,188.70859290932535,36.48010450685401,601.7655432012033
1913,7,28,1,3016.3884592273716,9365.769522805893,142.95128830775352,1633.56204227812,30.71788002009141,292.5838322951067,156.81124909001267,606.0638255693574,1416.383575706543,262.87584049796254,1602.6533265580129,1455.5178449679565,168.79777436922524,39.571233694156696,642.3099751947864
1913,7,29,1,2839.3024270937444,8484.345109538202,862.3267686885707,1633.56204227812,29.10153715656287,97.80182905749858,175.47964898165944,571.9213245947593,180.97647951732796,250.21524352559487,1660.3777085050292,1293.6011319902236,171.96003290117815,24.114139243494165,608.1044853592408
1913,7,30,1,2894.6109480055834,9308.492179107014,1189.4025018807654,1633.56204227812,28.292956524073645,61.124483252126325,141.87487417668572,707.0757384706096,727.716858629112,191.72647726030877,1849.1043683708542,1241.6239770460788,161.55229025864728,22.87710816291644,584.6627982834306
1913,7,31,1,3461.3257569196307,6848.060736013348,1331.557404181244,1633.56204227812,28.292956524073645,132.02914940994484,134.41082421997982,718.4540215160589,67.62739607491497,231.51692488787182,1806.292118426845,1161.8469195332214,144.35547195343221,22.87710816291644,606.8335972004098
1913,8,1,1,4284.830127210103,9926.533194174997,420.2130767440777,1099.3709343756252,11.192458228666531,68.79077224568474,1.095113493645158,311.43745678301633,534.2996260509806,416.5673310555941,1093.5563468859323,1048.2059580414798,233.46922140798083,25.172278827063693,562.9724570850552
1913,8,2,1,3733.522691978345,7349.60702462364,407.0010328831388,1099.3709343756252,11.93884035096429,34.1559442721867,17.52231239831962,231.200283941349,236.6142918169184,337.2169508716019,1161.8635321900065,1048.2059580414798,273.3234590916313,24.542899430675153,611.9868936980722
1913,8,3,1,3402.6592186667285,12408.859363812293,254.7718475905788,302.7957234644817,11.192458228666531,11.172846425430754,0.0,233.91668641691493,236.6142918169184,329.2819128531345,1068.1415842787894,989.2985157714068,199.29563887067167,25.801658223444747,505.3020322195751
1913,8,4,1,3607.399511256475,11721.531239431893,260.58546544369506,302.7957234644817,11.192458228666531,9.416662869034125,0.0,215.55992715243315,236.6142918169184,304.8207174422605,887.1115086725765,989.2985157714068,163.5083264639651,19.50858851667508,604.7800279193932
1913,8,5,1,3836.7323426085836,11943.249989231625,475.7132175917352,302.7957234644817,10.446894507818705,6.703458868931907,2.7377837341128957,255.67851357331395,0.0,242.66144197065066,1025.2491615820045,989.2985157714068,137.47674463136963,22.025381845143453,582.4309946874608
1913,8,6,1,3334.60998490195,9745.462881838243,618.9512048622823,302.7957234644817,10.446894507818705,7.501543040874768,4.380453974580632,307.35902715068346,564.825547913004,312.090808140667,616.2719154869827,985.360852518128,139.91363973717628,23.9135200342941,563.6931436629093
1913,8,7,1,3357.523514993981,11678.111317596266,474.12840943726695,302.7957234644817,10.446894507818705,42.13595603719318,0.0,240.71917036278157,356.83650735165463,217.53529923971573,709.1921358711721,1014.4208073278494,107.37823752183029,22.025381845143453,614.8696400095575
1913,8,8,1,2938.956529950717,8950.693546617525,461.9675951060795,302.7957234644817,10.446894507818705,31.76152576547391,12.045917430098681,222.36241109829982,139.29611702527905,327.2959368574556,931.5272136706408,996.3863096274613,104.12632733046966,25.172278827063693,562.2517705071666
1913,8,9,1,3153.573344131849,9988.429678494706,473.59483081255013,302.7957234644817,11.192458228666531,24.26039770181,0.0,227.12185430901613,537.1602313072964,304.8207174422605,927.598748788132,996.3863096274613,95.17746169105725,24.542899430675153,609.8248339644754
1913,8,10,1,3459.1529221693904,9702.042960002615,376.3401716026528,687.0072620832783,8.954130263223217,35.59259537621441,3.2853404809354743,256.3595271516974,189.86547437410755,244.64741796632956,686.9522142710882,919.4443696570002,89.48050624303474,21.39600244875491,472.86338689751284
1913,8,11,1,2342.7109214784145,10506.697256151885,347.7976971015899,687.0072620832783,8.207748140925489,29.20775600978752,3.2853404809354743,260.43795678403023,324.39071619007996,244.64741796632956,1074.4752317423813,919.4443696570002,87.04361113722807,19.50858851667508,511.0675248425114
1913,8,12,1,3409.9678446442663,10798.626943389278,475.7132175917352,687.0072620832783,8.207748140925489,33.357528118475216,3.2853404809354743,238.67612962763124,414.0774105162443,255.8894606560938,1060.204481760996,919.4443696570002,81.34665568920556,23.28414063790556,482.9529989876427
1913,8,13,1,3838.4113512789154,10323.779287566955,485.22206651878264,687.0072620832783,7.461857059497652,29.686639711130024,3.2853404809354743,244.11658641673097,335.84273656154863,262.50346999877274,1004.644764136881,919.4443696570002,82.97668586031348,21.39600244875491,555.7578419883348
1913,8,14,1,2355.74792997906,11050.832021286626,534.9085895133238,687.0072620832783,7.461857059497652,68.31188854431849,3.2853404809354743,299.87552962643343,489.45147921462416,193.73905114881737,1224.6387975573703,919.4443696570002,74.02537517565328,21.39600244875491,528.3717520293617
1913,8,15,1,2610.562187037047,10120.53710025053,537.5525910575036,687.0072620832783,7.461857059497652,78.04725391132035,9.856352442804484,258.40256788684775,419.8082203752528,241.34041329494747,1226.9638073858239,919.4443696570002,69.14506484334991,18.249829723912974,516.8330174654477
1913,8,16,1,2911.99362600631,8504.299797019592,501.61169054885636,687.0072620832783,7.461857059497652,78.20743511472271,7.118320458693043,263.1620110974699,307.21748530597966,241.34041329494747,1023.6457065278025,720.7735078725631,66.70409466213027,15.732312138373784,501.69859933023565
1913,8,17,1,2779.2531758178166,6556.685345651103,367.8825522053567,719.7931320446638,6.715720457634902,71.34454200136528,7.118320458693043,252.96211109774796,252.83718739770578,241.34041329494747,1123.7814746555339,679.9478152617762,65.89070960674151,18.87920912029403,449.80141640573333
1913,8,18,1,2934.1170343711256,9071.253116820899,282.25512870193,719.7931320446638,6.715720457634902,56.50080716862648,0.0,219.63835678476602,486.5908739583084,271.0945893729677,1174.5308271173365,709.7795520692043,65.89070960674151,18.87920912029403,400.05854389682077
1913,8,19,1,2405.7231292313986,8206.64237541339,420.2130767440777,719.7931320446638,6.715720457634902,45.327960743195725,9.30854744598336,212.16251109848375,664.0539926578057,248.61936995768733,1096.7632569941895,682.3025378872691,65.07732455135273,14.474277602682495,471.4220137417702
1913,8,20,1,2935.697277825556,9758.396475577021,438.71312369337625,719.7931320446638,7.461857059497652,39.58218628150672,6.023124215048364,221.68139751991637,212.75991577066802,247.28947531773596,830.6698907686578,682.3025378872691,65.07732455135273,20.13796791306362,415.2007113500742
1913,8,21,1,3168.3881265187274,11930.316395493615,493.6796859160787,719.7931320446638,6.715720457634902,44.530374543905964,7.118320458693043,305.9969999939166,809.0809195421052,216.21427056409772,843.4173584487639,670.5210494332797,71.58522000951623,19.50858851667508,418.0834576615252
1913,8,22,1,3275.6471510013425,11009.259755699177,495.7980726955019,719.7931320446638,7.461857059497652,40.38060243521827,7.118320458693043,241.40018394116504,600.1319443308945,165.30590374650035,883.1028710372917,668.9538594584174,74.02537517565328,18.87920912029403,435.37993553033397
1913,8,23,1,2487.698258439939,8826.346281104505,459.85717218685465,719.7931320446638,7.461857059497652,41.17818863450803,7.665877205515655,104.7230543114118,0.0,186.4600944860775,755.2513822998263,668.9538594584174,70.77183495412747,16.361691534762326,373.3931405157017
1913,8,24,1,2970.956459906918,10187.976553314773,313.44160474741085,671.8043327530615,7.461857059497652,40.539953684191865,7.665877205515655,129.20128394337678,566.7358178660069,108.4396089420367,1168.1971796535984,542.5469936994305,67.51747971751905,15.102932741992731,416.64208450578246
1913,8,25,1,2808.7839753760713,7038.831243653611,297.05198071733713,671.8043327530615,6.715720457634902,43.25307468885191,7.665877205515655,62.55989678795768,364.46798781711766,144.8077943626507,1010.9784116006193,560.6051173792675,65.89070960674151,18.249829723912974,387.80687207305965
1913,8,26,1,2694.117559700017,9625.36522569672,568.2134523379897,671.8043327530615,6.715720457634902,58.73504447194396,7.665877205515655,13.59961160513189,224.21193614213675,144.8077943626507,898.9770760727322,584.9398762849527,72.39860506490501,18.87920912029403,357.53028648459417
1913,8,27,1,3192.0917783383725,7430.626751112791,584.595112507865,671.8043327530615,5.969502015627117,72.62101190199536,7.665877205515655,189.71967036379547,350.1553621893332,144.8077943626507,702.8344365817184,584.9398762849527,66.70409466213027,18.249829723912974,358.2509730624483
1913,8,28,1,3011.944024511388,9785.187491177514,550.2390201536859,671.8043327530615,5.969502015627117,59.852163123602686,392.59909772172125,229.15724320619864,971.2618786174085,144.8077943626507,788.6032474247626,584.9398762849527,67.51747971751905,18.87920912029403,327.9743874739828
1913,8,29,1,3135.5980748353113,10875.304677694403,493.6796859160787,671.8043327530615,5.969502015627117,44.68972579287956,392.59909772172125,244.79759999511444,0.0,119.68165163180097,916.4547361622278,585.72740893571,61.01039927443815,13.844898206293953,289.04956295109565
1913,8,30,1,3123.252422846379,7673.593547768483,510.06930994615243,671.8043327530615,5.969502015627117,41.6570723358506,392.59909772172125,250.23805678421417,769.0036479148962,158.69189440382135,1090.3494367778217,606.14025524104,56.94265898244096,17.62045032752443,216.97315584633355
1913,8,31,1,3189.6226479404263,8472.242961111373,316.0856062915907,171.5065286418955,5.969502015627117,39.42283503253313,0.0,218.95734320638257,20.98993105144208,162.65498043093098,1219.026704868177,621.8436562953843,58.56942909321851,13.2155188099129,270.31171192654415
1913,9,1,1,3708.23879670427,10471.591787433441,402.1590059589811,809.1552706442989,19.320003027503006,49.11670267842763,58.471977160692504,245.93772385100263,698.7268322067637,286.9912633025617,1330.7875221378824,656.4399656393484,96.3429332634161,3.5443692635483766,634.1964392052587
1913,9,2,1,2615.796743480246,9702.966788127089,475.5141210901103,809.1552706442989,19.320003027503006,51.6032461259533,41.580219758713795,217.9396487577913,126.87456265750905,292.02713100582946,1829.7827349691213,698.7855962658455,91.71364757746021,7.67929774436977,625.5714482249613
1913,9,3,1,1946.4648752317698,11010.18358382288,465.8619226816356,809.1552706442989,18.51469600081333,53.883130922466286,88.36044948724157,200.92196113626713,884.5125843194322,250.30390316824693,1300.6425671210566,681.9954001535422,91.71364757746021,7.088810952804045,648.1297130440126
1913,9,4,1,2517.1302927822917,8693.592179661777,544.3616914199354,809.1552706442989,17.709388974123687,55.54137985709789,45.47857223609202,197.08073848065447,725.0098429168837,336.62293126569676,1937.7754328617236,635.995618027917,85.16907644046273,8.27029151588526,575.1543850464088
1913,9,5,1,2088.192960068133,9523.74413203851,608.0646081425899,809.1552706442989,17.709388974123687,54.71225538978208,64.96867962299278,200.92196113626713,725.0098429168837,336.62293126569676,1583.4920386616857,613.354054321119,87.47556913258545,7.088810952804045,738.3472736841696
1913,9,6,1,2223.995131949984,8549.65975791669,640.2306389767513,809.1552706442989,16.904900348883885,56.37050432441368,58.471977160692504,211.35141627483554,725.0098429168837,336.62293126569676,1608.1050737419473,598.7531989777841,84.39481210918501,6.498034458407783,777.4890791121828
1913,9,7,1,2223.007479790566,10453.11522495013,461.9994505463966,809.1552706442989,16.09959332219424,57.61377604817652,67.56785710790581,186.10035100906154,725.0098429168837,336.62293126569676,1890.1528177554023,543.2557730850613,84.01175501895911,4.135145757944637,686.6050771204962
1913,9,8,1,2551.3030574887334,9151.626163623918,452.99232480398695,632.3641454812482,16.09959332219424,65.28172495060969,67.56785710790581,188.29642850338013,861.8581265853799,400.63519326892214,1796.350697091409,362.90292075516305,77.07271658055014,5.316626321029859,686.6050771204962
1913,9,9,1,2479.006919439775,10323.779287566955,477.4413752276306,632.3641454812482,16.09959332219424,11.605252679156022,67.56785710790581,211.35141627483554,277.3155209663402,391.9997440734864,1591.4291411793329,434.4581373949822,77.45821871602381,4.135145757944637,644.813004922241
1913,9,10,1,3577.3748856183115,9637.374991311026,564.303197042275,632.3641454812482,15.295104696954436,17.20080539051048,38.9810422737966,228.92003622947843,846.4511754567433,891.2067280560436,1334.7961597730205,472.43296181032196,74.37501664737557,5.316626321029859,721.097291723575
1913,9,11,1,1876.144041500849,9899.742178574505,674.3398516688297,632.3641454812482,15.295104696954436,55.74803850811057,40.28104476625284,240.9946365293409,846.4511754567433,891.2067280560436,1600.167971224154,530.1118531453608,79.38491437828029,4.725849826633599,594.3959417436886
1913,9,12,1,2500.53773650878,9231.999210426167,554.6589624939986,632.3641454812482,15.295104696954436,74.19294557675184,37.68186728133557,228.92003622947843,846.4511754567433,891.2067280560436,1783.683402164226,527.9225123765194,77.84290583641487,4.135145757944637,542.6459958619736
1913,9,13,1,3544.091007855386,8955.312687238355,447.8397073368561,632.3641454812482,15.295104696954436,53.05400645515048,84.46292450982557,207.5101936192229,846.4511754567433,891.2067280560436,1297.435657012946,490.687968652785,85.55213353065933,5.907330389718822,568.520968802831
1913,9,14,1,1800.884946974435,9810.13085052983,351.3256871139753,632.3641454812482,16.09959332219424,43.72863857250751,49.37609721347509,232.2103265519724,136.84828366841558,537.295166470894,935.9367150693661,527.197982337838,82.85443359748479,4.725849826633599,486.2619577914074
1913,9,15,1,2850.3641312759523,10110.374990884404,478.73152055952244,763.5464826536487,16.09959332219424,43.10617275620434,57.17280216823148,219.04151342393453,600.8518953182477,285.55497709137677,1506.3658505601607,495.0666501905947,80.9261079050631,4.725849826633599,459.06185146542884
1913,9,16,1,2937.277521280385,10473.439443682388,249.6590494237253,763.5464826536487,16.09959332219424,42.27787824331026,61.071154645609774,232.7612588850911,78.84423245724822,296.33598963929916,947.8824552222978,512.5892516679778,72.06281884964542,3.5443692635483766,556.5792697007277
1913,9,17,1,2477.0316151213383,10013.37303784702,276.0433178450876,763.5464826536487,16.09959332219424,65.28172495060969,41.580219758713795,227.27489106818436,144.09579027403095,296.33598963929916,1432.5267453195224,497.255990959436,70.90631244325368,5.316626321029859,556.5792697007277
1913,9,18,1,1678.7123748890394,9239.205069794596,505.1078251206863,763.5464826536487,16.09959332219424,48.28757821111183,46.77774722855305,228.92003622947843,1163.632782427258,84.8738759220159,1191.7679689486506,473.8898972140834,65.89722972743155,3.5443692635483766,480.29498289939363
1913,9,19,1,3253.9188035005336,6012.550580516362,613.8543344155873,763.5464826536487,16.904900348883885,99.68582559485577,9.095879947217474,181.15726368730566,1163.632782427258,84.8738759220159,906.5133148269387,433.00120199122074,64.74072332103982,4.135145757944637,425.8947702474366
1913,9,20,1,1759.7986171544628,6696.8300720873085,472.29672162045983,763.5464826536487,16.09959332219424,87.46059696267675,66.26868211541174,186.65128334208606,1163.632782427258,84.8738759220159,1329.9857946108548,511.1323162642163,62.81402765878333,4.135145757944637,439.16160273462657
1913,9,21,1,3505.967634512869,11402.810536594008,461.3543778805698,763.5464826536487,16.904900348883885,95.74354209159229,49.37609721347509,209.15533878051696,96.97259831778429,232.32372763607376,1109.1098609105616,349.02659545038273,64.35522118556615,1.7721846317741845,372.16099894711243
1913,9,22,1,2577.673370137729,12045.794911014309,310.78963934303266,872.3664279295471,17.709388974123687,67.35412114165231,15.59258240951768,232.7612588850911,276.41318239559746,335.1777790902636,1060.6855182772124,501.6346724971187,61.65833626744491,4.135145757944637,443.14475220803115
1913,9,23,1,1857.5761809092996,12131.71092656186,357.11541338697276,872.3664279295471,17.709388974123687,42.48453689432288,38.9810422737966,237.15341387372828,14.499812884479633,197.08151967719212,1420.5810051665906,580.4981921351941,59.730825590135105,3.5443692635483766,431.2030531059278
1913,9,24,1,3220.634925737209,13913.775378079976,357.11541338697276,872.3664279295471,16.904900348883885,56.784651580860725,32.48433981149639,221.23759091825312,86.094618866813,253.18534155486503,731.7447312068774,619.1975465890885,58.18963206332302,5.316626321029859,417.93622061873776
1913,9,25,1,2645.1300126066967,9523.74413203851,530.8470208762218,872.3664279295471,15.295104696954436,32.330044544364114,37.68186728133557,194.8846609863359,280.03213602511687,56.82285157962939,996.3067978556469,515.510997801899,51.638540805635486,2.362961126170445,426.5534622809936
1913,9,26,1,1990.415396313296,2034.084763790417,527.6296214068096,872.3664279295471,15.295104696954436,27.35612769489104,41.580219758713795,183.35334118162424,280.03213602511687,56.82285157962939,1401.4998900230396,511.85684630277086,259.3459503743559,2.953665194859415,322.4026278020826
1913,9,27,1,2704.784203019017,3299.821676712054,384.78186328002846,872.3664279295471,14.489797670264792,34.81658799188979,48.07692222101407,194.33372865331137,280.03213602511687,56.82285157962939,1049.5415056513084,570.2760183295419,55.491932130148456,2.362961126170445,392.72768902947877
1913,9,28,1,3128.7832749372833,6459.406244176146,293.41249666408004,872.3664279295471,14.489797670264792,37.71810865028423,15.59258240951768,203.66897096370442,270.0680143607532,116.52536835289331,1108.308133383534,585.6092790380837,52.7950472120565,1.7721846317741845,370.8358655619914
1913,9,29,1,2421.3280333458915,10891.933583929536,212.98547378844333,1663.2878977095306,14.489797670264792,48.28757821111183,100.05302441935709,171.27874088176176,117.81277956386532,253.18534155486503,1160.741113652168,638.1849587967583,48.94084087246093,1.7721846317741845,387.41940617098754
1913,9,30,1,2967.598442565855,11180.167958669803,226.492180472006,1663.2878977095306,15.295104696954436,48.28757821111183,100.05302441935709,228.92003622947843,838.291730933865,345.9676576024342,1072.551085677515,575.3871052323045,42.3897496147734,2.953665194859415,387.41940617098754
1913,10,1,1,2595.9449350815726,13435.232409762068,1004.3223937877017,189.45861388291627,5.9032114981862005,324.7611652258506,67.85499960623694,450.21884185147417,1288.5202803597956,0.0,991.8171237042922,589.7753267600898,152.53822341242216,1.3708013619514534,380.6077556124221
1913,10,2,1,3591.004485414767,9647.537100676385,1278.8366504989951,339.6616127987485,5.165340750967293,101.58642122062093,67.85499960623694,400.1299105696239,1339.4928102615847,36.42847397768505,1125.2245842041837,541.6492064776991,142.87214449771872,0.0,385.25734643739077
1913,10,3,1,3865.4730204396237,3341.3015594869794,950.5663382958601,339.6616127987485,5.9032114981862005,87.18671200348074,67.85499960623694,427.78365295475373,990.4605716124058,15.411705684241165,1071.1079761287185,461.43113068043783,129.073939099288,2.056165830073527,234.75784075175326
1913,10,4,1,3669.4240668504403,2948.2126926539986,578.5823981528856,339.6616127987485,5.9032114981862005,179.9756163537427,0.0,364.13566480897714,994.3963036763056,17.513825811798856,1436.7759012128422,529.4266997393061,124.24089964195095,4.112331660147062,471.8327275979666
1913,10,5,1,2707.6483942801715,8697.657023408228,715.0431405013182,339.6616127987485,5.9032114981862005,167.9827749596734,28.27319233593329,364.13566480897714,1003.0357155240288,10.507940848508637,1728.6848938091036,527.8988863969435,121.47799850190513,1.3708013619514534,356.19740378143166
1913,10,6,1,2604.7350392980375,9362.074210308769,590.2813085999509,339.6616127987485,5.9032114981862005,171.98315527243113,31.09993231952999,322.4025405786736,1006.9714475881001,3.502765162359772,1867.5441014927828,501.91818425139644,125.61827513654622,1.3708013619514534,356.19740378143166
1913,10,7,1,2466.5625022345416,11287.332021073315,987.200094631048,339.6616127987485,5.9032114981862005,149.5826854297091,25.44562485234137,282.2303912922064,1230.4442340499584,30.824297964908855,2996.697150579622,515.6763796585504,120.10062300733914,0.0,333.53839782784155
1913,10,8,1,2951.796008019558,12367.287098224844,1017.6220401093937,339.6616127987485,5.165340750967293,176.78029183003235,31.09993231952999,165.37152197718945,741.1079469932284,33.62594267308369,165.57276888473888,504.2099042648134,110.43454409266498,0.685386195834267,338.76918750591835
1913,10,9,1,2612.6362565709865,12632.425769860973,998.9069689380734,522.2036224113612,5.9032114981862005,140.78516855928382,169.63749901559234,166.9401487588052,723.0707749244074,32.92553149603994,692.0993049947376,549.2882731891312,111.81191958723099,0.685386195834267,343.4187783308525
1913,10,10,1,2873.376426583885,1399.784373737396,732.1972950982889,522.2036224113612,5.165340750967293,176.78029183003235,339.2749980311847,151.81246511326313,777.1822911308709,52.541477435396494,481.0124643996647,512.6207529739521,109.74178126993972,1.3708013619514534,318.42722764675386
1913,10,11,1,2921.376321518186,2348.2787088199975,573.9076122900357,522.2036224113612,5.165340750967293,181.57742838769985,33.92749980312185,121.0291210027754,603.8660901183082,14.010883330153746,395.48417181480204,485.1122374860425,109.74178126993972,0.685386195834267,318.42722764675386
1913,10,12,1,2174.4149935608534,6643.340423697307,803.9516743545531,522.2036224113612,5.9032114981862005,150.37944167461882,53.71881718827466,174.24000217201575,243.90019580852737,68.65359429668132,442.5616122026567,544.7048331622974,109.74178126993972,4.112331660147062,318.42722764675386
1913,10,13,1,3242.9558645338284,5662.327338644633,963.7863460167591,522.2036224113612,5.165340750967293,127.98727137610076,0.0,142.94398491834266,610.1344633812802,524.0050860355432,385.2781803954689,495.04302421101863,105.60150463529864,3.426894766317689,303.3238067837076
1913,10,14,1,2705.771855178036,9399.951163399865,485.79546444401495,522.2036224113612,5.165340750967293,152.78630949762342,0.0,246.75647051271284,223.51118384788026,2730.716994043728,112.9954776613773,490.45958418418473,109.74178126993972,3.426894766317689,335.86319324030865
1913,10,15,1,2442.9576156311978,9873.874991097715,912.3398099462436,522.2036224113612,5.9032114981862005,179.17886010889927,36.75506728671377,122.07742280323798,301.92824538596557,819.640664497874,258.94997395942937,480.52879745920865,109.05716859806971,4.112331660147062,267.29722720838873
1913,10,16,1,2752.784097952919,8694.238859348676,347.77380552147116,795.8854933503017,5.9032114981862005,97.58604090786316,36.75506728671377,197.7158410313251,13.331572415733419,662.7219629472643,207.94406868891934,559.2190599141072,120.10062300733914,0.685386195834267,326.56401159040587
1913,10,17,1,3307.6470809575435,9729.757803727582,697.1085276172918,795.8854933503017,6.64116408555011,35.995953225178816,11.309442434372333,197.7158410313251,358.39160148425503,548.5283431963247,163.21568995523364,528.6627930681248,113.88205790455154,4.112331660147062,341.67518177149356
1913,10,18,1,1897.9711542179589,9692.804678760958,594.175636175507,795.8854933503017,7.379034832769016,94.39071638415282,65.02743212265185,233.71773862993967,613.2734496859545,439.9468788260618,250.31536849309975,442.333463901667,113.88205790455154,10.280829150363218,329.4700058560156
1913,10,19,1,1565.626202667415,9902.513662947156,318.1402821903796,795.8854933503017,44.273881636033835,199.97751791759785,25.44562485234137,155.46239181986837,293.3080322311677,460.25880296035916,178.12782195824096,482.8205174726256,108.36440577534444,20.56165830073392,331.2136024153745
1913,10,20,1,1292.0465545860748,9544.068350769998,700.2303607657525,795.8854933503017,113.63504131692096,94.39071638415282,0.0,95.47198221857072,1140.3063704384228,445.550168242405,91.02012614514095,526.3710730547078,105.60150463529864,38.38127932331678,332.3760001215908
1913,10,21,1,1435.2561176609659,8808.793546745668,675.2716232975109,795.8854933503017,148.31889476315956,51.19407859603669,48.063682221090886,128.85695123520114,186.64969329738938,329.95572613744355,748.5890265500873,553.8717132160921,106.2942674580239,58.257790433052094,319.5896253529702
1913,10,22,1,1250.8614595498013,8935.265616943669,318.9207404774352,795.8854933503017,72.31477051353441,22.397150025009232,0.0,124.68669954734851,0.0,285.1205448423646,616.7689865537252,474.41754409001214,102.83860349528211,32.89865328117128,322.4956196185799
1913,10,23,1,1522.465803313104,10334.865225056787,701.0108190528082,1428.0067805356496,45.75027785162913,32.7964789293806,53.71881718827466,201.8937445570514,169.39966764145134,405.6178651866157,673.2667253844112,467.54238404963434,104.90874181260266,21.246805491732538,337.02559094655936
1913,10,24,1,624.4727071802531,12083.671864105403,556.7534576933032,1428.0067805356496,39.847148193586285,36.79602928773382,0.0,169.54942550300993,54.11247614107915,78.4611239681463,626.966960697722,562.2746865987056,103.53136631800736,19.876511109727822,297.5118182525227
1913,10,25,1,1862.6132069206947,7762.83534456306,395.34194173658915,1428.0067805356496,39.10895008577275,32.7964789293806,138.54004919601115,133.555179742269,59.602342403001785,230.47960706870637,707.0034197224087,515.6763796585504,103.53136631800736,22.61782413080806,297.5118182525227
1913,10,26,1,1619.552010556628,10650.81444352202,570.785779141575,1428.0067805356496,64.93524463989627,39.995503583532034,330.79312308042165,153.89376503815845,305.8543781033172,201.75388284560344,749.374719526589,495.80693088219994,122.1707613246304,32.21278183310185,305.6486021961747
1913,10,27,1,2393.9700685378775,10376.437490644235,335.2944367873504,1428.0067805356496,104.77993762914421,55.99370501694484,197.91317385148508,80.86462355428665,0.0,147.11294507194518,608.1343810875422,517.9680996719674,132.52145291117455,56.88677179398405,355.6162049283235
1913,10,28,1,1396.9352138866454,9090.745890241209,692.4257778944817,1428.0067805356496,78.21790017157726,40.795579646087035,672.8981710952098,95.47198221857072,312.12275136628915,135.20595506220522,531.2326766935263,566.0942199544852,118.7150973618886,41.808463792466455,336.44439209341675
1913,10,29,1,1428.342552547036,9762.091788073376,453.04010796446266,1428.0067805356496,53.86718343159233,30.396250741715665,494.7787971287882,89.73310374915967,350.5585347423057,159.72034625873866,761.1440796235895,559.9829665852886,107.67164295261918,25.359137151880816,322.4956196185799
1913,10,30,1,3443.943078918904,9875.722647345892,322.82303191318977,1782.4827493910068,43.536501929676994,34.39580110006888,254.4562485233554,122.07742280323798,0.0,135.90636623925877,738.3910524060906,492.75130419760166,115.26758355000206,21.246805491732538,321.9144207654717
1913,10,31,1,4335.002856894245,12857.839832157058,274.47443741077797,1782.4827493910068,37.63337227163415,33.596554991935605,110.26437436011847,38.60505287245331,0.0,163.93167928522294,645.0138473314001,629.5063489863925,139.42463068583217,21.246805491732538,330.05120470912374
1913,11,1,1,2449.673650313324,7851.153313233934,259.9961397983041,173.45910934181182,47.13337630192289,343.7339233068189,51.30913720225784,288.9104458306819,667.3465685063961,1303.8287050131946,386.1199942988846,352.1531000734552,25.298883270704344,26.94453588453935,279.00644676921445
1913,11,2,1,2449.673650313324,4618.032027085925,936.5499445677468,173.45910934181182,48.48046508843945,174.83819848318092,43.29231724877869,298.7966204741937,57.91381735409068,837.3814589949206,584.6357472699297,1232.567351563385,56.067332780540596,25.56265338937163,270.5519407858289
1913,11,3,1,2742.9075763615338,4873.470503418545,732.5238133611825,1128.4167865784316,52.52009464507576,170.87931589150944,25.654982351126524,277.60868116472267,885.6357078595865,637.9327268585265,723.2063330439964,878.0989054968098,43.75978997359603,21.41773016094678,231.7976012598879
1913,11,4,1,2360.8837212063563,6078.049994519899,665.2212318855481,1128.4167865784316,51.17382426001589,165.60080576928078,48.10257472086523,224.62735513432887,317.1912063168916,532.3834222672708,480.3149614511286,648.9032781723647,40.340801689688206,22.798888399036194,280.4168226527914
1913,11,5,1,2249.081496791856,6497.560345704045,930.1788565093185,1128.4167865784316,49.15400948171363,165.60080576928078,28.861544832519126,249.35044358088766,839.3092616626735,492.805757782175,465.53110585247504,549.485156351884,39.65700403290079,18.65396517061134,288.1661406943712
1913,11,6,1,2800.1914015918096,8065.296672415909,821.7907209178663,1128.4167865784316,48.48046508843945,165.60080576928078,72.15386208128888,127.85456046254555,370.6499669614975,440.80687735992313,424.26619003560745,527.4736187655903,37.606426077650404,17.963023923023737,233.91316508523607
1913,11,7,1,2756.2408805098844,13486.966784714878,996.7567267185714,1128.4167865784316,59.253901774776985,165.60080576928078,72.15386208128888,226.0429451567764,370.6499669614975,402.0094177301995,662.4834901457062,515.3298652923239,36.23883076410485,25.56265338937163,250.82217705197277
1913,11,8,1,3011.2526679996754,8146.685930155156,913.1361959534578,1128.4167865784316,80.1272307541461,174.17423494580032,51.30913720225784,226.74691424906334,370.6499669614975,349.23033245249025,1286.852853655888,391.6242365250562,35.55503310731743,48.361541788415316,310.7089068773397
1913,11,9,1,324.7104003602474,8155.462297334188,750.9442217096882,1128.4167865784316,93.59238980914665,170.21535235412884,60.929652146430854,306.5708878408446,849.9933343143903,271.62654722888004,2581.4022915715345,516.8498033080341,34.87123545053,50.434365531170634,288.8713286361425
1913,11,10,1,2460.142763200121,10697.005849730296,942.2042852195154,865.5663956414116,71.3736088461426,167.5760972930145,62.5333471371248,92.53367644227748,345.7012654145664,271.62654722888004,801.807699795223,496.3582037375777,33.50364013695516,33.162282855719525,348.75805846150945
1913,11,11,1,2230.019810120398,8677.609953113542,1197.2867233530676,865.5663956414116,71.3736088461426,174.83819848318092,54.51569968365043,336.9410327014462,345.7012654145664,284.81910205724535,703.7403886873842,465.99882005434796,36.922628420862985,31.78040036055181,297.3258346195281
1913,11,12,1,2526.1179274305605,6726.669720497255,912.4990871475911,865.5663956414116,70.70088285435692,181.436336136033,65.7399096185174,716.2655958597081,1327.5896206047446,301.89494923431636,481.10065442763033,443.2312511233983,69.74247090108929,28.326418379707068,302.95958883575986
1913,11,13,1,2249.081496791856,6088.1197210735045,911.0655923345103,865.5663956414116,67.3339792895063,184.73125519032394,46.49887973017129,259.94823915456,832.1769472149806,260.75687503830557,548.0449029356844,451.57909722058827,69.74247090108929,28.326418379707068,279.00644676921445
1913,11,14,1,2815.401244842296,5619.738862120185,1531.6095692114593,865.5663956414116,61.273716553079254,211.12380580153342,48.10257472086523,175.88514733330982,832.1769472149806,259.20533129172406,335.522970067298,496.3582037375777,110.08408760586009,29.017359627294674,331.8490464947728
1913,11,15,1,2247.2049576897202,5741.2222604488015,1586.8787581169363,865.5663956414116,58.58035738150281,211.12380580153342,81.7743770254254,156.11279804638053,832.1769472149806,222.73075429987645,383.7869671952415,476.6226355119042,97.0927471421281,26.253594636959235,343.1165549272363
1913,11,16,1,3355.0543845960347,6785.517572006739,1294.2865390404274,865.5663956414116,57.23408699644295,196.60790296540466,89.79202447890658,351.7779465045875,340.35442941543386,210.31840432688344,425.0438657367729,455.37500459679177,92.99322126179253,26.253594636959235,258.5714950935527
1913,11,17,1,4766.606850438155,9154.674796433372,1393.5162355480827,370.4657590646089,58.58035738150281,196.60790296540466,399.252197683174,143.39544335797373,366.1958701867309,176.16670997282662,488.88542871520804,466.75485139900394,85.47063202210687,26.253594636959235,284.6402009854462
1913,11,18,1,8687.980983085028,6707.916009577141,1273.7397800523004,370.4657590646089,68.68024967456617,196.60790296540466,399.252197683174,110.89808754466982,882.0743503090142,159.09972876008902,401.68954287403994,451.57909722058827,74.52823948346007,24.180770894203913,257.16111920997577
1913,11,19,1,9570.448187276108,5853.929291596844,1074.7229168316778,370.4657590646089,76.0876011975098,196.60790296540466,355.95739793440634,350.36235648213994,360.84903418759825,155.2164364113833,440.6134143119282,361.2648528416995,65.63968496039405,24.180770894203913,259.2766830353239
1913,11,20,1,9186.449027802892,8274.358976914433,950.7256154974458,370.4657590646089,63.96707572465569,196.60790296540466,272.5784984182234,293.1495640601509,842.8706192132456,230.4973389972027,600.9829715462504,361.2648528416995,65.63968496039405,48.361541788415316,419.91229671933996
1913,11,21,1,5689.172732290187,14003.386706124651,1246.8219330062211,370.4657590646089,60.60017215983685,196.60790296540466,336.71802304603676,235.22515070800122,842.8706192132456,114.08722817970595,590.8651701550297,433.363467010498,54.01593981020762,82.90570713931005,306.48552854465044
1913,11,22,1,7019.5401906509815,10529.792959256025,1010.2156502416109,370.4657590646089,66.66043489626391,196.60790296540466,1072.6882437752477,453.4938284981267,842.8706192132456,167.62878638429115,581.5170271896382,381.7564524121559,73.16145918496784,56.65211250235081,285.3453889272174
1913,11,23,1,6345.270061606614,32381.099580180875,1053.4594104371292,370.4657590646089,93.59238980914665,196.60790296540466,782.467445459416,366.6072084698551,341.24716863962834,211.0897432180927,464.74541287597333,357.468945465496,147.6888836533453,50.434365531170634,279.00644676921445
1913,11,24,1,3773.325073991593,19707.101544732453,925.9580106708689,3511.7309602969162,140.7241293082197,196.60790296540466,359.1680979157588,743.8122125133825,350.1553621893332,200.2289369917664,481.10065442763033,302.8220548354793,560.6733278056403,60.797759987853965,289.5765165779137
1913,11,25,1,3827.744707960315,16340.67186026734,1057.680256275817,3511.7309602969162,161.60155029484054,196.60790296540466,181.18939894855563,480.3364760594199,845.5392375396235,134.25729688569183,553.4966501196191,318.76171568507635,614.0079150043667,42.83473606482274,280.4168226527914
1913,11,26,1,3666.362345157083,18164.308577372904,984.7312980083743,3511.7309602969162,101.67001211956942,196.60790296540466,181.18939894855563,274.07353202754064,845.5392375396235,336.8179824795824,503.66928431386157,362.02088418635543,231.7902903317414,38.68908857931959,369.89044876090105
1913,11,27,1,3222.3139344079405,17272.81443755161,990.3856386601431,3511.7309602969162,88.87839745781125,184.73125519032394,120.25229930217955,339.06059181618065,845.5392375396235,281.7160145640823,531.697678659217,421.21971353723154,170.256651372373,46.980383550325904,382.57608239498285
1913,11,28,1,3447.6961571235747,14941.072252154223,1108.0118519361852,3511.7309602969162,111.77727002567957,184.07559119714733,109.0313993672761,208.38250314661374,845.5392375396235,246.01277646335876,537.1494258431516,364.29685354684864,131.96724265301776,67.70644820661425,269.8467528440577
1913,11,29,1,3501.1281389328788,19510.326154285038,1170.36887630675,3511.7309602969162,100.32783374172952,184.07559119714733,141.0970241812253,535.4373612046425,845.5392375396235,204.10336337622394,537.1494258431516,324.0775610771171,160.68022411710658,51.81624802633836,305.7803406028792
1913,11,30,1,3626.26366749573,48419.67964384546,1117.1702910199822,3511.7309602969162,151.50247640323389,184.07559119714733,96.20514944169642,331.99794537969035,844.6464983152576,233.60042649045093,532.4753543605291,292.19823937792313,160.68022411710658,44.216618559990465,326.91273090227077
1913,12,1,1,2369.08123412741,3426.38612972335,6165.301914001558,707.2130723112994,13.232733043236998,409.61570530429526,65.45276712018361,571.3780440997027,1420.2233143056453,108.83857733397099,797.4463020480753,509.0611053930013,177.95039378001883,39.792132101407,174.28991207327815
1913,12,2,1,2747.154480646113,2771.3919896887433,10738.468922238138,707.2130723112994,16.346750560060354,372.6578349043582,51.67323720014496,439.78938671290575,4108.424307466694,85.21787533551009,1351.5522650882647,470.0231118992788,338.1090082423603,51.16151963239638,238.2450338704711
1913,12,3,1,5043.742046292761,4300.327535185037,5194.029539516223,707.2130723112994,28.022884045610656,377.58776416948854,44.09416474412563,576.2216575278768,3241.2193448821818,99.56477871138928,1275.6286682773543,510.62042004121133,256.41189606634987,189.66119969050268,171.73263711953334
1913,12,4,1,15994.039065102492,7683.386125885285,2670.441559629716,707.2130723112994,101.19533927862177,319.0676778927591,66.83055461216827,628.8586508501892,1446.7175106388001,109.68970990358417,1167.0747611157594,523.8903452050635,219.20645741077178,189.66119969050268,132.3970987404498
1913,12,5,1,8117.315565534507,5934.209955587338,3554.5893049181473,707.2130723112994,161.12687745389292,274.1090468672401,101.96454940828168,582.4579054647833,996.6041533707638,93.65118054567866,1220.549987169456,512.9672673403057,236.99823672844914,67.69848137881283,177.16490906668764
1913,12,6,1,10288.372541754696,4991.905268936169,3493.1879437563825,707.2130723112994,94.18982286758296,350.4897522997459,119.87992430434568,558.9055482259839,1226.7004889159966,83.53068233565999,1146.1496726599717,512.9672673403057,236.99823672844914,51.16151963239638,222.25819075066602
1913,12,7,1,6815.392489357046,11351.999989764903,2336.9150997785387,707.2130723112994,61.493866543121186,436.722016718242,135.72654921237026,623.3187201676018,1001.1158462246491,85.21787533551009,1139.1746431747579,450.50017748915485,186.0434935795718,47.02746026006372,189.3235890739514
1913,12,8,1,3438.0171659639927,20169.939434939704,1825.3963672991465,2953.3511661119214,45.92623416332685,431.17792118102136,131.59732423633886,682.1843095888527,773.5153407687814,90.2821141244742,792.0266239651925,462.9983206553002,177.95039378001883,48.577370396154926,184.51901188815398
1913,12,9,1,3856.8804466549623,44240.2812101139,1617.6988965990083,2953.3511661119214,37.363299793178186,347.4023218508864,125.39107427235298,572.7630267702789,546.4044019843069,161.99889907520344,960.9506139130683,487.9788563345403,177.14352884532013,49.09448994623005,265.1119195206332
1913,12,10,1,2792.4877147502652,42474.84566483014,1348.918619140038,2953.3511661119214,31.914382939824282,697.277907878542,165.35104904044613,542.9820734325409,775.560001572775,245.52514842868723,1081.8511249911821,528.5761644765998,149.63676970783715,49.61160949631265,472.9796266681344
1913,12,11,1,18950.08197740663,22731.714823255545,1365.2445322894775,2953.3511661119214,98.85471113192925,1926.1582219684426,121.94867429231891,599.0776975124512,318.26633312464713,221.06395301781316,988.8507318542165,539.5071176678829,164.20108928669035,49.61160949631265,1791.7973175752456
1913,12,12,1,16961.93818105908,19552.82224799619,1276.4474924771143,2953.3511661119214,1250.9266161535859,779.8168751203586,98.52214942824763,622.6224029133768,547.4219327131152,209.2456226507253,978.0274102391236,572.2999772417319,163.39422435199162,31.006893806659065,1001.9093295965143
1913,12,13,1,8701.215522017477,18989.287092254435,1360.944047850235,2953.3511661119214,425.78972233316364,704.6645022320333,70.9647445881752,532.5908774838117,548.4394634417523,248.06081420886,1098.126193790063,530.1433544513353,163.39422435199162,32.04040864973849,693.9591799419625
1913,12,14,1,6148.035925426608,13786.287096944976,1284.1724367478305,2953.3511661119214,179.8109825548521,492.7771383624063,144.68837416032667,633.013598862106,548.9482288062422,192.37369265178813,1051.6259972215803,395.06575420850777,160.1586144623415,43.409796180735356,515.1901620406275
1913,12,15,1,4811.643788895,10891.933583929536,1267.7668849978365,4115.185254221456,183.70657345631614,529.7350087624097,388.5857227450307,497.95865887983757,549.9657595348791,159.46323329503065,1005.1258006532443,498.1301522015913,160.1586144623415,53.74566886864532,440.6804690707837
1913,12,16,1,7777.2669271428185,9853.550772366227,1065.0866461436,4115.185254221456,128.4399235453913,3018.8762136281116,241.82859859666462,646.8634255685274,319.79262921777405,159.46323329503065,905.952105557946,895.5033770766937,149.63676970783715,40.30925165148212,370.32441057125624
1913,12,17,1,6516.133885137624,8522.037297004248,1722.5032951578776,4115.185254221456,254.5392189441219,1068.068345334017,296.2615482807877,601.8476628536978,782.1739513096011,135.8443044893512,778.0765649947651,973.6266160231639,125.37377061085954,40.30925165148212,324.59568480784515
1913,12,18,1,5859.740260173492,7516.727532285388,2208.6969526056187,4115.185254221456,168.13239386496352,795.2125296435696,2980.489482704498,535.3608428250583,1245.611201516087,172.12383026739835,489.0137051195618,784.6739071478993,165.00795422138904,40.30925165148212,323.31704733097274
1913,12,19,1,7875.242021329459,6658.398822121837,1890.4611040942875,4115.185254221456,259.9897726003574,637.5294890576318,2217.782737130353,563.0681480757746,784.2090127670464,189.8380268716153,635.4813070348874,768.2774773609749,160.9654793970402,34.10743833590482,285.57786846846074
1913,12,20,1,9511.781649023205,7631.189836869855,1657.4385583624985,4115.185254221456,395.4352125568193,684.3389184436257,1213.9424929555878,576.2216575278768,606.4867117122872,2792.7787439083527,795.898967920934,974.4141486737942,160.9654793970402,36.17519227914946,267.3514724346788
1913,12,21,1,8655.882287912926,7133.985540442816,1561.6333216860785,4115.185254221456,329.26745533335986,611.6598097320698,552.5631217934823,531.2058948131413,782.6827166739196,4609.326162446086,1001.2775085233649,714.4023687286649,160.9654793970402,36.17519227914946,298.6897145948219
1913,12,22,1,8992.276613315846,6348.824017713084,2094.495199160812,3749.1492304758494,243.63811163161904,621.5113687181265,516.7323720014205,558.9055482259839,1719.1469642379275,1252.938070124179,765.6738401513323,707.3775774846863,160.9654793970402,51.16151963239638,486.73466619193533
1913,12,23,1,5480.778126712072,7374.4580011634325,3627.3789859840044,3749.1492304758494,188.37146172066244,556.2188543600621,375.4946728209767,462.6377748595124,2662.762724942553,932.3448022520543,307.6629385025377,690.1936150470045,137.5093452347906,52.19503447548329,382.8008126181847
1913,12,24,1,7037.515459947519,6232.975970942292,3951.5877295500377,3749.1492304758494,147.90151002373628,568.5353779786177,271.4530984247405,482.0351840863946,3149.545585830971,667.4031920799238,349.51311541411354,683.948481127258,138.31621016948932,51.67863918247899,299.65063003199515
1913,12,25,1,4075.447869472569,6543.936517537371,2894.863136482782,3749.1492304758494,154.90702643477508,528.498376674025,383.07457277702343,462.6377748595124,1271.5294370592565,570.3652131844591,378.1909090564273,553.5645754822383,139.12307510418805,46.5103407099886,314.0411136352287
1913,12,26,1,5225.074982710568,7841.915031992277,3927.2183177269485,3749.1492304758494,159.5719146991214,473.67988711824535,996.9719942146595,286.03335475797985,2225.8004723761255,369.5599885152839,237.92066092500323,645.6901449576404,143.17370007939215,41.85916178757333,285.57786846846074
1913,12,27,1,4404.533568897552,11001.8691307057,2908.162782804474,3749.1492304758494,122.98936988912399,442.2661122554626,472.6348972573146,481.33886683216974,1520.0565178797344,403.3127144774064,332.4683881892567,661.30691742046,143.17370007939215,40.30925165148212,640.5508799993445
1913,12,28,1,3914.0655066689374,25485.646461397206,2311.1918317431614,3749.1492304758494,103.52778341081081,474.29405339033565,462.994522313276,355.98645738227924,805.5963567634053,364.49752291918645,371.98553799718945,732.3581131639264,145.59429488348832,44.96043057389738,597.061707149979
1913,12,29,1,3502.412086739603,51392.55854741574,1708.486901429526,3643.845873326059,92.62667609830797,532.1999733949749,5379.494718783265,389.9223587319342,808.6585482962074,303.7479357660171,401.4410073406687,812.8124487563133,158.5367344420888,588.0967432263794,412.5349459437492
1913,12,30,1,4341.126300280961,67632.53314214858,1555.5807880308219,3643.845873326059,84.06619693246586,503.2428636205533,1491.6514913440694,445.32931739549315,809.6760790248444,303.7479357660171,499.8610785603703,761.244810790471,152.87237959748725,817.0344039823706,487.68783231103276
1913,12,31,1,2732.6359939065405,110859.37490005225,1522.8493231313885,3643.845873326059,75.50571776662376,451.50350496942906,670.3742961098548,407.9271334502725,661.9997325072637,271.6886089787876,709.1039458432065,855.7329782177643,152.87237959748725,817.0344039823706,575.9525648047119
1914,1,1,1,554688.2807537257,633933.5937288466,229310.30478688065,50608.363360252486,32849.54958759482,660.5618597067656,28595.023339775962,52053.15680621376,68075.60277617347,877.8948075820917,1861.2121933542094,1048.4699524323776,163.6357797551555,127.15690331067566,2003.536131931622
1914,1,2,1,368478.53819164017,351368.8833523429,380842.8453770416,50608.363360252486,0.0,615.3860157684202,51520.35445706321,109088.85887825247,109792.93057625016,802.6123555403773,1902.1317917198514,971.1313845853668,214.18407548040307,104.03732939458067,1890.1314700356575
1914,1,3,1,202958.76702534172,207748.5222862714,164942.499934423,50608.363360252486,31154.24546135612,639.2574128535822,18862.629894048692,45439.98391115215,5523.6351899675765,993.5099308215053,1850.824910692259,1276.077482031005,188.91156975587896,90.1658863360516,1795.439383929084
1914,1,4,1,141874.0895711126,167000.41984426946,87296.15333927702,50608.363360252486,15472.008484377104,1779.6281536105896,9751.5980413235,20005.301319452083,43789.40762471208,5985.305995390054,2372.077640642231,3735.394169865704,1371.6122892415167,901.6588633606239,1425.914406681449
1914,1,5,1,83317.529574102,128924.32411977579,58577.384407605576,50608.363360252486,10715.72360111253,3384.654088540776,7347.430473902861,14037.126485835885,26209.489270638907,6734.073844817237,6551.857230622256,5398.235590712611,3337.9741641419378,3726.820480289841,1420.0909240434917
1914,1,6,1,61097.485531759914,104208.26198282445,40121.257362097334,50608.363360252486,8079.646970480177,1939.1014868656143,5783.43298866521,10402.989817944466,18909.434657890833,3016.915010736485,4874.7832299133215,3106.6961361366903,1458.0872828380366,1336.3164942988358,1165.4708410611606
1914,1,7,1,51607.68531822536,86172.21663964303,31076.239784392626,50608.363360252486,6520.048031453055,2501.5984072738547,5075.093162704455,8395.077178067017,12473.019640035298,9827.597526957914,5042.710966283166,11433.878913670535,4841.187402620634,2422.983168478187,1257.1301993673972
1914,1,8,1,46895.29802365128,61931.77169840712,26439.07584314693,105585.11140998843,5557.444106673859,11821.983887405957,4559.914398257167,7649.702912280188,7392.875052850324,37085.774146770586,17228.724742643117,19394.187859817233,7955.666568120541,4109.460199758538,1150.9202002318186
1914,1,9,1,42025.2728517761,63846.2645115018,14099.231254556706,105585.11140998843,4826.091523756723,11821.983887405957,3965.0675372394635,6697.488906708438,9399.025064883876,30482.761980119307,22740.27987635448,30048.459881790088,11988.100944795406,5567.257272710748,1092.7176369145432
1914,1,10,1,38720.788848849166,54794.841755942456,20562.83165849102,105585.11140998843,4315.748381780098,11821.983887405957,3612.322481351721,5894.349754293951,6693.172735255977,27003.386476425585,11616.60182679479,10556.510099849236,4076.2794645789495,2135.099505523584,1258.5981686749858
1914,1,11,1,33140.40799238501,48774.81062139617,19268.770581770004,105585.11140998843,3946.231377475896,11821.983887405957,2971.508491519742,5404.513877107891,6337.588549275999,16451.36112598551,20650.23269829364,14266.48616996279,6742.290708483339,3213.571061301689,992.331120416831
1914,1,12,1,31719.69662320769,45366.666053214576,18289.843549638594,105585.11140998843,4084.497039917967,11821.983887405957,2818.1195279830085,4584.66694358375,7916.628036191906,11435.599497409468,14899.455297214154,10059.346288613571,5004.9085735582585,2789.353167591516,1142.1930420404344
1914,1,13,1,27517.661956396903,37591.12650526494,17258.617676065118,105585.11140998843,3996.6323109586824,11821.983887405957,1839.9241587402491,6271.634764934762,4600.20831159719,7277.199680169598,10379.256125445969,6798.008566572363,3009.382325580017,1752.4597860548697,1954.0123322131508
1914,1,14,1,26639.81602717577,34354.6583686831,15713.790359606131,105585.11140998843,3599.893412099674,11821.983887405957,1373.8100385260632,6145.355023989069,4565.127645264431,5339.983256229634,7730.813812764769,5268.834355610883,2225.7540129276367,1199.9069407638192,2162.10908021578
1914,1,15,1,27849.686735462714,26351.998249746328,14198.464953704219,29150.67970316698,3372.4154021560207,11821.983887405957,1361.5438774678157,5183.94526292287,5258.550933087279,4284.624695378275,6492.366429921536,4364.092203594717,1668.248119915298,959.4615642898076,2160.657242439021
1914,1,16,1,24654.56400991284,29644.57852739525,14386.204384524266,29150.67970316698,3230.3764077954725,11821.983887405957,1140.7529784189137,4537.522506964,4838.94794356604,3718.5630663467264,5557.038841125247,3714.419793846383,1349.000047277466,787.2134323053579,50688.49624601997
1914,1,17,1,0.0,26793.54735981386,13233.21608010459,29150.67970316698,3027.425055322098,11821.983887405957,1061.0229315401373,5705.7720078151215,4656.856080189017,3789.866860301422,4181.982952968848,3418.290044286935,1297.1249039482686,670.463124199746,1647.0293000822396
1914,1,18,1,0.0,31565.08335560471,11730.630135579764,29150.67970316698,2895.6279618831713,11821.983887405957,1011.9582873071482,3828.6722277891854,4685.657716750276,3698.4357371999013,4372.101702298429,3412.7798268579513,1176.050060084367,620.7651543364692,1754.7879261797368
1914,1,19,1,0.0,29188.333380381035,12191.530438242,29150.67970316698,2789.705144456822,11821.983887405957,969.0267236031135,4157.258589613807,4715.824359783413,4440.650502718745,6809.493317255318,6352.747448536921,3180.985759511678,1338.6213713491818,2006.4398074851404
1914,1,20,1,0.0,30186.995891049617,14018.771498491284,29150.67970316698,3177.4149990823325,11821.983887405957,3790.243767004949,6285.234121651882,6896.695200244824,9742.875513572,8810.776443476754,6631.102303165054,3093.1313698911417,1968.6361629988025,1913.3608744638038
1914,1,21,1,26651.638867972913,44745.42449139341,16975.66753390089,29150.67970316698,3970.7580349461746,11821.983887405957,5259.085578578389,6460.212511413591,8826.131848546875,6580.856502008852,9948.970810324223,5702.008545092662,2849.602286139381,1894.6691936054472,1778.017330607883
1914,1,22,1,52761.397532723284,49499.59244352045,56549.79855475275,18730.51831594327,11183.34723529757,11821.983887405957,15584.219574838648,11838.822851917206,13553.285762048923,10126.07489640037,9210.686825965407,7518.247309198803,3283.4551784334985,1662.2230963061468,1821.7337792193175
1914,1,23,1,42547.44832033653,42017.973634496884,75192.324035146,18730.51831594327,20776.235066949044,11821.983887405957,25241.033644348325,10440.938499069593,24471.836031665614,9547.999280203718,16819.528758986693,10484.699524325617,5668.6608031771,3258.7647289554875,1772.2099795008464
1914,1,24,1,32199.506912243556,41673.284767938814,36306.12392865466,18730.51831594327,8949.265215839312,11821.983887405957,9199.620793701471,8712.91357220092,14875.840532858876,5923.51977568319,8660.318227947577,6200.238850024253,3082.457472086788,1794.0379602963465,1722.6861797824665
1914,1,25,1,73462.20653257568,52156.23512240321,56339.26219304815,18730.51831594327,13248.303127694715,11821.983887405957,16442.85084891742,16740.160530487876,27690.521292858728,4206.61179170797,6631.020915152926,4930.755854012564,2405.4039236656395,1329.3717340360301,1727.041693112744
1914,1,26,1,121184.11817532552,150968.37953921966,113076.8001786205,18730.51831594327,24216.705205492253,11821.983887405957,32403.7282986767,24171.885182243488,40170.775467196225,3706.549079181622,6023.522262493568,4209.450617690199,1895.8484638666812,1154.8187250012345,1677.679208702842
1914,1,27,1,81401.24412815887,108216.2720590869,68189.64326557245,18730.51831594327,17326.331598609537,11821.983887405957,12710.964272401829,13542.368936694893,21687.222828598125,3182.146340710112,5691.129217308167,3584.12981399832,1656.260511611909,1006.8546571027562,1629.6072467611298
1914,1,28,1,74576.50927774879,104876.2636622011,44378.91945390092,18730.51831594327,11068.39537363772,11821.983887405957,7362.670249763102,10684.302225466528,15288.072487430678,2908.0089972126793,6032.807863661106,3273.602399544,1541.9020126741423,907.44365282031,1622.3480578773344
1914,1,29,1,62804.90079027874,85504.21496026553,35921.258095474615,22870.467764223013,8566.811073528892,11821.983887405957,5593.369442570456,9502.453367898115,10295.970817695574,2792.3938739734044,5804.287645096129,3018.354908326809,1487.3666055844722,875.0699222243244,1569.9689771979247
1914,1,30,1,53908.2130900899,77488.19480774063,29906.89132957286,22870.467764223013,7065.42925553007,11821.983887405957,4240.994210742174,8510.606951321992,9826.135590001522,2753.3874221383207,5161.692567684838,3229.34291116438,1513.9692431892033,855.4257413508125,1858.0297236383874
1914,1,31,1,48443.10493140291,72812.18305210069,26853.44358688448,22870.467764223013,6102.690568896559,11821.983887405957,3544.9205458395527,7803.310884343271,8049.852667868266,2583.9433953664957,4961.02915262248,3088.032496458579,1314.4166183913733,846.176104037661,1609.2492548247517
1914,2,1,1,16037.683541934191,35002.61999767883,4705.152435121215,16890.150295782765,5741.259275846288,3595.590433693795,840.0957418129318,1882.669040395935,3389.038068910047,773.4043244062387,9357.053081658134,3901.4116885264475,2359.25984238833,1371.32652217463,3392.622253675896
1914,2,2,1,22165.856022019758,37556.390417937335,11705.687611199515,16890.150295782765,5320.66752878822,3595.590433693795,3654.07698919645,2037.4426716061762,2377.841274384277,613.4778718821077,9658.91381114007,3581.819077657111,2222.96237811726,1286.317233317864,3328.257445572786
1914,2,3,1,65339.91490462917,65870.97760169407,47425.66221691721,16890.150295782765,4781.3505881516885,3595.590433693795,19260.35087381671,2421.8511548130805,2291.982367289465,669.8499960742762,10100.058558135788,3633.366272958617,2016.052974525067,1153.2218820774744,3000.948684567156
1914,2,4,1,37500.08053649752,46718.03345059427,24052.10307986823,16890.150295782765,4397.5488272989,3595.590433693795,4642.1844077792975,2570.2784195552745,2291.982367289465,525.6509449302149,9292.368639626093,3383.0957523223315,1869.574253886738,1051.8976791976804,2815.5973950672383
1914,2,5,1,28316.68894696717,50712.01549158973,14815.323083540577,16890.150295782765,4078.4327564775535,3595.590433693795,2552.104903820273,2404.8843383372964,2223.049540448852,496.8173757336048,8932.590940149867,3313.77366208928,1748.712887978893,972.0404684534428,2788.0124773087236
1914,2,6,1,37145.39531256985,58110.134090691114,17785.629078294347,16890.150295782765,4157.5379649116885,3595.590433693795,6896.060527081917,3466.7998214278923,1782.8349531992399,595.1292369389237,8484.521338046028,3489.5673729622476,1616.537190398466,910.2155311030823,2719.6147864923837
1914,2,7,1,39879.42724701292,64778.12685423314,27847.121574294215,16890.150295782765,3921.569958151443,3595.590433693795,8678.61870026692,11864.85590620446,10861.219997788929,547.9314302183471,8700.923060172025,3542.714308807756,1506.9244706382808,850.1079531235348,2529.101407119524
1914,2,8,1,32177.83170411475,51905.066490956946,28533.711492720577,10595.295072146413,3976.9570802408316,3595.590433693795,6527.208391016659,16547.179182786378,11807.032982301562,618.7203390087515,5968.752953911914,3384.873241815463,1487.4487124906252,791.7177345148539,2455.3803111216735
1914,2,9,1,23800.36376228721,33722.728779992605,18275.092594360278,10595.295072146413,3664.4443402768043,3595.590433693795,3611.950779501444,12097.599182593658,18438.507425018848,1517.975079616006,4278.773541410783,3462.905030565044,1372.7289431656088,753.9358283562872,2394.887070423315
1914,2,10,1,19964.837160201223,26383.394328676266,13967.813652982935,10595.295072146413,3416.482528489907,3595.590433693795,2390.538499578117,14340.19786410534,9423.049178792755,2482.6826464024657,2143.557422077254,3365.320857390786,1288.7171567546775,716.1539221977384,2206.954735986835
1914,2,11,1,20036.759441720165,22053.407442954634,13395.476588170024,10595.295072146413,3218.7868883315523,3595.590433693795,2390.538499578117,7159.478482044846,6814.248809330518,2482.6826464024657,2981.622273219815,3370.6533258701807,1207.792590016391,672.3612582412189,2154.3659454063677
1914,2,12,1,18759.892635580116,23560.41923162884,12523.158732825723,10595.295072146413,3052.625522063456,3595.590433693795,1663.1179786377397,5535.585772325363,6558.992599049196,2482.6826464024657,2329.584211570156,3244.6293208055877,1176.0336387031366,652.5965609206183,2033.5407793180382
1914,2,13,1,18024.90603266321,27778.849836895162,12809.46136482577,10595.295072146413,2899.6708175101367,3595.590433693795,1623.2219800441712,5578.585643088402,6172.013264211177,13872.72260806851,2700.3787259911815,3475.347457017195,1121.7445523320428,626.8361703579756,2112.4239651887397
1914,2,14,1,23930.415011060646,35561.73740331814,19339.8433662946,10595.295072146413,2767.7389622169662,3595.590433693795,4572.676161782413,4756.795944318885,5524.863695792483,4686.235123472818,2660.4034260493527,3201.969572969739,1094.074524946911,616.5320141329005,2103.228992602659
1914,2,15,1,21221.013994945515,28390.739375204732,19837.352857966758,9046.855575616704,2670.1713797530356,3595.590433693795,3572.054780907875,3368.2368646488726,4795.540737753694,4472.635793223543,2639.786243796049,3017.466163580243,1083.8275830547288,602.7931391661637,2076.934597312334
1914,2,16,1,17677.117465866864,24606.509861533443,14665.131538884716,9046.855575616704,2612.2237824332237,3595.590433693795,2175.323128283035,2998.722914989396,6098.166414070939,3496.0702650792487,2308.967029316853,3853.419472211205,1079.7386591265479,587.33690482856,1916.4258653258914
1914,2,17,1,16375.619741398876,22659.284966149426,12744.825360786514,9046.855575616704,2849.5394077358374,3595.590433693795,1675.631940929543,3012.4517893896673,8355.068115027916,3496.0702650792487,1549.4048538079942,3640.476230931143,1175.0155130664282,606.2278579078434,2082.096687185276
1914,2,18,1,15070.181069998102,20158.95468024088,11070.86013584217,9046.855575616704,2813.962278218544,3595.590433693795,1288.5664142019396,3404.242780528796,7705.598035606653,3496.0702650792487,2366.883999311141,3592.4840146161305,1092.0382736734357,578.7501079743519,2088.7106148349767
1914,2,19,1,19409.163642714237,35335.28483400901,11338.925223134047,9046.855575616704,2570.0433220586115,3595.590433693795,2229.9633002698447,3131.219504719984,7015.041261375342,2689.884918550669,3089.1149104648953,4762.249850061482,1039.7854385757587,551.2723580408423,1569.4850312723079
1914,2,20,1,17856.43055129739,27806.237905750266,14591.376762491374,9046.855575616704,2482.98716422479,3595.590433693795,2480.36644672195,7525.88400731179,7149.221397581852,2670.2256668257896,1564.5765818174814,3931.4512609607855,1047.9797078132933,553.8483970971156,2115.0050101252104
1914,2,21,1,21574.71398214013,36575.76395261226,13970.495644852119,9046.855575616704,2381.3767261338244,3595.590433693795,2909.558183144673,11447.03186077825,7779.44488574689,4467.330915774048,1829.263430014912,3574.7091196845845,1015.202630863272,533.2400846469834,1845.4471295730807
1914,2,22,1,19777.642180906347,27541.709240716722,16319.920521966631,7481.078430010914,2289.0648559849133,3595.590433693795,3379.76102371157,5982.033225699275,6357.10814182698,9073.680825888503,2499.243161717031,3674.0707823519742,984.4618051867259,531.5227252761346,2096.6150649529586
1914,2,23,1,19555.96391595125,24485.601557566533,14962.832636327255,7481.078430010914,2214.0025031776736,3595.590433693795,3533.3977884818596,4531.953246594173,6169.556252561365,3552.3955815290706,2780.329325874838,3269.5141737096596,985.496352204665,510.91441282602034,1848.1894898181208
1914,2,24,1,18077.123579518826,23111.522103087962,13715.706417310812,7481.078430010914,2113.739683629076,3595.590433693795,2725.194065420348,3533.6309458668507,5850.281238739052,2453.9738978518367,3339.983525060435,3262.404215737133,937.3488624163998,515.2078112531245,1869.1604799268437
1914,2,25,1,15365.75208993761,19593.157257808776,11569.174225075,7481.078430010914,2025.3359072528162,3595.590433693795,1883.9088776865292,3502.935254990796,5403.924122364911,3271.861179930844,4238.798241468954,5642.640396021423,878.9544307359527,482.57798320708633,1699.6180906627985
1914,2,26,1,14057.357708337704,16126.896543520992,9370.074992209498,7481.078430010914,1971.2964037057961,3595.590433693795,1420.6444716576143,2399.056042601339,5405.152628189818,14820.579387662316,5278.156039956262,4520.866776891085,881.0071033906002,478.28458477998225,1741.7213861889045
1914,2,27,1,13138.131836324443,14501.648457597003,9226.320228038974,7481.078430010914,1954.1816482183683,3595.590433693795,1125.8105640388958,3241.5685706540703,5373.757479331774,6478.19152077871,5036.887792669687,3896.079220047053,901.4845657937335,520.359889365653,1933.5252880299536
1914,2,28,1,12205.11265004795,13888.42291592803,7732.718956275083,7481.078430010914,1939.6273679612932,3595.590433693795,886.7567140810955,2476.5076170480347,4773.837134847386,4923.550376437762,4988.72857305473,3851.6419827180735,882.025229027367,534.0987643324078,1911.2637754529496
1914,3,1,1,4962.243330095937,6487.565509942062,21286.96946308113,8133.583195911357,3852.0328413677807,1562.987474608603,784.204173596874,5863.3950280519375,8351.51909820044,4519.131483810995,2668.272579581286,3411.8910821113855,1154.1603588948146,524.9093852428095,2096.2924343359114
1914,3,2,1,5003.918843907614,8032.720194508994,18375.667289441943,8133.583195911357,3584.934846279938,2067.945027497103,1071.963355999194,5412.9325265042935,7277.395505311345,4026.0899326149306,3052.4446550065295,4035.9676431582106,1710.4510696956193,706.3770254286251,1870.6123177036025
1914,3,3,1,5316.632983004047,10291.901874162579,19945.9735286551,8133.583195911357,4612.628746653239,1992.9206366577966,905.5772177653532,4934.623723106997,7852.609232650917,4488.238373957633,3083.7638860632082,3648.297184701106,1386.473639261377,641.8856616866702,2012.5697892092242
1914,3,4,1,6731.334408109313,11052.755786973019,17217.046802098033,8133.583195911357,3614.986739773655,1786.0765310050003,739.1910795315124,6150.147178260849,7116.324741604419,4596.364258444678,3734.5428831476283,3269.158675811171,1287.321339349489,599.9007444363206,2170.497476259288
1914,3,5,1,30197.505870517653,33766.14888915211,14089.844283015878,8133.583195911357,2720.7070750899957,2052.940149329242,946.5015914780034,5716.26294013988,8705.874778355512,4599.48477459144,3506.652196865042,3339.9027576386366,1306.5671981598575,598.3942888478456,2152.7527923210396
1914,3,6,1,54341.71725266842,45279.825834895564,18971.069484327465,16112.299012914355,4388.78930677382,3400.5270175117107,3892.3378752071426,6126.05688921897,7890.829413869426,4041.5364875417504,4605.5007960533,5056.6021101280285,2256.4619958417215,1268.7820902681992,2088.2266689094513
1914,3,7,1,31412.302762470426,37221.05357489003,18910.72466727829,16112.299012914355,4623.140171283279,2704.72229519898,2149.427899382266,4830.621023640958,6465.899157652463,3860.702576834035,4799.081972936941,4119.687398285904,1790.4231963221198,1069.3123058002743,2046.4460040003923
1914,3,8,1,21958.956308062163,26552.3987535589,16197.88989193369,16112.299012914355,3937.0675713881546,2545.0009474288076,1399.333565576555,4437.275820305735,7264.291443179106,3894.7162028342977,4333.070700780414,3847.1982589852446,1595.1072878835466,895.3468144449758,2186.6290071122075
1914,3,9,1,17703.7188576615,22172.979743562984,14910.533794884754,16112.299012914355,3133.2131108942035,2473.200745286763,1322.8868850416877,4944.726102382647,7606.771567027116,3829.809466980534,4630.839470425902,3841.5102926071313,1605.4691794444013,856.3446792597724,2125.3291898710936
1914,3,10,1,25914.681791589916,38485.58075395155,12945.4383525768,16112.299012914355,2977.293645547799,2417.3974793731713,896.0368702756555,5830.368018881568,7014.9047607281,4146.697881689164,4484.945363945426,3841.5102926071313,1651.3340972406734,836.851143945099,2393.112602029417
1914,3,11,1,40377.95703397846,52250.423359195556,11814.84468026178,16112.299012914355,2870.0232095790816,2434.63448817759,950.5903118307149,5439.6131692066165,7050.667930296799,4021.5651842020557,3846.1274802293883,3824.0908955740733,1574.3835047618365,812.8533064209478,2359.2363872383403
1914,3,12,1,34074.412415395156,59784.81430088939,11498.90603811107,16112.299012914355,2728.5232626355087,2356.3859086411344,816.938716542294,4736.720703450739,7875.268340087647,4151.378655909446,6161.547215442339,3687.2242046013316,1370.1836290738088,733.3727095738155,2649.4426272822366
1914,3,13,1,53396.87522559418,76820.19312836314,11363.197249547222,13914.6348462552,2427.465280281158,2802.316006918894,950.5903118307149,4808.991570576545,6120.962022154912,4639.739432885228,6105.0466930836565,3622.3458381011087,1473.7697019198379,722.8727141222594,2631.6979433439888
1914,3,14,1,55369.319165325694,63943.12475501127,13761.300279081674,13914.6348462552,3409.474912069857,3037.061745528373,934.2230403580614,4976.45793472288,6796.503725193412,4970.514144447158,4886.901726352532,3840.088301012488,1549.225948706044,721.3662585338025,2815.5973950672383
1914,3,15,1,32739.416642,43739.41396225232,12757.430722570009,13914.6348462552,3046.6960004772873,7175.183931159137,3630.5358720139534,6225.0083990471,6231.937048335994,5526.902173423467,6094.502027350879,4798.51063572201,1821.459606860934,764.857631372627,2697.837219840996
1914,3,16,1,25193.488502936856,30513.648712265025,11450.630184471906,13914.6348462552,2363.3186376667595,5313.090951254013,2851.8204957390367,5368.507961227968,6226.067520505949,5882.328962545235,6350.721666348106,4523.177513232064,1864.4836257031375,800.8619199368095,2789.78694570253
1914,3,17,1,20780.613175235078,25593.816343653005,12752.200838425671,13914.6348462552,3611.078646000933,4157.343310556478,2718.131730265531,5166.848928763934,7623.5611466338005,6253.202306593685,6054.369344338454,3926.4742903798788,1596.5852121949463,740.8748584043506,2901.09450858764
1914,3,18,1,16876.120001830503,21728.75862677749,12373.637686137376,13914.6348462552,3048.0436190195855,3773.5408483290907,2765.8334677143584,5595.681977247165,7179.52454126223,6330.5911070346365,6442.94814574157,4503.091881959539,1663.157491731639,799.3554643483525,2870.444599967129
1914,3,19,1,15433.733424523767,18637.9148562997,10959.691572878235,13914.6348462552,2449.7009862294317,5145.805160771094,12971.155567577189,6412.809039427882,7685.532440466704,6010.582176179244,14114.428540876217,9166.15781830299,2252.02822290758,917.8381963806883,2839.794691346618
1914,3,20,1,16271.184647686423,19778.86172467551,10916.64560338297,9090.082552029093,2200.930603317141,4313.840469629502,8803.510521951057,6113.364156282877,7739.313695467265,4911.692415079789,15947.62654765721,11009.76992060377,3906.3181687710535,1918.1699007854224,3175.169217778617
1914,3,21,1,23875.241754005285,22828.28939103206,9933.561483855508,9090.082552029093,2371.134825212202,3456.2062761675593,5711.694531566887,9526.673174623143,10959.090961838043,11225.276709114363,7626.783603073749,7028.548953834611,2348.257516959188,1145.7950560263675,3351.0029040754066
1914,3,22,1,20987.512889193287,21105.513059918056,10602.047957166853,9090.082552029093,1977.0911634377912,3127.0910145354283,4562.020708741883,10478.239591779655,14403.54829351501,9978.006405234213,10315.988131049764,8377.663479139424,3415.15465595812,1844.654868068601,3310.674076943107
1914,3,23,1,17073.16734845705,18563.09866820941,9668.580687212709,9090.082552029093,1779.3955232794362,3679.295332564069,8213.00018251962,7676.64259034847,9916.089516512504,6774.172477303756,12652.182431587074,8400.770842550364,3551.2879064167664,2264.654686131098,3617.011847839923
1914,3,24,1,15169.689980044113,16899.774486560153,9686.818231920875,9090.082552029093,1695.5736499471172,3437.9772093025495,7997.537009991094,6854.464338530014,9412.402128310328,6398.462333227755,11839.298871746289,10660.848733097304,4879.94186234106,2921.4693226994104,3562.164642939941
1914,3,25,1,14370.662989473842,15753.48360474926,21679.88127186829,9090.082552029093,5201.8075733555825,4162.675622632667,7280.152439007527,6174.237467302727,9406.396099833311,6485.0566563017255,9206.594866128957,8283.989782850147,3256.8525408288247,2074.088054190969,3789.6192279660563
1914,3,26,1,12598.222106567995,15665.307383071697,19370.686272786264,9090.082552029093,4744.964887509072,4085.543108414434,5826.302602060772,5977.6296244766045,9419.636662612522,6066.283389399713,8143.47222397525,7184.079284485695,2861.7541082551347,1661.7711596296133,3834.7875143541587
1914,3,27,1,11504.609332790646,12575.131614272761,15846.548957114053,4438.086724620152,3529.8172478990373,3463.770718880305,3679.600516247055,5914.16595979631,12975.888024354022,5580.887102763425,7768.270983576581,6910.3459025397515,2661.9058985950364,1489.2368010833436,4242.753929624298
1914,3,28,1,11013.961439690682,12007.330186802395,17042.71733062259,4438.086724620152,4328.550757932143,3033.8375568311117,2723.5833574026306,5461.242622271201,11516.423104392994,5162.113835861413,8959.503445228673,6650.832436539089,2488.8245403520345,1355.7648359458485,4531.347016582957
1914,3,29,1,10050.399914686766,10879.075350335006,16960.916578622575,4438.086724620152,5094.537137386865,3026.397121375996,2047.0859899465163,5386.3814014849495,8724.984868964766,5325.940933568926,8356.411518547415,6799.252809217417,2571.752515601276,1313.764854139588,4458.7551277448165
1914,3,30,1,8868.214358600688,14382.076156987809,16960.916578622575,4438.086724620152,3730.208125141988,3422.9723311346875,1456.575650515193,6101.966600176921,8880.186104841647,6783.377999936773,7552.341410662377,7871.789969387459,3012.666601827547,1484.7324988738474,4204.038255577326
1914,3,31,1,8324.363681911453,10442.202252022009,17564.36474911433,4438.086724620152,4939.965290582759,3833.560361000536,1156.5255269312363,5920.512326264357,9810.984018161196,5899.335775545436,8133.084941313299,9434.203233870821,3703.6783243005784,1816.182857446703,4068.5333964129277
1914,4,1,1,13393.308150206089,13569.786114865665,10084.82582525878,5083.4455675902445,848.2584914633422,4231.25163607745,4398.59579524834,3510.1882452400405,7687.170448233336,3876.305157568124,7573.5881251983,8552.035198417978,3006.098049332546,440.2315166154883,2333.7485684907706
1914,4,2,1,11918.408760706448,13315.945476702283,8402.948724301354,5083.4455675902445,684.2128863067416,4196.529603953465,2255.9824297873356,3774.404318603341,6622.874901943215,3772.8600473013594,6825.3890073895545,7250.379642580331,2179.4457178379625,393.21503769968086,2487.159426901896
1914,4,3,1,13674.100619148712,16299.240976800447,7520.707499042301,5083.4455675902445,698.2011667760202,3947.647037979312,8260.330218118283,3869.8588509898273,7665.330344679786,6854.9938455061465,6922.336978902087,8367.709537977611,2452.204860192408,373.26956570847403,2375.206602782691
1914,4,4,1,12320.3853478245,14940.525560947415,7880.496708248943,5083.4455675902445,666.3973691772737,3988.9414547552246,21825.093640545623,3202.713265747743,9872.545810052647,4625.229032802576,7766.382386728953,7289.839909328404,2289.46897212903,349.045759846038,2761.5567667099203
1914,4,5,1,11025.784280487822,12759.500077780938,7264.711375160432,5083.4455675902445,1246.3180564938975,4027.011682833989,13240.019905925083,3192.222333422985,7253.780893344192,5191.4466876413935,6837.350120758167,6899.147718732884,2096.1893149639322,485.816862722285,2620.5671870555325
1914,4,6,1,11333.178141225693,12492.967407709977,6143.906973167013,5083.4455675902445,1059.3764123032495,3832.4442956822013,5905.351195547467,3780.6211673882362,7484.603487774911,4419.899070342429,6983.558993379837,6885.28330068632,2140.6912581174774,407.4661075665045,2632.8271505037
1914,4,7,1,11242.53636177708,11609.869187573226,5669.4626115670235,5083.4455675902445,848.2584914633422,3382.6699724193663,3583.8253394991234,7368.520022441103,7417.58166999514,4451.1042318106065,6037.057206568383,6485.881411574271,2173.5340205924213,351.89296090823854,2833.6647096224424
1914,4,8,1,10493.756444596336,12412.139204504909,4948.409097625994,4493.848352729233,777.0503276871825,3244.649894726613,2990.836987732693,9117.915367008232,7399.56358456355,4380.268515277994,7113.714792796905,6134.649487726824,1873.6795991960912,351.89296090823854,3008.3691887595205
1914,4,9,1,10413.952269212432,12523.027483281357,4787.2213863079705,4493.848352729233,759.2348105577147,2933.887707217123,2197.5013386812575,5843.57882254975,5905.700501505973,3525.0910652445536,7410.224497877155,5774.707865362848,1769.5680421505062,364.7128979660335,3075.9603030331964
1914,4,10,1,9711.182907468881,12015.346206955439,5428.217442963472,4493.848352729233,778.3170891169486,2725.1834927006603,2349.0317929667176,4871.807646841771,9348.792826711064,3373.7460321242265,7378.275734537858,5989.961842983889,1785.8252095756134,380.39510064188585,2821.404746174275
1914,4,11,1,9540.63842896379,16085.48043939975,5590.88024980968,4493.848352729233,849.5387290785537,2656.7314865133953,2661.633049027448,4288.58952019741,6708.051305801818,4177.747017349934,7566.978036231604,6477.171713057743,1908.8213550443174,410.3133086286871,2718.646894641241
1914,4,12,1,10118.381249272921,24239.77693955535,8075.075218334225,4493.848352729233,1238.6905355443403,2690.4614605766756,2437.2490320929464,3729.3321649119466,6290.08632404721,4080.07486195475,6893.063727763632,6902.524948769788,2438.2466861405833,646.8117714609501,2812.209773588103
1914,4,13,1,9877.98348638816,18359.358155999173,17601.912635278077,4493.848352729233,1626.5755805803606,2579.598972295162,2055.5112318856077,6658.245048753001,4371.842728816284,3990.9841259633704,7157.624669504586,6429.001747793141,2052.8368684969996,584.1130898692543,3079.025293895284
1914,4,14,1,10960.75865610141,14546.404570115064,12250.534259357022,4493.848352729233,1266.6670964828977,2539.420620837471,1864.7042820902993,5213.604812334575,7631.751185466415,4140.9249268175845,7693.356641953187,6127.717278703427,2138.392264744253,505.7623347134918,3109.6752025157953
1914,4,15,1,10195.229714457084,15051.413839723864,9057.354740301458,5623.489907051791,1092.446971331762,2644.8267897851656,1775.24803679663,4654.347457049113,7049.98542706086,3537.885181446418,7419.5100990446945,5705.919021977644,1852.6602312121715,500.06793258910864,3232.2748369979313
1914,4,16,1,9876.998249655115,15247.806333460761,7451.378009232632,5623.489907051791,997.0625309063435,2871.8840784243816,3240.2489292509144,4470.561864842062,6220.470993970387,3271.7051541235755,7902.046593618076,5345.977399613668,1695.6718265818536,502.9151336512912,3419.400594891747
1914,4,17,1,10135.130273735895,12575.799615952463,7601.971852668388,5623.489907051791,966.5389709228084,3184.878396570316,3450.1365740257315,5928.412904928498,6046.296168131495,3074.9566110670944,8120.022146450505,4982.836296162148,1617.2597311729057,511.4567368378569,3805.750758818976
1914,4,18,1,9486.154837621318,11547.74503139136,6964.864684222632,5623.489907051791,971.6194928273184,3270.69141881963,2075.8309330325565,10126.98763542627,6215.283969376551,3110.3744693334706,8329.971162680404,5237.5505405312615,1611.3972980711148,545.6532786958874,4107.894331693993
1914,4,19,1,9552.36274608836,11233.784242083531,8906.760896865264,5623.489907051791,1022.4920927999232,3678.1792672458473,1620.1244646254572,8210.514479761747,6179.111297866128,3516.6656716481566,8413.698956259313,5819.500600590316,1743.7864736076572,575.5714866826886,4393.099797173517
1914,4,20,1,10156.805481865307,10606.530665149265,9347.814459697995,5623.489907051791,1391.2813830912644,3456.5782979403375,1360.0570700668195,6485.986530334716,6482.279235317694,4140.9249268175845,8408.347931857626,6664.874603535013,2043.4766811916224,804.9444145815218,4163.064167210931
1914,4,21,1,11863.23550365109,10231.781723018132,10965.726054583241,5623.489907051791,1898.7945261289797,3523.9142388093805,1151.2473606576375,5675.723905354306,6626.833420712145,5284.906146238379,9609.967676171897,8042.251211781032,2521.33887520219,1108.404828320799,3926.898555524353
1914,4,22,1,12818.91513478943,10060.773293098078,10801.856351396473,11823.573792158058,1771.5793357339935,3287.0603768208616,953.2046148441248,5457.486609463599,8085.752338084205,5808.684781480537,8520.089912009984,10347.832833352646,2989.8408819074393,869.0591644263715,3813.4938936283884
1914,4,23,1,14467.216189320721,9196.379119983687,11634.883025861664,11823.573792158058,1454.8889782887575,3289.1685001997885,949.6362770818016,5584.802491873298,7946.52167793083,6267.4006550616605,7932.578909321539,10347.832833352646,2989.8408819074393,737.9824636745075,3788.9739667319614
1914,4,24,1,16292.859855815837,9068.790799223138,10841.81803024222,11823.573792158058,1306.0984150312015,3245.7659600448355,870.8974351370225,5734.006862713712,8773.44259872425,4963.492983116874,8012.372126134598,10094.718329527304,2632.511626179928,777.8734076569211,3702.9929072859422
1914,4,25,1,14338.15017728033,8776.206063655633,11360.247058491294,11823.573792158058,1321.3534569302462,3134.903471763322,800.5094947612798,4857.560701709412,7420.175182292194,4414.282141278258,8054.865555206672,9295.736802354077,2307.039850053114,794.9716785859274,3597.170064890821
1914,4,26,1,13431.732382798475,8741.46997632803,16620.30361127836,11823.573792158058,1468.9042111288568,3019.7007294663244,761.1338787579865,4884.111826728756,7438.1932677237855,4868.629292253776,8263.55550687156,9116.743610393334,2139.5417614308653,833.4314897592942,3629.4331265966603
1914,4,27,1,13323.356342153846,9026.038691742493,15555.552839343594,11823.573792158058,1636.8174815019827,3069.6756542733183,728.9197184029548,4949.518256654426,7540.159251189073,5352.777372431498,8428.33558182854,9889.773790966565,2379.62235512279,874.7535665507367,3957.5484641448643
1914,4,28,1,13618.927362093355,9110.206903344382,11326.990359317628,11823.573792158058,2557.5104696150543,3092.4929896690737,670.4634074202662,4971.536262768121,8965.635509994732,6169.728499666477,8105.385520881278,10676.668389586359,2655.994201349554,1012.9407376801195,4225.977137537283
1914,4,29,1,14498.743764781186,9556.432025168137,9896.95229484558,6510.521520588099,2355.232926412829,3001.223648086166,608.4263686134467,4808.084946795347,8942.430399969035,7040.352504626738,6615.282608089059,11649.488389190292,2886.7146077361017,896.130171350972,3965.2915989542767
1914,4,30,1,15592.356538558533,9480.279833719293,9479.76845964569,6510.521520588099,2011.8597218296225,2920.866945170671,542.8209920441909,4603.1879722558015,8848.244953394907,7803.474728329165,7484.666690288527,13281.579241805424,3123.346711368132,770.7478727234914,3844.143802248899
1914,5,1,1,6828.478749995895,5016.2250109458655,7451.109810045449,13952.121655068166,1612.2908240317736,7731.108466915222,6655.817231203342,10880.65103292652,8679.530153444337,4946.642195924081,19263.68784598088,18546.325371582196,5281.937275034481,686.5520698845072,5392.770764128474
1914,5,2,1,6736.851733814849,5169.397796027337,7563.887568130718,13952.121655068166,1615.7946322417633,7731.108466915222,7648.137270755623,9691.549185109034,9553.68029817206,5055.704235255154,19956.173356784155,21047.253088451685,5438.761465852376,638.2249746067239,5438.100365825147
1914,5,3,1,6558.228314097819,5000.6605718162455,7146.569633337235,13952.121655068166,1653.1236658640175,7731.108466915222,11113.389720024872,9338.483981193252,9600.63652081188,5876.399981866387,18944.20021258767,23905.456193445454,5128.233146651693,631.1145042291869,5919.626561784567
1914,5,4,1,7184.740352696911,5782.155736519844,6707.795763592915,13952.121655068166,1715.5184043734557,7731.108466915222,9159.476993874347,8595.959104432828,8704.782773177849,6181.430435217044,17305.84244725533,27316.458530810505,4774.188167171711,700.7579460836703,6325.818508660898
1914,5,5,1,8445.153705393537,7921.831915732545,8118.925785389719,13952.121655068166,1780.2040944048294,7731.108466915222,13067.798048642397,7959.37969238382,12505.097292129278,7929.075503238357,16153.798370191853,28722.452719896213,4250.674533320928,753.34831067679,6873.322665808665
1914,5,6,1,9434.331385459043,7415.486642764342,8523.772457992856,13952.121655068166,1741.662204094451,7731.108466915222,11205.07617641998,7911.976220397939,11483.253447121351,6178.46594487755,15996.415299554785,27149.374518453835,4256.914658191141,777.5118583156907,7132.71768192348
1914,5,7,1,8709.886815586076,7834.991697413538,8166.262941875064,11630.28243421635,1561.216081277838,7731.108466915222,9312.122553710638,7839.057764857065,9644.316727918982,5320.948107733968,16907.663278543478,21939.55281401547,4468.093620905111,763.3059821165097,7575.850834452977
1914,5,8,1,10515.431652725141,14998.64170705276,7548.197915698142,11630.28243421635,1441.0085073028317,7731.108466915222,8182.396730182419,8849.295692422262,9661.106307525666,5957.533401683453,18259.5838553161,18503.665623746347,4912.29198337891,766.1531831786922,6742.979896517208
1914,5,9,1,18132.296836574184,24440.84544504847,13306.300358530852,11630.28243421635,1355.8390154282142,7731.108466915222,7022.191354933607,10779.368204804077,18135.475988214523,10522.380447045278,19655.571691867226,17952.6438808682,5153.029432320294,759.0427128011731,5963.504325704479
1914,5,10,1,12832.70844905327,18192.3577361548,11640.247009599592,11630.28243421635,1302.5676544503208,7731.108466915222,6945.86857501546,10951.885758588149,14393.993248210249,6655.904915339663,18791.538634069675,19436.84760765285,5395.409019385444,683.7048688223067,5676.847022448195
1914,5,11,1,12099.692319603064,13818.282739593966,9919.078727763494,11630.28243421635,1292.3527058995198,7731.108466915222,6655.817231203342,11316.089483243757,10634.219421479896,5533.1432057171305,20477.111320592932,22396.367613756498,5494.758375872216,635.3777735445412,5739.921308083116
1914,5,12,1,10198.185424656827,12122.894477335067,8061.397059802878,11630.28243421635,1303.699654025843,7731.108466915222,12090.469983716912,12190.074808270763,10744.921446366769,5790.897839443714,19691.769798113804,24811.97583495452,5674.900928047313,564.3031988810111,6040.451727872804
1914,5,13,1,9983.403816833657,10502.322403166456,8968.178510661848,11630.28243421635,1231.0899669656735,7731.108466915222,12945.136438059699,12353.267088877405,10236.593036159722,7295.4546996285035,19653.997861160795,22492.352046386986,5882.959828326177,542.986852304311,6213.381738616076
1914,5,14,1,9801.7261632437,10828.307222702162,9425.055825520745,7585.807202132154,1119.8979610387896,7731.108466915222,10304.318692646084,12413.363293799208,10375.823696313098,9081.326090448141,21503.24894114685,19906.10483384603,6353.596614592284,575.6769385738845,5984.152685196154
1914,5,15,1,10646.468138232229,10471.594325914532,10204.44266260928,7585.807202132154,1007.5604793510075,7731.108466915222,8716.656189609213,12760.082131246942,11458.13732803481,11334.338748445438,22842.578872268467,18101.95299829332,6544.577278384158,591.3139475820943,5734.436587593127
1914,5,16,1,15591.37130182488,15271.854393918204,13331.108783317512,7585.807202132154,924.7358437400369,7731.108466915222,7587.054266697716,13210.803668160717,23943.57852696614,23127.705422086816,21553.61152375063,15896.088537287585,6248.0071332353,676.5943984447877,5406.482565353402
1914,5,17,1,12656.351073822485,10312.609926223198,14528.349953573455,7585.807202132154,926.9998428911514,7731.108466915222,7449.648482721776,13607.127778205495,21128.93518151248,13899.715072738489,21075.166989013924,14561.727174775902,6502.702756228567,733.4480323532438,5262.427994836926
1914,5,18,1,28156.09535946693,17647.93636746302,12313.695167868533,7585.807202132154,900.9099479117979,7731.108466915222,7144.357363049306,14864.744480341187,21609.417459688688,11695.382466631378,23033.012387739473,14438.013906052289,5993.311510242032,719.2421561540627,4873.980731898751
1914,5,19,1,48514.04197618819,21053.408928926652,31778.921654031896,7585.807202132154,856.6541549820264,7731.108466915222,5861.985979684907,14801.280815660892,21609.417459688688,11695.382466631378,23448.503694221396,15176.205292559634,6293.001717825997,641.0571111130315,4680.563676972373
1914,5,20,1,27623.08228684179,16902.446493278116,24681.030173114163,7585.807202132154,829.4187842417052,7731.108466915222,5678.860868128022,13739.235814887146,21609.417459688688,11695.382466631378,25315.066911977523,17778.449910539002,5938.956738345957,686.5520698845072,4568.126906927552
1914,5,21,1,19351.034675459745,13263.173344031178,18372.985297573196,9808.774964739614,838.501733216984,7731.108466915222,5129.2377322242655,13832.488546662296,21609.417459688688,11695.382466631378,20856.404520828284,20972.59852973901,5791.328521021017,724.921493722571,4691.533117952352
1914,5,22,1,16480.05483511072,12471.591353969654,15288.694648393159,9808.774964739614,838.501733216984,7731.108466915222,4930.8728448071415,14700.257022904236,28075.453117988935,15730.521896072198,25159.257672046657,24367.603461665876,5477.680139385226,668.0678598140968,4959.155214802197
1914,5,23,1,14985.450710948364,11738.125510013473,14953.44566478643,9808.774964739614,847.584682192193,7731.108466915222,4579.738496937116,11130.87919652342,29238.438632211077,15755.486025246712,16734.541900842774,28110.9963342509,4208.800011165336,598.4244179596313,4911.083252860485
1914,5,24,1,13423.8504889329,9893.104871574003,14819.346071343914,9808.774964739614,889.5629997854745,7731.108466915222,4549.135044599915,9454.143272131207,28281.569095274564,15635.34615359456,14737.665500599212,30096.45209810533,4199.439823860018,544.4029205574649,4732.668521627315
1914,5,25,1,12480.978935325355,9076.138817695637,13982.56460826169,9808.774964739614,889.5629997854745,7731.108466915222,5113.997956363913,9479.399220320414,28044.05796913062,16576.18177185794,15799.68646125828,28493.15657527925,4612.601775794945,486.1332183958548,5265.170355081875
1914,5,26,1,12070.135217608686,9195.04311662513,15522.027940983186,9808.774964739614,857.7861545575488,7731.108466915222,4442.332712961177,9234.092728678275,27118.58358105215,17217.44784002743,19252.67103103631,26786.76666185016,4893.735822580521,497.4918935328354,5486.011012458289
1914,5,27,1,11463.229389999125,8537.061462438935,16325.284505704562,9808.774964739614,812.3983620521851,7731.108466915222,4411.729260623863,9165.966427409181,27285.114370647392,17983.534554069494,19304.607444346522,25512.306695257794,4626.55994984677,480.43881627147175,6508.266122607298
1914,5,28,1,10010.005208628292,8344.00897709886,16813.40702583546,8875.822010407574,778.3709938586602,7731.108466915222,8808.342646004321,7937.232168587147,26370.560034345835,16326.540480113077,16215.1777677402,26351.281736027173,3558.0206727241316,479.02274801833585,6690.8750518622655
1914,5,29,1,10010.005208628292,6961.913502467245,14940.035705442266,8875.822010407574,739.7886749920156,7731.108466915222,10136.433356949554,7012.60542949892,25372.740303246515,13504.813754359555,14627.654734223886,27320.01350979677,3336.003598393443,459.12246969477167,5952.5348847245
1914,5,30,1,8142.883075668472,7210.410127195545,12737.718082334097,8875.822010407574,700.0743565498486,7731.108466915222,6686.420683540656,6626.254181046638,23192.824967315526,11807.408996301943,13854.274325113136,28119.88378171656,3520.7441373150464,488.9653549021626,5336.471721451732
1914,5,31,1,7492.528308127512,5758.508477069718,12319.327350793206,8875.822010407574,700.0743565498486,7731.108466915222,5923.068983742701,6996.804272170292,20144.765515134095,12754.797698473529,15075.724336327725,29101.057981938302,3978.9006738406715,537.292450179946,5020.938977968836
1914,6,1,1,7114.985591991033,11797.57765947822,13530.648978360388,7273.260933654282,783.45151576317,2518.9594233357902,5391.535337884341,3765.726633840808,10573.067131530175,11032.428811241543,10177.963178101221,20721.972511204236,3494.469927335103,448.00482745195063,5174.6724669971
1914,6,2,1,7259.322773394828,11761.50556879206,13813.599120524175,7273.260933654282,754.4911932887096,2463.52817919509,5523.1177928731295,3710.034030141676,8749.691486109854,7158.308014976154,11630.60892008163,21468.51809832939,3736.849514400252,443.74155813661423,5715.724011803736
1914,6,3,1,6875.671589513108,12273.194855194497,12228.139627251925,7273.260933654282,720.2482061283387,2539.420620837471,5523.1177928731295,4037.7137681852705,10250.789103469355,9161.055277999094,14529.76246428754,20073.18884620247,4078.742671764538,458.64040390647045,6231.287737862803
1914,6,4,1,6944.441113485942,10848.347273083082,11181.894599212512,7273.260933654282,701.8127844694332,2654.995384907134,5523.1177928731295,4272.658845185803,8929.053336542584,9004.873444851355,14853.499440588019,18130.39283018389,4599.957312242039,483.1203072189409,6841.543550028443
1914,6,5,1,8933.535554007256,10621.226702095104,11134.021044353682,7273.260933654282,683.3773628104577,3356.1324192960533,4032.717273985075,5296.23709410216,12892.486128909022,8828.876334171191,18264.3053474354,18162.387641060715,4533.286504417903,454.377134591134,7290.484053664975
1914,6,6,1,10752.873705410158,10257.165786834976,10632.354465285032,7236.359856228971,638.6094748346018,2968.2377175683296,6640.825256576545,5062.457676248957,11123.028239136233,7355.368609647171,20130.868565191297,16050.196876344256,4425.398029687695,402.2387066745477,7386.466662239829
1914,6,7,1,10825.781223662145,9923.164947146228,9272.182288996137,7236.359856228971,588.5723983582806,2981.5064941300425,7868.184766103856,4906.259350525429,10924.692798741224,6124.637041345138,21961.233676700846,13960.935726089378,4213.233784099478,393.72723259974975,7053.350550127163
1914,6,8,1,10677.010476959042,9451.555761505628,9023.293443566687,7236.359856228971,563.5605982128077,3104.397686397303,8416.073293373289,5656.814323633145,12053.689651808541,5584.319670524863,20801.320446105434,13801.672667502673,3913.8720041403008,383.09165614523,6232.578260330992
1914,6,9,1,10339.074277494357,9696.712377837108,13302.411470320667,7236.359856228971,575.4061651997704,3273.047556713705,7342.226647999319,6353.748975970087,14058.201656075735,5099.703512925195,23125.86839941533,12156.250643688823,3647.1887728436445,356.48765045303765,6062.067979215713
1914,6,10,1,10310.502412233633,10203.725652484169,12938.196974530794,7236.359856228971,630.7124301766266,3327.2387282785526,9183.265912290399,7197.168127804016,17693.213891256826,5850.81174946252,21879.394479969564,12756.331096578142,3341.7510818265614,335.20143298810524,5770.24858608658
1914,6,11,1,10567.649199581367,10238.461739811772,11210.055513835432,7236.359856228971,584.623876029293,3193.558904601397,10914.653130757584,7709.54008183586,18787.949081874565,6727.052683486952,19550.12503454037,14731.121923473553,3233.862607096353,310.7215296756347,5431.809068792493
1914,6,12,1,11212.979259783313,10855.027289876722,10330.764479632306,7236.359856228971,578.0474975427256,3910.320853445991,11353.013512819725,7779.479630667352,21037.47974788211,7361.453616133426,14797.471067441356,15963.633138027504,3071.4551466577045,308.59742729591295,5410.5154480666315
1914,6,13,1,10618.88150970455,10726.770967436472,10221.60741057004,4505.797273038272,537.2281318958572,5284.817296524551,11046.111685129425,8703.71781670647,20761.748440519656,8126.136097909375,13474.036826453976,17534.756101027397,2773.242863385139,300.08595322111495,4663.141623651264
1914,6,14,1,10438.583187540977,10142.937499660864,9296.722514596493,4505.797273038272,483.2425330905484,6071.395331389894,12492.899186921477,10199.258502552077,21044.304780242575,8555.051042288573,13561.227047586946,19211.10644202215,2350.2280827076825,287.31120983098054,4242.108668390202
1914,6,15,1,9997.197131097495,12653.287810759868,9228.0635227539,4505.797273038272,441.10250127220235,5811.228104975324,12448.294964891364,10185.011557419715,21750.013126314214,8854.932643997003,14627.812117294483,19168.446694186532,2386.683549054885,284.1175239834424,3919.639366640466
1914,6,16,1,9448.715841762587,10185.021605461807,8997.546321625769,4505.797273038272,416.09070112672947,5901.62939575527,12733.266383416887,10530.305700354334,20551.53744381731,8854.932643997003,14715.002338427455,18037.963376539665,2546.627802307945,275.6060499086444,3993.03783202127
1914,6,17,1,9068.41446277334,8966.586542277748,9502.833589717862,4505.797273038272,402.9244679682193,5907.581744119272,12470.59707590642,9458.546873353876,19473.182330864798,5989.674717995521,12262.659331760144,15484.244221723615,2733.3389069780424,269.2186782135862,4444.5593805942735
1914,6,18,1,9074.522930518579,9587.82810409892,9198.69571178998,4505.797273038272,397.6552794677541,6621.987555069791,1819.1088551261887,9348.197807419963,19237.03621119273,4923.862428052438,11074.731914591286,13594.417392600722,2806.0856258600834,262.8463710744029,4572.482420257829
1914,6,19,1,9129.105045534234,8524.369430530513,8083.791691907975,4505.797273038272,391.0654247958113,6572.632666550836,1139.6874331148608,9028.159612674552,19144.215771090483,4923.862428052438,10651.214071506833,12300.049543685192,2749.1034329659965,260.7072041387882,4914.954820265146
1914,6,20,1,9158.760671201793,8219.760664734287,7837.316639160085,3023.076838208798,367.3608146364406,6667.746233118931,1139.6874331148608,9272.818515901625,17563.538276407944,5133.249061503376,10371.07220577284,12236.770917728742,2490.9593199128935,240.49057014165416,4350.028609796178
1914,6,21,1,8483.085319619402,7436.194694824963,6853.562021665108,3023.076838208798,341.0283483194901,6607.478705932339,350.6759155879971,9565.657997212451,17730.069066003187,5947.547750013537,11344.171731522132,13368.676226970021,2407.210275601769,234.10319844659594,4266.144649361104
1914,6,22,1,8280.126552593983,7716.087398484047,6057.680934583329,3023.076838208798,316.0165481740172,7291.750753289505,767.0934984236662,9538.32976609506,17831.079544938053,5806.1883685631265,11372.185918095349,14446.545855619459,2454.5038535656904,234.10319844659594,4272.758577010713
1914,6,23,1,7386.7138829892865,7343.342461392018,6333.523798294698,3023.076838208798,293.6326041861241,7957.917741039291,21.916780096940844,9102.373245045734,15202.077079688896,5694.629916314642,11689.784954641153,14047.499464406128,2408.5239861007453,206.44467384248017,4163.548113136549
1914,6,24,1,6829.168415709393,7288.566323682651,5704.328505862025,3023.076838208798,272.5693263696388,6900.259841091854,131.50811461862034,8192.382004138804,14114.16692143135,5694.629916314642,11853.305965033125,13739.816033140865,2330.850852847469,204.30550690686556,4218.0726874193915
1914,6,25,1,6015.954016181331,6869.729270713157,5708.0832944781805,3023.076838208798,255.44109469676562,5659.4432216905625,131.50811461862034,6932.822536757909,12360.133604793098,5694.629916314642,11998.09839001919,12555.297034902154,2221.8128814306483,185.15845637754776,4364.708302872338
1914,6,26,1,6532.415111689863,6413.617724034713,5175.707908511017,3023.076838208798,237.00567303779025,5775.141993017968,241.08582007246136,5188.089828779409,10365.99564971385,5694.629916314642,12611.420216292028,11251.686240622246,1953.9801534473797,181.96477053000967,3943.6753476113677
1914,6,27,1,7098.138043854267,7391.438582306901,4804.117935081546,2116.71608887818,225.16010605082755,6589.497653582476,241.08582007246136,5905.876828082887,9382.78148786616,4643.64007806875,13752.762244552132,11327.407293030617,666.6588140978323,196.86361629986587,3971.5828959869295
1914,6,28,1,6241.17913337587,5714.5539665662845,4365.075866150483,2116.71608887818,213.314539063795,10487.66579578509,241.08582007246136,10335.770140456396,16117.996422462604,4577.953213178364,14433.129258916431,11485.248360022679,2992.632516717816,188.35214222508588,3746.548040588808
1914,6,29,1,5295.844487934494,5591.174056385493,5129.175349586779,2116.71608887818,201.455495891387,7700.106652518909,241.08582007246136,8863.154084505511,15372.702888700313,4751.6099367483885,14134.258807776532,12413.097875449786,1659.3805740470154,181.96477053000967,3649.2749095456716
1914,6,30,1,6040.19083981654,5850.625908655498,5225.995256052291,2116.71608887818,190.93059507590195,5447.3908112192075,43.83356019388157,7060.656489899696,13995.41135835938,4996.882505887785,12684.603344138164,12901.729737118283,1610.88823525279,169.19002713987524,3300.1885818886544
1914,7,1,1,8226.628197984553,10489.630371258034,1978.9077004324517,616.20113449053,290.8430338034797,1028.6650031238778,980.1406089256704,1388.5590796700126,9186.357056531991,3718.5630663467264,11233.846199005382,9975.44878453675,1442.9796120995413,69.62235147622987,4018.2030201517914
1914,7,2,1,7062.275426768285,9634.588221655244,2043.0073060982218,616.20113449053,273.95737346820346,1020.4805241232056,0.0,1341.0260900013243,9817.536049227452,3165.7636309392637,9524.036519603935,8739.204842047173,1377.8852568741904,69.62235147622987,3857.855603473827
1914,7,3,1,7641.791673197139,7635.259195279821,2168.524525560578,616.20113449053,268.76904208027054,1016.9711187335519,1159.3132908081468,1599.6729029946255,8181.985294366688,2889.285900331828,8596.735467410177,8208.801977289624,1209.1063005154263,68.23038651250097,3525.868698520963
1914,7,4,1,5670.431493871842,8979.27857418617,2024.2333630161293,616.20113449053,255.77799933234022,981.9018662883599,1222.5397755357405,1317.8424247404728,7806.608514541518,2604.2267503207277,7764.965939093118,7613.5207460318525,1205.7891815054354,76.58518920609971,3373.26441665241
1914,7,5,1,6798.034934942266,8094.844350690857,1649.9613977179126,616.20113449053,238.90581518243943,1090.6190290135896,2076.202634882834,1200.706632216073,5767.288845235778,2485.1790593198753,7127.092353800894,7316.502251725608,1153.946880938758,75.19322424235284,3486.5077632398056
1914,7,6,1,6108.763316442398,9014.682663193473,1788.0839789637646,1046.1514023192883,225.91477243450908,938.6605355681683,1001.2161038348685,1319.1376015706091,6964.263020613291,2363.3229037869373,7038.800451173512,7274.020252839348,1060.1643726915083,100.2576323231491,3346.48607543656
1914,7,7,1,6511.429569273946,8459.573267630687,2105.7659158293995,1046.1514023192883,209.04258828467817,939.8262037895329,2244.8313742798073,1208.42588612425,6903.38373195805,2390.1593426495087,6555.634424317741,7071.741948518306,967.4985183684092,90.50935821021778,3163.8771461815913
1914,7,8,1,612.482267519004,7667.991277569163,1736.5897350819305,1046.1514023192883,198.65244932336708,1013.4741140695706,832.59975449959,1276.6298980031668,6970.815051679545,2351.933019851047,5831.042767104337,6848.311519228585,885.8678322369134,90.50935821021778,2809.95135926868
1914,7,9,1,614.2655460060461,7246.482217881708,1637.356035933977,1046.1514023192883,196.05154553667796,1001.7802296792448,822.055812014087,1063.003431627931,5712.961587646522,2154.8724251800286,5794.844660857993,6373.0108287588055,902.4041631430582,90.50935821021778,3192.268640482679
1914,7,10,1,5488.261221915364,7252.494232996489,1849.6356923539415,1046.1514023192883,183.07397897412312,1036.849482124437,895.8262392271838,872.534726977054,4709.681830658883,1932.3796239124129,5469.376470780484,5906.242087856195,802.0202596383467,90.50935821021778,2795.755612118136
1914,7,11,1,5520.379939415535,7237.798196049806,1790.6318712389182,1046.1514023192883,175.28474379957098,889.5660622901469,906.3701817125738,1073.3000874281342,4077.4108327860304,1832.9911846364403,5106.293726820566,6332.128570416318,818.5730119257221,118.3592026740755,2649.4426272822366
1914,7,12,1,4669.529496682378,6927.845416819344,2275.267801940841,1046.1514023192883,166.18831863884685,1119.8475396265117,1011.7600463202584,1017.957181473201,5341.816327884766,1716.7519581678125,5249.5123211004275,6628.969315773204,764.5138248919741,118.3592026740755,2542.4905777274034
1914,7,13,1,4968.647368861335,6407.672509088237,1950.0762878424562,1402.0066496041206,159.70627345032702,942.1575402321492,853.6752494087879,1270.2058209252982,4115.494513357298,1884.1676494441733,5048.376756826048,6371.588837164391,707.153940229466,116.96573125474295,2474.899463453728
1914,7,14,1,5060.569956062539,6719.428892853727,1817.0494911473513,1402.0066496041206,150.60984828967273,751.6327896776676,642.8955201933056,1342.321266831461,4333.0765450088065,1704.1138677732174,5140.918002360708,6438.066944208387,676.2653221217859,114.18180132726715,2248.2514549702773
1914,7,15,1,5023.130960203807,7068.125769488313,1574.5974262032387,1402.0066496041206,141.52689931439392,819.4275573996498,948.5211715309697,1423.3993364027792,3771.649383037411,1570.8678283043891,5574.980511177937,5938.770145581101,663.013267463112,121.1431326015513,2141.2994054155356
1914,7,16,1,4748.052864313082,5754.166466153346,1251.9269844613777,1402.0066496041206,138.9259955277747,586.8023428948829,948.5211715309697,1316.5472479101645,2834.7089405933316,1373.7448233103803,4964.491580176539,5760.665698366925,614.4716645251362,96.08023097634073,2174.369043663948
1914,7,17,1,4452.580368046143,6412.682521683468,1642.4518204851636,1402.0066496041206,131.13676035315268,883.7129197320911,874.7507443179859,1194.269603369958,3319.968741422192,2159.085121978227,4302.066235864931,6445.176902180913,639.8591199182748,98.86416090381653,2098.8734792722903
1914,7,18,1,4695.441222763516,6240.338088404013,1693.9460643669977,1402.0066496041206,124.64528183475826,693.1757684518238,874.7507443179859,1217.4403168623912,3168.7260243142427,1512.6702021663716,5038.304240305292,5842.607964001256,701.6363561336352,98.86416090381653,2248.2514549702773
1914,7,19,1,4590.907605378491,6489.90351581933,1805.6510257048562,1402.0066496041206,120.74931662895861,798.3835257874,895.8262392271838,1397.6253174814833,2950.0519874850697,1329.7923533825474,5376.835225245824,5719.605691075079,658.6123372914903,98.86416090381653,2194.8560878471453
1914,7,20,1,4224.892159019605,6081.888090055769,1815.708495212759,1254.0509010704923,115.55559476686157,772.6644205641318,463.7228383108294,1151.8007551072544,2672.546171708743,835.0189157249126,4851.647918529772,5245.904741149071,655.2952182814995,90.50935821021778,2223.0862668397554
1914,7,21,1,4324.006974372886,6072.00166520108,1936.264029717959,1254.0509010704923,109.06411624846713,734.0981634550716,548.037208009429,1330.6646753595453,2383.1647996253546,935.6711640403723,4598.5759409454095,4725.278068603977,931.0923161648983,90.50935821021778,2304.873128264066
1914,7,22,1,4087.3531110739377,6760.176995295268,1844.6740073963458,1254.0509010704923,107.76635959223958,593.8211536741904,526.9617131001181,1012.8153294572223,2761.8175949837882,947.0142402340542,4414.7525144411,4251.577118677969,665.2301539301827,101.64959728687802,2682.5122655306495
1914,7,23,1,4960.568427649396,6201.727591336504,1554.4824871865537,1254.0509010704923,102.57263773014255,620.7059271188232,590.188197827825,1176.2536936617496,2555.019114461677,789.6466109503237,4488.565174570083,3763.65625280691,601.2360312477516,116.96573125474295,2180.6603406966015
1914,7,24,1,3776.707969117386,7325.306416048515,1465.440357140534,1254.0509010704923,99.97577679909404,769.155015174478,590.188197827825,1334.5502058501265,2285.1573349289974,691.8340323285145,3668.4419934799826,3582.5300734543175,593.5179820660807,101.64959728687802,2147.5907024480975
1914,7,25,1,4743.619299013772,7325.306416048515,1559.5782717373006,1254.0509010704923,94.78205493699699,662.7815896175371,632.3515777079157,1271.4880459871881,2686.7422390186457,775.4794676437734,3716.129063883147,3534.5378571390747,606.7536153435238,110.00439998047678,2147.5907024480975
1914,7,26,1,4489.132650845624,6102.729742453004,1063.5706955119533,1254.0509010704923,92.18519400594847,724.7356155073621,600.7321403132149,1153.0959319375627,2207.8979686087987,717.3442518287466,3180.869240646338,3989.930665285459,500.85212774304006,97.47219594008763,2249.864608055606
1914,7,27,1,3916.020443182167,5150.092547492739,1141.4289194645203,2049.474125570254,90.88608973112748,670.9660686182093,832.59975449959,1226.4417958324582,550.6163107123867,582.6627749323796,3370.3584576933,3709.798321164195,460.0285739866768,97.47219594008763,1979.1775203437642
1914,7,28,1,3801.732982138662,5786.831748275224,1466.647253481535,2049.474125570254,86.99147214378156,667.4690639543412,442.6473434016314,1096.4708009207393,2133.91461782132,618.1118383601813,3415.2126328250233,3407.0918604798385,411.48697104870115,93.29479459327926,2128.716811350229
1914,7,29,1,3578.4783384108227,5242.209979079362,1395.0380705834552,2049.474125570254,85.69371548755402,529.5233906160763,495.3422757055302,1034.6908661195193,722.5525259369999,588.3421143195425,3538.286194063144,3028.1311005392627,419.22144161154415,98.86416090381653,1806.2475096004925
1914,7,30,1,3648.1345754435188,5751.160458596376,1331.032334633331,2049.474125570254,81.79775028168453,721.238610843381,400.4839635215407,1279.2072998951933,1595.2830639338965,450.82096772966344,3940.3999395408473,2906.550819207498,393.83398621840564,93.29479459327926,1556.0152030100978
1914,7,31,1,4362.431206964663,4231.18943734221,1879.8081008785293,2049.474125570254,80.49999362545698,695.5195056202258,379.4084686123427,1299.8394668005108,1540.8193056973982,544.3896443917097,3849.2751416420238,2719.7366734767925,351.92662130035296,104.43503366993949,1574.889094108058
1914,8,1,1,4566.867829089649,6734.792931479266,415.49418032261434,2682.1811705661926,118.80470307233281,243.72386405862474,3.8881252542376536,368.4778081951266,665.9320574747852,678.7746722541825,2089.7324119191862,2294.205688815387,194.95463805132383,48.78656423224527,1910.4571989102856
1914,8,2,1,3979.2726414494655,4986.699336717571,402.4328799213036,11.634148261375316,112.5517530359646,121.01372238740478,62.21049967026945,314.14514016787837,1115.551539316977,549.4916882918668,2220.3603605480457,2235.5485355413552,128.02437240358128,47.56633520559047,1057.212137507217
1914,8,3,1,3626.5578909878973,8419.493166868004,251.90608628196202,11.634148261375316,108.79998301421352,39.584356693892516,0.0,341.31795006562567,1037.7871206020911,536.5571488632393,2041.2584261630348,2282.4742581606733,446.62872689686884,50.00528680331439,1491.0212652037226
1914,8,4,1,3844.8863510499054,7953.227994663327,257.65895884065037,11.634148261375316,108.79998301421352,33.36415265339986,0.0,322.4213201128833,32.81066056967609,496.692555087762,1695.1730538319923,1847.8780770840208,0.0,37.809022359145004,1250.01619426125
1914,8,5,1,4089.323584540636,8103.528372522758,470.3677339589513,11.634148261375316,105.04821299239259,23.74986997279002,9.72037508590251,323.59993102828685,1200.6187426579484,395.41620354308816,1959.261846361153,1319.1460524501722,199.3063040792536,42.68843201016058,1344.821201083813
1914,8,6,1,3554.1429911024334,6612.34822364972,612.0037245532853,11.634148261375316,103.79762298511895,26.577235445741227,15.553244420651168,338.94777646640034,787.4449336203925,508.55051644559734,1177.68177927033,1508.8041813697043,413.1783733161578,46.34761263453932,1325.5440217145665
1914,8,7,1,3578.5768620846156,7923.8359207708045,468.7987687160017,11.634148261375316,102.54703297784532,149.29233740727068,0.0,415.7129071929453,781.370654819484,354.4750316968187,1355.2413595630283,1508.8041813697043,413.1783733161578,42.68843201016058,1193.7816777080093
1914,8,8,1,3132.4616693216667,6073.003667720633,456.7834451432512,11.634148261375316,101.29644297057165,112.53162596860903,42.76925389599741,410.99846353098746,781.370654819484,533.327414651278,1780.1599119761415,1842.7233575539851,413.1783733161578,48.78656423224527,1558.5155902923298
1914,8,9,1,3361.2336387550417,6776.877037280211,468.275780301392,265.3831771401495,97.54467294875073,85.95315045029207,0.0,487.7635942577042,388.8630437695238,496.692555087762,1772.605524585632,1904.9354898145104,413.1783733161578,47.56633520559047,1380.16538518257
1914,8,10,1,3686.8543790554522,6582.956149757198,372.11296184392694,265.3831771401495,95.04349293420344,126.10298023873719,11.664499663329737,338.94777646640034,1307.5533496815383,398.6459377550495,1312.7479304909536,1701.8039905366363,171.66911945658316,41.46820298350577,1442.8202510152828
1914,8,11,1,2496.885452778202,7128.913922311619,343.8984073835997,265.3831771401495,92.54231291965617,103.4840564551653,11.664499663329737,471.2241861359408,475.14510287045965,398.6459377550495,2053.3769226020154,1478.5868599862372,26.1871766594048,37.809022359145004,1378.5522320972414
1914,8,12,1,3634.439784852861,7326.642419407074,470.3677339589513,265.3831771401495,91.29172291238253,118.18635691449258,11.664499663329737,439.33693257606376,2231.1030786342253,416.9633675368075,2025.9922683111888,1732.0213119203333,333.1569825459068,45.127383607884504,1436.3999017358105
1914,8,13,1,4090.998486986567,7004.6656099478905,479.7815254188479,265.3831771401495,90.04113290510888,105.18047573893601,11.664499663329737,459.4121734443815,1306.3384939213022,427.744750823989,1919.7586956311168,1258.7291845778752,33.46184854760715,41.46820298350577,1436.3999017358105
1914,8,14,1,2510.8758143884065,7497.65084932797,528.9022064966254,265.3831771401495,85.03877287601429,242.02496462972027,11.664499663329737,420.4403026233213,1306.3384939213022,315.6870159919952,2340.1288773029332,1515.5230916540083,0.0,41.46820298350577,991.3470970347679
1914,8,15,1,2782.4070580396847,6866.389262316337,531.5171485687944,265.3831771401495,83.78818286874066,276.52378369001565,34.99325118875566,435.7881480612631,1306.3384939213022,393.2630474017806,2344.6929863514047,1607.8281210334724,306.96487947211654,35.37007076143905,2000.3098257610563
1914,8,16,1,3103.5942330413964,5770.131706291124,495.98075630671707,347.18642274665,80.03641284691972,277.0818163491267,25.27324780470336,529.0926869097433,1179.9661947350226,393.2630474017806,1956.2715680191145,1634.6682123800351,49.4644845635286,30.492167565991192,1233.9491895317394
1914,8,17,1,2962.212761836734,4448.690784147042,363.7585571724515,347.18642274665,77.53523283237244,252.7763938623711,25.27324780470336,415.7129071929453,990.394095890933,393.2630474017806,2147.4919988431066,1562.502138957927,87.28949410588677,36.59029978807589,1491.0212652037226
1914,8,18,1,3127.2399146362886,6154.833873444409,279.08807387278114,347.18642274665,75.03405281782516,200.18491592036864,0.0,225.5679967496024,969.727897903609,441.74026574248813,2244.5973534262366,1473.5565647204999,101.83719574420701,36.59029978807589,1123.0933095105868
1914,8,19,1,2564.078597977677,5568.194798615067,415.49418032261434,347.18642274665,76.2846428250988,160.60179929903256,33.04925051194522,435.7881480612631,507.95985845960047,405.1054061788337,2095.8703516740898,1419.8586071322773,81.46975659533051,28.051709512699542,983.3135946700583
1914,8,20,1,3128.91481708283,6621.299446153164,433.78536486818797,347.18642274665,77.53523283237244,140.2398076035243,21.385246451082484,385.0042645486437,1257.7306134501796,402.9522500375261,1587.3656504457172,1295.6476413505493,80.01482221767682,39.02925138579981,1042.758285863035
1914,8,21,1,3376.8989028123983,8094.844350690857,488.13593009020985,347.18642274665,76.2846428250988,157.77443382612034,25.27324780470336,396.8162772402029,943.0010711800466,352.3218755556496,1611.7600263945048,1396.3601960328847,78.55988784008163,37.809022359145004,882.0882385680228
1914,8,22,1,3491.284887529086,7469.594778794007,490.2278837477692,347.18642274665,70.03169278873058,143.06717307643652,25.27324780470336,403.9008945015579,1004.9723650129503,269.3629537925953,1687.618666441483,1762.2208584089333,84.3796253506379,36.59029978807589,906.1887456622427
1914,8,23,1,2651.370572533207,5988.635055614665,454.69149148569187,817.6341587213551,67.53051277420265,145.89453854934874,27.217248481513796,368.4778081951266,1480.0765176891287,303.8290546341599,1443.2657109702807,1535.662047611364,82.92469097298421,31.71089013706031,984.9106162244659
1914,8,24,1,3166.452336614744,6912.481378193803,309.9175704052396,817.6341587213551,65.02933275965654,143.63760646133323,27.217248481513796,565.7073358998246,529.8272621424907,176.6992268130132,2232.4788569872558,1834.3691569361747,78.55988784008163,29.271938539354355,935.1125804815272
1914,8,25,1,2993.6418136234074,4775.878006706379,293.7183395173713,817.6341587213551,65.02933275965654,153.24816892419065,27.217248481513796,530.2712978253186,1127.7000969187936,235.9578284410407,1931.8771920703268,1896.403540247341,82.92469097298421,35.37007076143905,816.2070665647441
1914,8,26,1,2871.3739350417563,6530.518017925943,561.8370666462885,817.6341587213551,63.778742752383465,208.09657895432161,27.217248481513796,522.0080696485602,1573.71596167483,235.9578284410407,1717.9935990745769,2309.314349507236,77.10659560052761,36.59029978807589,894.945068657797
1914,8,27,1,3402.219486853832,5041.675874930173,578.0362975341577,817.6341587213551,62.52815274511045,257.29025803851516,27.217248481513796,607.0364285518635,775.2963760185756,235.9578284410407,1343.1071248168732,2141.5193413533602,71.28685808997135,35.37007076143905,943.1460828463281
1914,8,28,1,3210.196847566302,6639.135090992588,544.0554605557147,817.6341587213551,60.02697273056428,212.0524104712416,1393.881938439569,610.5852130666643,862.7932908797475,235.9578284410407,1507.0058545782779,1740.4110623278775,71.28685808997135,36.59029978807589,782.4760355513157
1914,8,29,1,3342.021522459459,7379.414552078179,488.13593009020985,817.6341587213551,60.02697273056428,158.3324664852314,1393.881938439569,558.6227186386413,1580.9504959767519,195.01665659490965,1751.35881004948,1532.302592469327,72.74179246762503,26.832986941630423,824.2405689294537
1914,8,30,1,3328.917873908506,5206.538689400515,504.33516097807905,1871.294637431122,57.52579271601818,147.5934379782532,1393.881938439569,592.8671940293254,950.2902057409193,258.58157050541377,2083.7518552351094,1191.593406421274,66.92205495706877,34.14984173478424,923.8527719462519
1914,8,31,1,3399.5593476742465,5748.421651710951,312.5325124773708,1871.294637431122,56.27520270874516,139.6693742186276,0.0,563.3371623005992,633.1173018856442,265.0410389293364,2329.584211570156,1421.5294472559774,46.55461580824766,25.612757914975617,652.3268446299957
1914,9,1,1,3821.142145781831,7175.674039867942,266.02677347147,166.04313378584266,57.35060230551659,38.04542662725552,45.387273927928966,190.5852705656099,428.5164817838021,262.12335633205134,1119.040847150835,691.9766596852336,69.14879425285446,25.609745003804235,797.9623051701408
1914,9,2,1,3481.5310438706047,6649.221916351355,314.55741633835447,166.04313378584266,56.04745517509302,39.972499410135384,32.276110663424014,168.89105865962384,832.2717461638366,296.99512427257037,815.3072591282152,697.0958294255354,146.33913889775184,21.34195632169277,773.1681422491548
1914,9,3,1,3682.8149084500938,7544.410966884293,308.17427569048556,166.04313378584266,56.04745517509302,41.73836275815397,68.58518640206665,155.70615852806722,662.6014416828422,201.866189537143,631.4680943171901,697.0958294255354,138.29758850576738,22.764050397207352,762.5374634171449
1914,9,4,1,3682.8149084500938,5957.3725770204965,360.097638271468,166.04313378584266,53.44116091424597,43.02183787416477,35.30176372446368,152.72725181858002,42.109084657566825,265.290680221022,543.5381727520671,1046.4791642001533,131.86533347502794,19.91835579061047,724.7735496903952
1914,9,5,1,3682.8149084500938,6526.176007009572,402.24514049048355,166.04313378584266,56.04745517509302,42.379480279871444,50.43002902966156,155.70615852806722,724.5181352567951,220.90133803267014,1061.9580074308274,1121.471445916451,130.2576802518826,19.91835579061047,835.7262188967991
1914,9,6,1,3682.8149084500938,5858.708728976005,423.52674596982763,166.04313378584266,56.04745517509302,43.6641954684581,45.387273927928966,163.78806194858913,1098.543558674759,252.60578208421848,843.8565481419207,1007.2855208760037,119.00082341360749,18.496261715095887,742.4698390360637
1914,9,7,1,3591.877557981934,7162.982007960363,305.61297345573144,166.04313378584266,54.74430804466953,44.62773185989803,52.448370076522146,144.21794004408815,335.6277913579314,156.4314744395634,900.9551261691026,1107.8381015038467,123.82542522114315,18.496261715095887,773.1681422491548
1914,9,8,1,3205.861805940175,6271.2665661591745,299.65895150687925,591.0381140748277,53.44116091424597,50.566439425671355,52.448370076522146,145.9146216916657,319.53436505185454,257.89505695307065,1478.739855091877,874.3470816828801,135.08228205947674,8.536631883123158,657.4889345029374
1914,9,9,1,2911.768641100231,7074.805786281954,315.8313624760592,591.0381140748277,52.13801378382241,8.989658124151342,52.448370076522146,163.78806194858913,761.6736114272519,127.88811324473888,725.0952830390856,683.444710118064,136.68993528262206,15.65056710850522,874.6838659065786
1914,9,10,1,3039.455321714236,6604.332203496678,373.29303826622214,591.0381140748277,50.83351903485655,13.324579827570451,30.257769616563422,177.4003704340923,366.5997882095778,327.6541954150295,486.4395947251142,859.0073473570718,143.12219031330304,24.187650928289653,675.1852238486058
1914,9,11,1,3384.8793203505443,6783.557054073851,446.08229758646274,591.0381140748277,49.53037190443306,43.18304730902605,31.267559643077494,186.76449891643247,422.333002465263,319.1975966572067,140.45179989796048,1036.2585996144167,147.9467921208972,21.34195632169277,815.6585945157178
1914,9,12,1,3911.0942595169463,6326.376704708391,366.9098976183532,591.0381140748277,61.261391315329504,57.469923455460474,29.249218596216906,177.4003704340923,873.1400399383509,367.81523822453926,411.084580504048,760.1433817477958,149.55444534404248,21.34195632169277,767.2640019570497
1914,9,13,1,3334.5337232872243,6136.731027932599,296.25282183343666,591.0381140748277,61.261391315329504,41.09600516386076,65.5595333410271,160.8091552391019,531.315119196939,245.21015881626715,356.26805700110157,976.606052224157,146.33913889775184,18.496261715095887,675.1852238486058
1914,9,14,1,3786.2647654288917,6722.100899570845,232.40800539540533,591.0381140748277,57.35060230551659,33.87134233692492,38.32741678550323,179.95186878962608,469.39842562298617,311.78637080847307,393.94556411152007,790.8228503996426,144.72984353644836,19.91835579061047,780.2498842936428
1914,9,15,1,4372.4806216426905,6928.513418499044,316.68959987409187,292.0690991638653,59.95824418490601,33.39019417749288,44.37872290758245,169.74587536756354,300.9566269666262,336.0951915922086,326.58560987886545,790.8228503996426,138.29758850576738,12.804872501905317,650.4071924585406
1914,9,16,1,3465.07759042779,7177.010043226502,165.1570592839309,292.0690991638653,58.655097054482454,32.74783658319955,47.404375968622006,180.37927714347487,818.6489815722414,269.51897960000264,140.45179989796048,695.3894395121015,133.47298669817326,18.496261715095887,761.3598616648532
1914,9,17,1,2664.178650064003,6861.713250560958,182.60341639081608,292.0690991638653,54.74430804466953,50.566439425671355,32.276110663424014,176.11814537220224,461.95914034993,240.981859437425,406.5047331484027,695.3894395121015,128.65002702873727,17.072661184010943,636.2437083696558
1914,9,18,1,3249.409269544758,6331.4535174710845,334.13595698097697,292.0690991638653,54.74430804466953,37.40306903296219,36.3103147448102,177.4003704340923,151.09256639586647,211.38376378483733,423.64374954093057,940.8074138320085,136.68993528262206,17.072661184010943,644.5030521663442
1914,9,19,1,3120.737352197709,4120.167558229147,406.06697890359834,292.0690991638653,53.44116091424597,77.21435900823629,7.060228844275981,140.38421662666124,774.0678701939413,220.90133803267014,472.74726757970103,940.8074138320085,130.2576802518826,17.072661184010943,763.7311967001747
1914,9,20,1,3813.358775590049,4589.104737151785,312.4252328026166,292.0690991638653,53.44116091424597,67.74392474642569,51.43981905617563,144.6453483980581,609.3388891416386,192.36421787009246,385.9505041233377,828.3278787052251,122.21612985989815,24.187650928289653,737.7594320269884
1914,9,21,1,2254.911311120692,7813.615643673215,305.19726471605924,292.0690991638653,49.53037190443306,74.16502054420691,38.32741678550323,162.07842853270952,163.4868251624619,198.6988656480338,526.4148946669426,819.7959291380554,162.42059754362108,15.65056710850522,733.0328934870836
1914,9,22,1,2549.98971269368,8254.49675206189,205.58808670688123,216.55660866128724,48.22722477400949,52.172333411404615,12.10335564785888,180.37927714347487,480.5368784351584,130.00226293420303,419.07964049245953,761.8497716612297,130.2576802518826,15.65056710850522,669.297215087239
1914,9,23,1,2520.925229066434,8313.280899846935,236.24325376786422,216.55660866128724,48.22722477400949,32.90904601806084,30.257769616563422,183.78559220704992,426.0458200693204,201.866189537143,622.3241379130736,414.15505190517905,128.65002702873727,14.22756915964643,704.7059253094053
1914,9,24,1,3659.5633215479306,9534.387969748957,236.24325376786422,216.55660866128724,46.92407764358593,43.9853742656047,25.215014514830834,171.4425570151411,517.6923546056153,257.89505695307065,573.2206198743032,601.6446436431273,115.78387482915869,19.91835579061047,648.0358574231278
1914,9,25,1,1586.5267113635584,6526.176007009572,351.1666053481896,216.55660866128724,46.92407764358593,25.04326566940753,29.249218596216906,151.0176184027004,892.9599339131552,261.06238084204136,543.5381727520671,664.7099708602548,114.17622160601336,17.072661184010943,681.0893641407109
1914,9,26,1,3214.5318891918187,1393.919104355413,349.03442181245174,216.55660866128724,49.53037190443306,21.190360176223646,32.276110663424014,142.09385004254082,359.1605029367931,63.41512913548499,535.5431127638847,654.4716313796512,106.13631335212858,14.22756915964643,677.5565588839273
1914,9,27,1,2616.6902395266325,2261.2524848593102,254.53443831343742,216.55660866128724,48.22722477400949,26.969098379711657,37.318865765156715,150.60316181703269,533.7994309760905,254.71213048331768,472.74726757970103,533.4601466856982,172.0632326062352,17.072661184010943,747.1963775759684
1914,9,28,1,2542.2063425018982,4426.379528056318,194.09575154884865,216.55660866128724,49.53037190443306,29.21610988716228,12.10335564785888,157.83024852961472,473.1112432270436,218.77938705278865,570.9385653500677,697.0958294255354,170.45393724499024,12.804872501905317,666.9258800519175
1914,9,29,1,2210.477134456247,7464.2507653589255,140.88503287081681,314.44403817409267,46.92407764358593,37.40306903296219,77.66338459135298,132.72972156010928,501.5989282995384,156.4314744395634,559.52829272889,697.0958294255354,152.7713939284913,15.65056710850522,623.2578260330627
1914,9,30,1,2822.8017640981593,7661.311260775524,149.82947575343943,314.44403817409267,45.61958289462007,37.40306903296219,77.66338459135298,177.4003704340923,516.450198715768,193.42519335996394,424.7769076494612,697.0958294255354,131.86533347502794,12.804872501905317,670.4748168395306
1914,10,1,1,1998.1586184662974,11121.559959948525,488.6320985861893,0.0,45.598020997942946,465.833263120216,97.53456550574819,504.8599284164676,0.0,0.0,1258.2146965153115,494.92417447415465,53.92617384575114,33.054648521975274,758.536843765574
1914,10,2,1,2711.4700132543976,7986.628078631528,806.796793988049,0.0,46.89982050982421,145.7209283888017,97.53456550574819,448.7010610585757,401.5303038304255,165.90224094504939,656.2716662495312,337.6163543297094,53.92617384575114,25.54195450232242,767.796342475155
1914,10,3,1,3502.516586286522,2765.9945537965673,543.1704032391565,0.0,49.50611477067127,125.06131927500294,97.53456550574819,479.7075943737469,122.52161592850823,207.03064376001387,764.9131999103166,339.37606892797413,52.42854387689325,28.547333401289915,467.8627893269815
1914,10,4,1,2632.749598276718,2440.5441356039482,498.8504876063135,0.0,56.01915518570434,258.15830884158936,0.0,408.3303992607208,0.0,282.4379164477095,685.6236089233983,342.9132730193703,52.42854387689325,25.54195450232242,940.3553280087992
1914,10,5,1,2650.779430493503,7199.722100325384,493.1646648443811,0.0,62.533543219279714,240.9461014887421,40.63940229406177,408.3303992607208,405.174871110862,176.87085520120286,447.7863125765334,454.2729897656281,56.92307592159072,18.030766938255248,709.9002782440974
1914,10,6,1,3000.6369944285098,7750.155484132792,497.7106410618881,0.0,79.46906544060006,246.68763751495305,44.703342523467875,361.5356603851691,0.0,209.7766979692478,380.25323696610695,473.71872482064407,53.92617384575114,25.54195450232242,709.9002782440974
1914,10,7,1,3170.5903308938964,9343.339489447142,436.3600770622863,0.0,110.7365108594883,214.55735707451802,36.57546206465555,316.4894102304391,209.8697450841492,132.9917174028476,453.6567011113068,563.8552170185243,53.92617384575114,30.050776078575495,664.7319918559035
1914,10,8,1,2835.3142706087974,10237.793738132914,394.30644455868077,0.0,87.28660060456644,253.5700403109574,44.703342523467875,185.44341854963145,118.88250867391098,193.31597529490344,569.6480241709396,572.6893397995814,59.91833585928117,21.034639381655026,675.1529607868554
1914,10,9,1,2009.4888408969161,10456.89828896869,711.3447033753203,0.0,75.56097166787866,201.93341825230272,243.83641376428747,187.20485903869948,0.0,54.841511022122965,899.9793511311696,698.1978729111942,65.91049787281752,24.040018280622522,684.4124594964366
1914,10,10,1,3087.337826944335,1158.7157130469284,489.7585351708598,0.0,70.34973076469569,253.5700403109574,487.6728275286879,170.2380425630441,390.6102520537861,148.0731719403643,26.42619139067536,616.8777285995042,65.91049787281752,24.040018280622522,634.6144237534978
1914,10,11,1,2656.395279872221,1943.9516871546623,436.3600770622863,0.0,69.04793125285508,260.4524431069618,48.767282752874095,135.72158003789852,235.34076585338627,152.18757247993895,36.703305903277936,774.2033236385863,65.91049787281752,22.538082058940603,634.6144237534978
1914,10,12,1,2144.4662733361806,5499.390625639563,389.7604683409759,0.0,74.25917215594066,215.71062457009708,77.2148643587173,195.3903766056361,0.0,95.97303435323337,685.6236089233983,719.4033225647047,65.91049787281752,21.034639381655026,634.6144237534978
1914,10,13,1,2582.108430193851,4687.300984020655,399.99226732064784,0.0,74.25917215594066,183.58034412966205,0.0,160.2910845070171,843.0962474875153,95.97303435323337,428.6957461083682,521.4443177119631,167.77725210328643,18.030766938255248,604.5129871820129
1914,10,14,1,3595.8185049141102,7781.551563063574,432.9405374294995,0.0,69.04793125285508,219.14562560514995,0.0,276.70157800642045,3258.4069495307426,113.79742258381563,330.3313269600007,797.1862627849985,157.28563163062768,43.572721440595636,669.3617412106483
1914,10,15,1,2321.1192195871226,8173.668548857665,318.17810536130503,0.0,67.74478412243153,257.0174420717959,52.83122298228021,136.8872391850892,794.5702674046836,185.0934152479839,591.6659157529043,726.4777307474973,152.79109958597974,27.045397179607995,532.7115433557083
1914,10,16,1,2135.5006190649906,7197.050093608264,620.4385889805382,0.0,67.74478412243153,139.97939236259077,52.83122298228021,221.7213215639322,588.3450896008795,82.26304666222107,518.2624516079336,632.7862595631238,155.78800166179778,21.034639381655026,650.8266122606567
1914,10,17,1,3125.565012189747,8054.764249928174,447.71831262686754,0.0,67.74478412243153,51.631661768331426,16.25576091762466,221.7213215639322,750.9037103625242,116.5387960187887,484.4880446492478,629.2668303668246,152.79109958597974,28.547333401289915,680.9441803630624
1914,10,18,1,1392.9276933026695,8023.368170997392,336.3620102321244,0.0,67.74478412243153,135.39112383184582,93.47062527634198,262.07903159319704,143.1482287282907,94.60312776478352,472.74726757970103,445.4388669845709,154.28872955480966,21.034639381655026,656.6178318368637
1914,10,19,1,2858.8614285311182,8197.716609315106,355.67235168786146,0.0,69.04793125285508,286.8411875211858,36.57546206465555,174.3308013464696,1163.3540659698608,211.14972507393398,456.59976453228063,406.5473968743091,151.29346961709132,21.034639381655026,660.1022425010674
1914,10,20,1,938.3394646350521,7900.455861992222,292.04209459933855,0.0,69.04793125285508,135.39112383184582,0.0,107.05543125481988,0.0,112.42595573729226,433.10247208601277,445.4388669845709,140.80841769694823,39.06540631992824,662.4090514130706
1914,10,21,1,3177.2899406794513,7291.906332079471,284.0899887081911,0.0,67.74478412243153,73.43213765187625,69.08698389990498,144.4899271784328,824.9007112144013,122.02310314680825,411.084580504048,547.9466860549046,134.81625568341187,18.030766938255248,636.9373641963307
1914,10,22,1,2525.8514127322655,7396.782595741982,287.4961183816337,0.0,66.44163699200803,32.12656022269583,0.0,139.81433882136804,499.797119756325,0.0,569.6480241709396,867.8770199278629,140.80841769694823,43.572721440595636,642.7285837725377
1914,10,23,1,3058.076295970114,8555.097507781595,578.398366436546,0.0,65.13848986158446,47.042153165089196,77.2148643587173,226.39690992097908,488.87706797968553,87.74735379024061,502.1149485605132,636.3234636545201,133.31862571458194,34.55809119924288,671.6846816534813
1914,10,24,1,12689.84912274904,10002.657146991893,359.0784813613041,0.0,63.83669034970328,52.77872890099811,0.0,190.13195867509654,33.966821051538034,145.33179850533733,364.10573391891563,549.7241755480362,118.33904174973242,39.06540631992824,592.9305480295989
1914,10,25,1,7172.621940879003,6426.109355439056,268.172366966552,0.0,63.83669034970328,47.042153165089196,199.1330712408423,149.76129687739487,391.8251078137506,106.94164860927273,389.06668892185417,620.4149326909005,115.3421396739144,37.56196364264266,592.9305480295989
1914,10,26,1,3063.6921453494438,8816.954166098018,288.63596492589596,0.0,62.533543219279714,57.36823750424034,475.4810068404961,172.58231262564794,570.1495533280372,111.0560491488424,365.5693964758154,540.8722778721121,130.32172363870546,52.587351681930414,609.1427365367578
1914,10,27,1,2173.727804310402,8589.16559343034,285.2164252931092,0.0,61.23039608885615,80.3157805204516,284.47581605841066,90.67532988313087,618.675533410869,139.8474913772606,425.7684209943395,408.30711147257375,160.28089156834602,57.0946668025978,708.7388080226353
1914,10,28,1,2137.668139878054,7525.706919861932,292.04209459933855,0.0,59.92859657697496,58.51654470948276,967.2177745986188,107.05543125481988,544.6785325587202,134.36318424937082,289.2228689096417,648.6947905269736,184.24789748445028,88.64737910289115,670.5232114321105
1914,10,29,1,3967.154229632167,8081.484317103577,274.99803627278135,0.0,59.92859657697496,43.59971169451354,711.1895401460267,100.62099276232756,268.0872711188741,0.0,453.6567011113068,572.6893397995814,284.6153796079311,66.11080349953623,642.7285837725377
1914,10,30,1,2876.891260747292,8175.0045522162245,536.3581438921138,0.0,62.533543219279714,49.33752750299829,365.75462064654414,136.8872391850892,949.8534036698537,87.74735379024061,409.6209179471482,579.763747982374,531.7735886131816,85.6420002039057,641.5671135510756
1914,10,31,1,3640.843823618259,10643.938759193987,297.71450740196104,0.0,62.533543219279714,48.18922029775577,158.49366894683203,43.28999037300055,0.0,134.36318424937082,347.9582308714952,471.94123532751246,295.0922208374589,103.6727671421789,657.7793020583258
1914,11,1,1,7352.427644676051,15066.109876670547,14386.204384524266,951.7080733660948,346.00106074064684,1018.4220036473083,345.49686980784327,1602.0042212889398,3118.6302867884,133.84985934322052,1230.1375567136276,1791.1761622524791,100.78951162123668,39.3109585808449,449.66642252486673
1914,11,2,1,6429.55639675077,8861.710278616081,11810.285294084957,951.7080733660948,275.97880128172096,1018.4220036473083,291.5133710898381,1156.5151987692125,2417.426462074934,144.47209630692024,1186.0702969351205,1749.2451851089347,93.77758183283377,33.694892147061395,452.7959395103639
1914,11,3,1,6197.3360987511305,9352.023511279041,9130.841317507617,951.7080733660948,238.90581518243943,915.9920088816149,172.754629934769,861.1889779444263,2436.127050742463,125.35113361738179,1052.5937147278744,1744.9081107455372,87.64255380252075,30.88685893017863,376.0259841813461
1914,11,4,1,6058.811814073028,11663.309321923189,6549.692342924409,757.2686819045714,222.43791659533997,989.1562908570295,323.90099230825706,1034.4188789851426,2432.168531973533,46.74065110500264,1000.9720675588577,1737.6737285084826,84.1365889083193,32.99288384283621,390.1249421468214
1914,11,5,1,6315.465983053629,12468.251345572835,5686.493259934191,757.2686819045714,210.08025456222282,1005.2524328916546,194.33811737266046,661.5633731038386,3810.1425655504045,131.72478784724242,1672.0377424484425,1682.7493031700724,89.39635731870055,31.588867234403814,538.9705773266113
1914,11,6,1,6433.59586735674,15476.930909487,6144.175172353755,757.2686819045714,205.9565418227253,1005.2524328916546,485.86387852408035,879.3473571038603,3803.590534484421,99.85651669793918,2110.1922111021217,1519.380243854159,89.39635731870055,32.290875538611026,352.52234372864115
1914,11,7,1,8104.1632720565385,25881.05706578543,6216.588952812942,757.2686819045714,197.72259252917556,939.4045791137249,485.86387852408035,1224.149332842883,7239.311824739805,89.23271947612247,2038.4255308915936,1055.3310618760772,89.39635731870055,32.290875538611026,352.52234372864115
1914,11,8,1,8063.472994977906,15633.243302461211,5672.010503842177,757.2686819045714,197.72259252917556,990.6195764965717,345.49686980784327,1224.149332842883,9307.706131901017,64.80063830466892,2038.4255308915936,2555.8521422078984,78.8784626360962,28.78083401750308,459.0711050120963
1914,11,9,1,6197.3360987511305,15649.943344446154,5185.363079239027,757.2686819045714,197.72259252917556,990.6195764965717,410.28450230648895,410.8041870064326,5871.302338409423,148.72223929891302,1607.8254496284235,2032.5592354228763,88.51945556061067,30.184850625953448,502.93273740117957
1914,11,10,1,6158.616295139196,20527.69160725723,5359.156152340546,757.2686819045714,201.83282908322775,902.8224381259612,421.07624602543467,645.0757720552324,4483.7732595277885,123.22606212140381,1607.8254496284235,1963.2371451898246,85.01349066640921,32.290875538611026,435.5674645593914
1914,11,11,1,10862.234982787833,16651.945863511555,3919.4629171404904,2124.213450640913,193.59887978967802,1049.1510020770165,367.0927473074295,562.5859597390445,3789.394467174518,97.73144520196122,760.4907356254979,1938.7077901844707,82.38442753029766,30.88685893017863,501.36797890843104
1914,11,12,1,8348.60050554666,12908.464452282653,5098.466542688266,2124.213450640913,185.36493049612827,933.5514365556692,442.6721235250209,793.5548438707557,4486.2302711776,194.408155946201,856.1796425727925,1438.4333723358243,78.00156087800629,32.290875538611026,485.7042624502984
1914,11,13,1,8584.95879782484,11682.68137062525,5842.85338588821,2124.213450640913,177.11750501706337,509.2110018235977,313.1092485893114,905.7430609037319,3790.213471057698,208.21643989586664,1624.1932889746804,1648.0527082635826,78.00156087800629,30.184850625953448,360.3622677231222
1914,11,14,1,7690.659415160282,10784.219111862956,4846.359307016145,2124.213450640913,177.11750501706337,1037.444716960905,323.90099230825706,485.0437229142802,3791.03247494115,72.23682828251863,1251.541654320148,1626.3673364470553,73.6203363638146,30.184850625953448,397.9648661413024
1914,11,15,1,7586.716939814962,11017.351697965716,5095.516351632339,2124.213450640913,177.11750501706337,1022.811860565822,550.6391209611443,902.4403599866433,3809.7330636086785,89.23271947612247,1507.131761034985,1555.5343801447957,76.24939949992616,21.060249126647687,430.87318908123706
1914,11,16,1,6423.447929004919,13021.356736097361,6358.466322674948,2124.213450640913,173.00726846301114,951.1108642298365,604.6226196791494,1484.790718154718,3795.80999759326,574.7054587580665,1699.7371628804635,1870.629942596473,75.37249774189475,21.060249126647687,455.94158802669057
1914,11,17,1,9000.531651860367,17567.10816425795,6089.060239448917,2124.213450640913,251.26347721555658,1308.1525602702218,2688.3955822454936,3914.9310046812216,3798.2670092430717,2213.850180354668,2288.9793793459385,1217.2425798076135,1584.581182510327,904.1595796374688,1311.3966691566025
1914,11,18,1,8623.678601437385,12872.392361595646,4820.343985888046,4361.707351663645,2459.1343160256606,2537.312497458431,2688.3955822454936,3330.935771938812,3801.406524129093,2510.1431884943895,2661.6624906145903,809.5753645523188,1584.581182510327,904.1595796374688,1311.3966691566025
1914,11,19,1,7639.7226760572585,11233.116240404675,7033.523676065224,4361.707351663645,2026.548763940941,1744.1620779411608,2396.857431032379,2745.2568093169843,3799.086013126523,1412.8604932106623,2448.8805791132518,1820.149240990892,397.01973417843436,173.3930382316763,1038.7899292732145
1914,11,20,1,8024.753191365971,15878.399918792691,12201.45380815675,4361.707351663645,1293.4038483625097,1688.606826542717,1835.4637365372603,2456.5618938626963,3799.905017009703,1332.117137911906,2076.1974678445995,1010.5205517535123,421.5696991284599,153.04082323157857,960.4390839206187
1914,11,21,1,7731.349692238915,26871.03555462211,10356.10930279289,4361.707351663645,1124.5202926389961,1472.090154798361,2267.3812865284194,2890.4461319836655,4515.304909033072,5077.859899897444,2147.964148055128,1979.0568016788795,1118.3289050346682,489.98974470231826,1764.1442140743866
1914,11,22,1,12905.615967305255,20205.714797797205,8809.270492432235,4361.707351663645,2652.652338702876,2809.5084278588615,7223.034254685725,4824.015621806953,3798.1305085958293,6213.415725721842,5373.844946903558,2018.1615705284644,3542.584574360907,2415.6015360947226,5471.170004073559
1914,11,23,1,31116.731742530912,62138.184217334485,8397.852939750606,4361.707351663645,4522.742589880438,2210.9253954932665,5268.873727301756,3081.8732674890703,3096.517181940638,2541.036298347752,4136.1844794135395,1854.8102861074178,1118.3289050346682,693.5721529267231,2754.458893134694
1914,11,24,1,21721.514255377144,37816.243071215504,9336.415994255498,4361.707351663645,2203.7606022560517,1559.8872931689716,2418.5400389636025,1570.6609419978163,3797.448005359892,1591.3072090660285,2276.3887336949365,1142.0725491419566,655.5743817625372,346.07804233678456,1764.1442140743866
1914,11,25,1,13664.248251817662,31357.334833318797,9191.588433337125,27018.617451930604,1363.3856792652393,1537.9380085762907,1220.049373139052,2187.6831839107676,3105.526224656433,1178.0884609053358,1955.3272695953008,1623.4700285731683,489.91548783887924,247.79687974569018,1421.074947425555
1914,11,26,1,12946.995910096774,34856.32762989592,10399.557571068488,27018.617451930604,1033.9064218534036,1256.937562887375,1220.049373139052,2890.4461319836655,3794.8544930628377,974.1315255497374,1955.3272695953008,1476.0095002211044,489.91548783887924,247.79687974569018,1421.074947425555
1914,11,27,1,16330.298851674572,33144.90732733178,13855.169994491258,27018.617451930604,848.5414913572752,1305.1763860881076,809.7648708324504,1973.2019008276623,3091.7396592882565,763.7931346739892,3260.977223600592,2042.6909255340483,335.6694538752458,164.9719514921814,1068.5526036968224
1914,11,28,1,14290.858814089936,28671.300080543515,12632.986299855504,27018.617451930604,741.4462457990677,1245.280880674293,734.185494614859,1341.285125367283,3109.621244072605,758.4882572244933,2864.3718855951734,1702.9771336019928,298.8691385220827,146.71521621564142,943.2106089697376
1914,11,29,1,15845.562378973482,37438.82212236725,9956.358414740498,27018.617451930604,696.1258342208611,1245.280880674293,950.1194894871056,1534.2664730687827,3804.0000364258754,577.8883852278194,2029.6120789358463,902.0936926711058,274.31917357199876,148.1192328240918,1251.8713203092955
1914,11,30,1,46015.48162096406,92852.23343341376,9388.58073610441,27018.617451930604,659.0663243070248,1280.3749345710564,647.8143746783219,1196.108754468848,2389.307328749884,623.5727416170846,2029.6120789358463,874.6314800019009,247.15820900525046,121.4444237192463,886.798645577098
1914,12,1,1,21134.313162429688,6714.084879418646,3090.593330071788,3799.639512024442,169.8538410739713,902.4876185305397,102.31960732464042,1894.45514955083,1500.278613476319,580.5720291140627,2346.5815831990317,1121.3647965467894,198.81366264210078,70.40269547105468,579.2994044589109
1914,12,2,1,15609.105563021507,5430.38605215998,3198.945801573386,3799.639512024442,242.96214699485003,906.5426558535188,85.66240840874518,3563.679048327838,1564.1609163700668,572.2402510020827,2603.2733714080514,1287.4534147872312,195.2338015323615,73.8359077571487,791.8807180385455
1914,12,3,1,6082.7530666880775,8426.173183661644,3275.2484702423185,3799.639512024442,228.34048581068822,820.25840602548,85.66240840874518,1268.7034158021886,1680.459467792227,681.3334954945831,1305.319449556922,1149.591329698032,181.58763372397712,72.54788822903004,570.798087699414
1914,12,4,1,4023.3127234205704,15055.421849800387,4180.15252679321,1152.0047787048513,197.97864005221786,839.5415345801231,97.56058463526567,1302.9478911930446,1644.5597975762873,709.9954363030035,1429.3373092188567,1171.2944764094261,173.70537072999994,69.11467594291805,440.0520301365791
1914,12,5,1,3560.645553541624,11627.905232916726,5031.416745967009,1152.0047787048513,3400.44586783629,3235.349350407719,2482.9683596736654,1452.4112973994168,1997.4139706122407,975.3173216855902,1246.3794896034065,2632.461939362836,233.98826125278825,94.87054713882169,588.8654022546185
1914,12,6,1,3370.4948640470006,9781.548591117855,8787.278159107913,1152.0047787048513,2564.652847889348,2063.852787996767,998.2053188477918,1293.1952096615946,3019.8038182091345,1329.3866862834543,1213.2188766201652,2423.962421815833,463.67412062139715,180.29260482682136,738.7434554090515
1914,12,7,1,3039.0612270208967,22243.119919897894,8249.136490622488,1152.0047787048513,1500.5732468734295,1508.5482885284941,544.9149124673256,1416.9234522515817,1929.5731489490202,924.4685110733155,1387.599318886108,1730.3504717966332,307.1947788094623,121.05726463300526,629.2587555103277
1914,12,8,1,2844.1814012074165,39523.65536370312,5972.393593153904,1152.0047787048513,1037.113753984085,1251.7292580688168,308.15322391932386,1543.0736755142948,1848.0822625651358,861.6057132957985,1677.3887668501295,1389.481311694318,262.6928356559175,100.88130493677467,613.3046714968068
1914,12,9,1,3011.868693186557,86840.21831901968,6095.497019934257,1152.0047787048513,941.5002184065147,1312.6168215433363,523.4924958311268,1026.233361418206,1819.0076247096633,1037.2595671997224,1526.348233959628,2075.5744811572126,310.79106130049075,148.10115535702758,881.1687413094604
1914,12,10,1,2441.515148375868,83500.20992213473,9133.925608157135,1152.0047787048513,3251.9383044725973,2615.065047964591,4610.341949274431,851.1125022052705,2810.548326037483,1195.3449151972222,1315.140153164722,9879.464351906263,2168.279178596456,852.985283297503,1572.0822077396083
1914,12,11,1,2556.689322479235,44542.35198086286,11810.955792052033,825.5298178274547,3422.9510974930513,2570.4224352337856,2048.820598581068,808.2551008936292,2294.8488808810025,1181.474220924566,1967.1309998930865,8968.678735613496,4560.710211084518,2828.521012891468,5955.599875586497
1914,12,12,1,2795.5107065906377,38312.568318992395,9219.615248366894,825.5298178274547,7502.731472512903,5980.3740043220205,5431.183535244467,1179.3103109809542,2137.873136590521,1101.963469503871,788.3475391281164,5176.938148814738,1639.3629103185735,1018.6803334721632,3330.1932292750707
1914,12,13,1,3105.4661828343023,37208.36154298245,8131.397047580063,825.5298178274547,6274.377171188162,4249.480702942573,2794.702311417233,1212.3761754562347,2140.876150829029,954.051004145121,995.8728560703554,3730.950446132875,996.2523569152305,535.7408009238284,2306.486281349303
1914,12,14,1,2737.480263008718,27013.98791400904,10176.549947173546,825.5298178274547,3440.874424105872,2725.679521730957,1729.9004110660753,1279.7253706272822,4287.485328840862,1174.9991499199996,1019.2127654457968,3238.230358630268,733.5430998780823,388.92163927257667,1712.3620000365831
1914,12,15,1,2746.8400119738585,21343.32165777704,17772.219118950186,825.5298178274547,2331.7843637764304,1994.7807455215757,1246.8119063570975,1217.271943874501,6377.856240202594,1126.927598678385,1121.1183036831792,2867.979297205991,597.8860694752996,309.0794930842141,1464.7268699134888
1914,12,16,1,2199.9351014116974,19308.58854239431,12480.112763330897,825.5298178274547,1737.8888721759736,1741.0618965014164,1064.8390705361292,1366.6705912394693,7385.777019195373,1024.309425190451,1439.1737511338308,2655.213804875288,513.9071258268294,264.4432139981629,1230.8680671388224
1914,12,17,1,2122.1999231676728,16698.70598106788,11197.852450832268,825.5298178274547,1395.9980479893788,1557.283140759636,957.7517674788637,1333.6435820690997,7855.748747536667,3850.4048735495808,3408.759926928925,2474.976370269261,475.8752068808428,235.24810469382248,1078.8767834427058
1914,12,18,1,7629.870308726205,14728.769028584979,38027.96270845784,13537.423832574937,1157.4695659987103,1420.255121127588,750.7386170127074,2597.4771329896867,15937.815568146427,9824.320985003744,6795.486223968482,2420.762940728058,431.3732637272395,214.21798467892455,1074.6180592975882
1914,12,19,1,16989.422226140356,13046.740799913361,57178.725647998675,13537.423832574937,980.8641560276617,1360.3596157137733,415.2281369148946,2281.4539864180074,18775.664023625777,11645.610234089756,13980.338164693525,2292.605948271615,405.5260096594679,192.75099254338593,949.1954069161729
1914,12,20,1,10787.356991069759,14953.217592855837,39570.10803304808,13537.423832574937,856.007298081698,1210.075220245798,314.10045352330883,1846.7926421989903,13372.012902555081,5515.356263680307,9438.1053630362,2207.9974483973556,376.0988944818985,183.72732356850108,888.605377032655
1914,12,21,1,15992.362652209888,13978.603142644699,21527.00773534368,13537.423832574937,7736.678051459701,3364.3168982967254,8164.059438903352,2388.047039544492,7251.050880399896,3363.292303032365,5511.082984499113,2331.71071712097,363.19168882924333,169.5666410369805,992.7828032806975
1914,12,22,1,49038.18791821472,12440.195275038872,17878.15779776978,13537.423832574937,7465.671962599137,2571.41449329449,7776.2505084753075,4989.150667658972,5595.707531693939,2986.021900882984,4769.336572586466,4577.7464406719855,773.0201003729492,348.57875861362965,1617.8312292384876
1914,12,23,1,27951.16611897542,14450.212328284455,15019.154465573096,13537.423832574937,3246.2783065948456,1289.3034571171722,2688.8911847124923,4166.195309742298,5568.680403546553,2222.4315997584717,4356.8355444468125,3208.901781993137,748.6179278540578,339.133282073979,1272.3261014308337
1914,12,24,1,15146.04429844922,12213.074704050894,12838.82917578969,13537.423832574937,1953.9121245098806,1180.6358972949718,1854.7922327502115,2397.7608657710307,3909.515036718638,1966.3932499126763,4305.213897277796,2821.231323536032,513.9071258268294,238.24595131486157,995.9607148587745
1914,12,25,1,23060.450975704476,12822.960237322204,11841.664598950547,39438.46579676983,1464.5918317934738,1107.546019674045,1515.8001453217128,2628.0433061827625,4481.316247877977,2668.041305523056,4314.971647657357,2692.1855863327933,454.34677607848124,214.21798467892455,1043.8068353685078
1914,12,26,1,25284.130282384856,15366.042630710552,14718.77137626181,39438.46579676983,1424.0285136696477,1383.6729801398242,1618.0181541406278,4659.657682052981,5604.443573115252,2448.04491717285,5111.959517363448,2946.1888349047003,440.7006082701553,202.61827664778443,949.1954069161729
1914,12,27,1,17921.4561756838,21558.418198536296,12666.24299902917,39438.46579676983,5347.485137780364,1383.6729801398242,2554.4590155385454,1979.03019656362,4457.019132674886,1859.9836493064192,4205.747796635017,6001.871022587962,1603.4657709334458,714.7529185004596,2129.039441967276
1914,12,28,1,54316.10109760683,49939.13754855056,12379.806267435531,39438.46579676983,4232.869841427416,0.0,1947.5937946961506,4074.367272480263,4481.316247877977,6409.384139741563,4006.8155953499177,3715.8417854410263,940.9779876698894,476.92877475036374,1984.5009255251837
1914,12,29,1,32406.406626201147,100868.25358593866,33837.35041337595,39438.46579676983,3520.7882036654696,0.0,1809.568507636491,3523.2695312252436,15420.478115223586,8953.540954236216,10007.832078742325,3374.9193006538803,715.6109515667492,348.57875861362965,1371.1801224974563
1914,12,30,1,43607.56304518732,132264.33251666158,19172.218874491235,39438.46579676983,7857.0203872888815,5262.619997416722,3575.2761969434237,3512.2605281683964,6121.098522802154,3284.6552961327084,6464.037477206895,6349.370218499787,1039.309218519895,397.94530824744356,1620.8962201005752
1914,12,31,1,120198.8814421928,216432.54411817293,14025.476478163366,39438.46579676983,9617.414489121616,6331.562557804464,3986.874045787521,28329.402807223596,4984.184632196702,2293.5793679057606,5303.494714328865,5295.318949058728,1201.5196223837174,476.92877475036374,1914.3287663150372
1915,1,1,1,560920.8718035142,865936.3857480135,157608.78054722704,42936.684064121895,23584.1297350833,389.82023724715816,16875.342123475446,36902.79744049543,54222.947437191026,36644.28148581569,0.0,1181.6151137473842,1942.6741953871028,1026.5196128136517,2499.5614971514638
1915,1,2,1,372611.72198376263,480050.0219498589,261064.80059874023,42936.684064121895,0.0,363.1574157037558,30404.95090542225,77338.37817416864,87451.59233935647,62073.75773860663,35244.0786760239,1094.4531091503645,17798.760184600796,5737.7692890514,9968.754004052576
1915,1,3,1,204335.4604427085,283414.1475742437,113155.0219313423,42936.684064121895,22367.499135984217,377.2419864219167,11131.992997659243,32215.100656764615,4399.60502599614,23703.73344527948,50437.40243792666,1438.1132209732755,16707.099512215766,8474.982562380028,22897.20622761391
1915,1,4,1,143235.15119268265,228023.7604261828,59816.97759353435,42936.684064121895,11107.883629493148,1050.2023915599093,5754.948946283874,14182.845717063206,34878.6749463041,10907.375757739166,4552.639220054825,4209.793141306274,5701.105938884193,2958.696954285633,10645.37115753171
1915,1,5,1,84163.17188087564,176326.06575465974,40138.51102951683,42936.684064121895,7693.176241542711,1997.3609891736419,4336.127930392066,9951.489456308218,20875.8950634198,7272.2145924427805,10376.198694201134,6083.6498798444345,4018.224161350337,2369.22287734158,6880.279265602816
1915,1,6,1,61717.32220900931,142168.660346688,27491.820828376127,42936.684064121895,5800.783673179741,1144.3233988794261,3413.127339783518,7375.206786139615,15061.868934470991,5479.611866219211,6751.330041926281,3501.244387317919,2997.8193888352857,1735.9199007751097,5085.591640115123
1915,1,7,1,52131.58516765296,118166.15924919471,21294.15862716527,42936.684064121895,4681.020924822633,1476.2894389669912,2995.150337804556,5951.6602362359035,9934.825413932116,4730.5284750640285,7309.161380816066,12885.691315967135,2506.8890609055297,1462.7279674545287,4205.309944089672
1915,1,8,1,47371.77091263433,84592.19925251685,18116.927261364406,89407.16416123002,3989.90072898457,6976.467814716682,2691.0624822363684,5423.285046213812,5888.469344893685,4125.887738484855,6195.812345350278,21856.341515940094,2177.742591043614,1263.8974256281763,3656.542859775481
1915,1,9,1,42451.69355138612,87207.54869902511,9661.014122466539,89407.16416123002,3464.8529229095248,6976.467814716682,2340.0001470880115,4748.20953300016,7486.422028835283,3720.3129485615395,6211.520758953398,33864.56030889926,1950.6619564045927,1152.6508141146892,3295.6906718064756
1915,1,10,1,39114.21436415537,74844.41428757814,14090.224980921785,89407.16416123002,3098.4759516218687,6976.467814716682,2131.874442662214,4178.827202543676,5331.077135963278,3266.674707639591,6465.656101512743,11897.02172925809,1804.8536203717324,1028.2678442031067,3022.54239601812
1915,1,11,1,33476.95960253011,66621.71131544825,13203.574559074135,89407.16416123002,2833.130205749943,6976.467814716682,1753.681948899146,3831.536641519283,5047.995569586614,3141.6592747271225,6203.727437476005,16078.350550430912,1670.963530936364,980.0929890844449,2414.17370941219
1915,1,12,1,32042.604801775182,61967.07244877285,12531.918678895836,89407.16416123002,2932.4035618589132,6976.467814716682,1663.184175993665,3250.269498237596,6305.746045756925,3071.2671338943014,5886.514899207508,11336.780063817847,1649.1556754601777,1134.257450059658,3062.8429612983286
1915,1,13,1,27796.634131105275,51345.9657131326,11825.508041981704,89407.16416123002,2869.3053056927106,6976.467814716682,1085.8774085814184,4446.280852987455,3664.1630634658795,2793.483094264249,5606.442408605917,7661.158462969114,1941.659876527758,1650.97062903504,2611.6619201148987
1915,1,14,1,26910.178824773568,46924.88964559774,10767.508586923665,89407.16416123002,2584.5304780100482,6976.467814716682,810.7603442972319,4356.736499870762,3636.0961072333957,2646.2651223076477,5852.784429687104,5938.0030081309515,1497.3882161285173,985.3499947413807,2223.9426886258184
1915,1,15,1,28132.185009773446,35994.51991504793,9728.907135625259,24732.146133669234,2421.23367136293,6976.467814716682,803.522439790468,3675.2195995536695,4188.445034965572,3015.7607862842724,6418.530860702616,4918.208884453447,1991.2347107789303,1439.9517134372886,2800.657674532626
1915,1,16,1,24904.886708075897,40492.21935146965,9857.418910532944,24732.146133669234,2319.1847321381224,6976.467814716682,673.220985412147,3216.883153813135,3854.272837322169,2347.1615991636418,5374.834635943081,4186.117211475458,1679.8388209557133,1187.676999346601,2316.5876662814285
1915,1,17,1,0.0,36597.35196184226,9067.758507483464,24732.146133669234,2173.559137994981,6976.467814716682,626.1698128040701,4045.1003773215957,3709.223684604734,2876.8687664692466,5627.87404266932,3852.3930095310566,1523.2533470421913,996.7381217500213,2271.5004438223636
1915,1,18,1,0.0,43114.95418293067,8038.0478079081895,24732.146133669234,2078.9117537456773,6976.467814716682,597.2181947770146,2714.364235967596,3732.1377230913604,2496.2718329706563,7465.514892960701,3846.1414999689764,1468.606918494294,933.6786768438508,2211.7444332343302
1915,1,19,1,0.0,39868.15432293488,8354.073619159575,24732.146133669234,2002.860776372359,6976.467814716682,571.8807356892294,2947.2521330806135,3756.1481270559348,2484.287507918512,6857.148735114671,7159.441567897917,1406.2263086436622,887.2520531146021,2109.3717329249025
1915,1,20,1,0.0,41232.60419301577,9606.053111813957,24732.146133669234,2281.159243451463,6976.467814716682,2236.8480245812225,4455.9882955239145,5493.2295901347115,5437.98210551174,8485.58761199139,7473.214143580136,1732.4566117850286,1082.5738206734318,2403.2107203895375
1915,1,21,1,26922.1985577406,61117.75317916956,11631.52800438536,24732.146133669234,2850.708898816725,6976.467814716682,3103.6709722632754,4579.916954447513,7030.11471696107,5025.847474507209,9445.018548274275,6426.019786502424,1547.9773692391427,1052.7923296098013,2203.2519769493483
1915,1,22,1,53296.49762105881,67611.35289915971,38749.1290102312,15891.459515072856,8029.021798556342,6976.467814716682,9197.123770379176,8393.218119800365,10795.36267748348,15347.505114170726,9549.497764333653,8473.056640995457,1853.41413576356,1158.7819354663525,2788.459419141328
1915,1,23,1,42979.56015753012,57392.74964346283,51523.52273612332,15891.459515072856,14915.983664391872,6976.467814716682,14895.703341166973,7402.151743460444,19492.28183039432,11045.258571233959,16313.613724309513,11816.151137475732,4171.0059395412345,3811.7600033970457,4373.460578534825
1915,1,24,1,32526.399053705907,56921.931352703206,24877.939821762197,15891.459515072856,6425.104835363819,6976.467814716682,5429.195310337885,6177.108784863229,11848.42171894195,6145.309585169397,9981.418253100655,6987.591560360171,2916.547090229125,2190.583176914291,3619.948093601588
1915,1,25,1,74207.82805077662,71240.3464304777,38605.260482347316,15891.459515072856,9511.923337899296,6976.467814716682,9703.585353281693,11867.57531023494,22055.58431756817,14763.426956365178,17575.157638497923,5556.92694652454,7271.905482458976,3604.188304623544,5639.14538160817
1915,1,26,1,122200.6185000509,205867.60556695843,77482.09301732994,15891.459515072856,17386.252637467554,6976.467814716682,19123.406503385173,17136.811408533715,31996.330105080873,16955.927686961026,20445.291813925327,4743.831670922254,8860.582395929832,4948.72598096151,7380.253328351627
1915,1,27,1,82227.99487315357,147707.69906149484,46724.9415560779,15891.459515072856,12439.23833071257,6976.467814716682,7501.345057533892,9601.295734899282,17274.33446873795,7682.330810806845,20445.291813925327,4039.1402313444705,4925.659170904347,3142.6305948358636,5319.674616991914
1915,1,28,1,75333.67637203941,144015.00658495695,30408.795643734873,15891.459515072856,7946.4944605794035,6976.467814716682,4345.139361168685,7574.7083388283645,12177.331362291869,5617.494679714005,10301.918598867704,3689.321717548837,3679.0612927522416,2319.3613482767782,4295.484389007802
1915,1,29,1,63442.1538898046,116319.81301092722,24614.450270693334,19403.125061880906,6150.507145772497,6976.467814716682,3300.9637865001096,6736.783672783444,8200.813774191261,4663.920857931833,9649.59323706176,3401.6192668489425,3117.762593954472,1944.476518641272,3612.690903685061
1915,1,30,1,54455.40020798155,106164.90870044878,20493.1827219226,19403.125061880906,5072.563183026964,6976.467814716682,2502.876965061007,6033.67451710488,7826.624236606903,4057.387859502447,8393.40723138901,3639.442651893379,2701.2579123302176,1692.2141160392803,3451.7974591564353
1915,1,31,1,48935.337842786306,98779.52374737446,18400.623066349595,19403.125061880906,4381.442987188963,6976.467814716682,2092.089934446319,5532.153560641401,6411.764587463389,3706.4363616589817,7881.7269681245825,3480.0956634797926,2448.438936635008,1524.9009851773587,3239.6404603247584
1915,2,1,1,25504.871712022927,125551.54420227047,8419.541881848234,5704.70820515453,877.2137918097009,4385.981374727778,461.4715354187305,2540.537507931353,2836.8456738928594,1754.2528860567056,3412.865953953833,2859.600086727939,1320.1359954556399,302.3701614399691,1446.7285302422656
1915,2,2,1,35251.87350402259,134783.2753936137,8545.628906286283,5704.70820515453,869.3958993668215,4385.981374727778,486.04206422768635,2749.474331870493,3314.312839489312,1861.354906785883,3237.881532651767,2862.6593360883876,1151.7210278447362,834.4111437945509,1402.4905534115844
1915,2,3,1,104171.01904922367,236332.3184983923,8383.170624799026,5704.70820515453,869.3958993668215,4385.981374727778,1046.8598306444783,3268.142079356125,626.2549245928416,4599.45780423036,4493.702226380275,4565.7301538224265,1896.0155278565876,1086.2057098275423,1570.950004448946
1915,2,4,1,59637.90840568037,168017.50768245026,7617.191951339409,5704.70820515453,2331.2122589732926,4385.981374727778,1313.943300257653,3468.4601459030814,5167.718679766269,3247.4997875561594,5856.315778481559,4211.256260565718,2005.942334239702,1035.6424259092191,2154.6133636800723
1915,2,5,1,45033.93285051046,181865.10446946512,7842.289619967135,39233.811116731216,2111.5711150751135,4385.981374727778,920.8148393137349,3245.2796913263314,4319.460709566596,2927.707534848472,5271.573126364759,3441.921551898371,1451.6170775999694,636.3439142649928,1819.5473611584116
1915,2,6,1,59073.98260063527,208637.1249243611,9996.43793747713,39233.811116731216,3472.3469973222227,4385.981374727778,2963.226864947037,4678.261512480434,6204.222602509551,4525.407290486969,5626.412794891975,4206.201848579203,3559.118087633055,678.4861399412283,5078.180041902681
1915,2,7,1,63422.121001526204,232639.62602185443,37945.72835451889,39233.811116731216,10339.97230078421,4385.981374727778,12472.203659967921,16010.92952182763,22999.554993982256,26779.289706034622,14953.43558516996,24762.62840812148,11905.440821867984,1085.1592332916086,8433.781132593294
1915,2,8,1,51173.0114635174,186480.97006513673,41379.175019978444,39233.811116731216,13056.342976795533,4385.981374727778,10943.136416489904,22329.839546733176,24534.466662948642,20755.58948244723,14884.026315759613,14077.867490549388,8677.371051958156,1247.4000308264967,10484.786529595103
1915,2,9,1,37850.13911376964,120935.67860659883,91332.26770172636,39233.811116731216,11142.115821254893,4385.981374727778,7097.364533144189,16324.83373842737,21284.839386651296,17613.173302979783,12832.190895482148,9242.923393029805,5406.192730525575,954.5097156531618,6695.298126883423
1915,2,10,1,31751.12627732029,95086.83127083658,47793.448263172446,39233.811116731216,23760.84186012351,4385.981374727778,13476.882325275164,19350.47120189623,35165.9227014963,26862.549227449766,12676.324465929707,10750.867305920345,5070.453188077862,778.5785427305957,6394.047541206347
1915,2,11,1,31865.31374050917,79121.47534852773,28599.931793146625,39233.811116731216,8976.143277109742,4385.981374727778,5788.789744838592,9661.173417834456,16197.703569506084,11808.84930324177,13661.449008959315,10218.55791724731,4930.603975343694,778.5785427305957,6314.064043830157
1915,2,12,1,29834.980513462902,84527.57713417769,22227.687558098634,9038.090555308161,5191.635698695449,4385.981374727778,3969.5352570967916,7469.922393691811,9374.363381663787,7369.729153130444,8686.022098743892,7275.161000218125,3523.2365579832017,618.4306982676163,4719.4895700789475
1915,2,13,1,28666.061482401372,99702.69686650821,19550.76303926568,9038.090555308161,3750.6454644012647,4385.981374727778,3156.589161504621,7527.8948776245015,8136.128210999295,5565.268252644583,7184.468237174341,6160.530146374659,3157.701399041706,566.8086263247048,4070.974726488914
1915,2,14,1,38057.47950745447,127397.89044053794,17046.80405395649,9038.090555308161,2947.761788433088,4385.981374727778,2705.825890104457,6418.887610654691,7591.23456851617,4664.930064252066,6025.08989673115,5506.64884834402,2811.1847187132244,1779.5025706243514,3545.8321114769856
1915,2,15,1,33749.40688312032,101549.04310477716,14810.375870499172,9038.090555308161,2433.538756509684,4385.981374727778,2424.8418091870017,4545.169753592706,6824.546189867539,4104.18980260094,5743.312617056307,4955.983963509428,2397.8497835244907,2140.8447627360765,3126.9224041769053
1915,2,16,1,28112.152121495055,88280.27586345978,16005.777852188025,9038.090555308161,2245.169182383022,4385.981374727778,2355.434618950076,4046.5519575139633,6445.642280728501,5039.597910619712,5783.37516027714,4799.696224456291,2452.749791787251,1195.7779588835851,2954.602745737314
1915,2,17,1,26043.756406719433,81295.54804408885,42324.827703261675,9038.090555308161,2185.2165870814356,4385.981374727778,2254.008089570778,4065.1503287286764,7142.93072463015,5495.00226260202,7328.035831269784,6600.929043400241,2943.8069095743845,1963.8055558343035,3693.6008508378773
1915,2,18,1,23967.34753663245,72325.07484546007,29651.465246951593,9038.090555308161,2228.2381253765393,4385.981374727778,2352.27103154978,4593.888413799053,7470.963275598041,5321.418775530699,8911.297797705916,7175.003836382148,3605.649965306085,1155.7409977678299,3966.440310034024
1915,2,19,1,30867.67590422973,126474.71732140421,28539.31303139766,14988.535678989412,2017.1087697001988,4385.981374727778,1907.834934950208,4225.368492461471,6683.992135609196,4776.825815002304,7050.276982981591,5390.26436181487,2550.7583515727656,1183.1340600318408,3441.297695022096
1915,2,20,1,28397.620779466837,99702.69686650821,24207.900441897273,14988.535678989412,5847.876066711407,4385.981374727778,12701.324080777547,10155.61792086014,16817.150064481717,14998.067425807712,10021.115484377247,11855.256324949596,4543.514540640876,1782.5804427888377,3894.9492689430067
1915,2,21,1,34311.32939933799,131090.5829170758,32265.346253565524,14988.535678989412,12165.380796618803,4385.981374727778,10721.685298468947,15446.62772204424,21355.006777232673,12508.986187868342,13103.739440717483,10843.841884302177,4284.356072074625,1223.171021147596,4134.127719590863
1915,2,22,1,31453.637886381475,98779.52374737446,23776.294858244768,14988.535678989412,6627.9999611299045,4385.981374727778,5428.715978913616,8072.328173524855,12532.553777109884,8338.31491892526,10160.055793845511,8942.58491236419,3823.0945707811675,3225.979373050376,3580.5739780978156
1915,2,23,1,31100.057408262343,87847.30767058468,18531.559591726913,14988.535678989412,4266.1637684453935,4385.981374727778,3845.6760170607367,6115.598074211641,8568.754028552148,5918.11201233826,7598.123128728154,6694.834697674139,2965.361185335815,5464.7004706174475,3190.8474387593774
1915,2,24,1,28748.196324344004,82917.56321440711,17763.721942907127,14988.535678989412,3220.786647592164,4385.981374727778,2979.3324008030772,4768.440931931479,10423.585143950271,4732.294586124185,6557.349399522545,5895.971582138957,2603.376142402081,3615.7611039620456,2765.4525830234825
1915,2,25,1,24437.11876676789,70294.09398336495,19381.03050636867,14988.535678989412,2614.0441784748687,4385.981374727778,2546.68785724088,4726.889448924757,11883.50541423264,4133.582936676157,6029.838952006662,5469.937856021663,2492.181437444866,2022.7775865060598,2493.385165307858
1915,2,26,1,22356.703319025233,57859.87524174391,17950.427729094143,4657.050989463262,2225.647581135154,4385.981374727778,2276.4408002274095,3237.3867240303307,7440.374678766441,3608.038745441341,5443.513281464563,4785.464064389565,2192.3234246469,1590.8905643841185,2203.5607935415574
1915,2,27,1,20894.302474680564,52027.26747505377,16407.47818004439,4657.050989463262,2022.2898581830327,4385.981374727778,2150.3766356397205,4374.2461859412,5961.377649169433,3350.9434353749693,5250.385033597261,4654.714406951748,2222.245830997954,1345.3994805439968,2187.5023307478396
1915,2,28,1,19409.865453229257,49828.26910527512,16768.766000068113,4657.050989463262,1758.9795399293876,4385.981374727778,1961.232455615822,3341.809774118986,5293.252526977885,2897.431345243075,5057.256785730342,4315.40374965383,1937.8561808051334,1156.7997857924183,2076.4827658569448
1915,3,1,1,6163.318407823434,11441.807638550323,3946.6855149335956,7149.120777054482,537.0105693042291,3330.2142345189936,791.8555129233649,4948.799770833186,4999.4265789186575,1949.1558566417768,2005.6843446524895,2955.7669253114045,1856.710672056458,1119.9268772617734,2446.753859887749
1915,3,2,1,6215.203588465655,14167.014686235016,5997.377812392353,7149.120777054482,1011.792565151847,3330.2142345189936,1082.4262223265616,4568.576484194638,4305.865777641367,1883.6835966200704,2294.5243219162435,3496.455997014904,1856.710672056458,1067.5414930220675,2308.0952099964466
1915,3,3,1,6603.641292188943,18151.42986841911,6326.416451165331,7149.120777054482,1019.6567173133237,3330.2142345189936,914.420558113708,4164.8557431919435,5718.861605472868,1787.9351469927653,2318.0260569975208,3160.6036216024963,1851.38549804487,1019.8098514950551,2274.279793152053
1915,3,4,1,8360.725923113698,19493.723583640287,5440.331804427574,7149.120777054482,857.2480972632483,3330.2142345189936,746.4148939008546,5190.850767910718,3870.060500202962,1695.9712210660841,2807.178750365822,2832.199853328111,1826.1543164183001,993.0323636639832,2175.458483652646
1915,3,5,1,37507.57672420383,59551.128395997715,5841.223882126826,7149.120777054482,1038.6232019380875,3330.2142345189936,955.738926887386,4824.59894062371,4657.470186382653,1850.884391213988,2635.847448506165,2893.3848405317863,1998.9688920815572,1104.796057701089,2275.515059520698
1915,3,6,1,67495.8088329995,79857.24432447749,10115.250710504999,14161.740715359581,3078.584272625222,3330.2142345189936,3930.3259465900187,5170.437921455544,4924.9833629737805,2081.4880353757885,3461.939525133116,4380.579062110017,1783.67971418265,1001.1825691555445,2164.4954946299936
1915,3,7,1,39016.05321159002,65644.99415540377,7647.905457292234,14161.740715359581,2032.0969185255956,3330.2142345189936,2170.41268917501,4077.035141553689,4108.519991631618,1501.9513060109903,3607.455449598098,3568.946905767175,1735.7531480779269,915.0390830156438,2185.031798010359
1915,3,8,1,27274.7773914452,46828.879641207546,6608.657405868481,14161.740715359581,1557.934802907131,3330.2142345189936,1412.9731725154845,3745.076896311373,4723.25211505257,1325.4663507692258,3257.121295049725,3332.852661665683,1620.1207981109833,908.0461574579494,2116.3201062490307
1915,3,9,1,21989.099819111634,39104.690153411204,6545.613893649454,14161.740715359581,1354.299521643489,3330.2142345189936,1335.8008132051627,4173.47450058432,4470.868782055466,1525.7938053254272,3480.935746234787,3327.9312605207288,1663.9900887783272,918.5355457945119,2230.891061949946
1915,3,10,1,32187.84324179577,67875.38041123343,6452.503475603382,14161.740715359581,1290.0910322309517,3330.2142345189936,904.7859964856026,4920.947575892126,4460.12440037257,1525.7938053254272,3371.220392307701,3327.9312605207288,1862.035846068154,925.5161598635932,2342.9914849133816
1915,3,11,1,50152.33580571761,92152.06392510819,6137.366739524565,14161.740715359581,1200.4396975900925,3330.2142345189936,959.9091102785827,4591.07597717634,3878.721787477923,1456.5370216028946,2891.078726898232,3312.9010354035004,1840.8619398789638,908.0461574579494,2539.5532458396538
1915,3,12,1,42322.48142198906,105241.73558131502,6572.690273897403,14161.740715359581,1132.9930278758075,3330.2142345189936,824.9102079421823,3997.833297307617,4452.5594785755575,1396.110793181953,4631.546600015435,3194.2553645647827,1834.142077435682,934.8236452890214,2859.1784187518238
1915,3,13,1,66321.88157986775,135706.44851274745,10672.135068438867,12231.07710114544,2000.6403098796889,3330.2142345189936,959.9091102785827,4058.7996653870678,4530.182154406319,1765.2280047886163,4589.048643832868,3138.1247893472446,2093.3005460019326,954.6205190510535,3073.8059503209815
1915,3,14,1,68771.90381635225,112627.12053438935,13437.15885434686,12231.07710114544,2169.673321632871,3330.2142345189936,943.3434162552201,4200.238010381102,5202.144555770189,1813.1653049971953,3673.4551408615594,3326.7341629451644,2097.3578214394206,998.8556977991977,3333.057479460891
1915,3,15,1,40663.75827251288,77141.2690079841,30762.000962191727,12231.07710114544,6465.720868291926,3330.2142345189936,3665.926732952872,5253.994506278719,4443.898191300597,1324.2048428688827,4581.13355170714,4157.120847974626,2299.3340643092492,986.0517495949018,3622.4186263390684
1915,3,16,1,31292.373135738173,53815.45380681703,16758.25874803161,12231.07710114544,4207.043848078558,3330.2142345189936,2879.6314645511443,4531.107570479143,4927.176093929677,1867.2839939170294,4773.652946333913,3918.6324087212474,2339.272869396483,1009.3327746471474,3823.921452740302
1915,3,17,1,25811.374902686817,45138.549660073026,12312.882886443049,12231.07710114544,3307.847437991575,3330.2142345189936,2744.651735471815,4360.8190691617965,6125.503561201174,2072.657480074198,4550.934430981574,3401.6192668489425,2474.8112269783,1009.3327746471474,4191.722014033435
1915,3,18,1,20960.411006000486,38322.762521504905,12506.862924039819,12231.07710114544,3616.3072415957995,3330.2142345189936,2792.872476755081,4722.806879633723,3980.1355941773354,2017.2772832540209,4843.0622157438775,3901.0749776105713,2485.4615750015846,1017.4829801387086,4395.38655657994
1915,3,19,1,19169.47079388447,32870.50207989697,13627.097641160195,12231.07710114544,4286.240486316492,3330.2142345189936,13098.21050008783,5412.488918533076,4822.473190796419,2448.208381971821,10609.511255937221,7940.747252322423,2522.611003225646,1012.8292374259738,4572.6472804946825
1915,3,20,1,20209.177695548944,34883.019479609466,12042.927334121116,7989.8136860040595,3765.633613226724,3330.2142345189936,8889.488862271279,5159.732517536831,4498.935738287951,2506.111594592279,11987.346139049434,9537.941440025405,2606.419098980116,982.5552868160338,4326.674864818611
1915,3,21,1,29653.68287454039,40261.42607168693,10015.027691080079,7989.8136860040595,2700.087255065202,3330.2142345189936,5767.507429600204,8040.5748568166155,4556.0563796829065,2674.9013516427403,5732.840341320893,6088.970313514451,3297.550611775874,1147.8739565153667,4930.874527430103
1915,3,22,1,26067.79587265432,37222.3401634963,9968.957432151055,7989.8136860040595,2439.460000490137,3330.2142345189936,4606.566719975243,8843.752322006732,5237.776433799685,2736.715238754079,7754.354870224838,7257.736579949011,3346.61828659732,1342.3216083795105,5480.722469816835
1915,3,23,1,21205.813887414664,32739.411496980105,15227.432951331735,7989.8136860040595,4037.3632002650133,3330.2142345189936,8293.200570457382,6479.1281886379575,4750.222705807439,3283.5789135026475,9510.409386297591,7277.6882062111945,2877.4958141438583,1215.3901603157149,5038.188293214682
1915,3,24,1,18841.933070527655,29805.567324370968,14785.320115643155,7989.8136860040595,4172.904175754009,3330.2142345189936,8075.584103830696,5785.1821329237155,17305.03270211718,19337.654602591105,8899.364274193538,9235.740807575285,2167.7261923074343,1048.9142106825154,4418.393392697786
1915,3,25,1,17848.301811904712,27783.818193467167,15484.456501147533,7989.8136860040595,4548.1630130122185,3330.2142345189936,7351.218455447059,5211.172890603868,23957.778421608673,13734.036509779458,6920.469472120112,7176.599966483152,2519.9484162197446,1008.1754947132805,4425.650582614122
1915,3,26,1,15647.68903449007,27627.801936332755,13128.40729450566,7989.8136860040595,3502.9709310333787,3330.2142345189936,5883.122169138344,5045.148406101602,10071.103642826962,6762.313099170678,6121.288708720559,6223.843307046341,2147.820184692452,961.6011331201348,4257.963173057283
1915,3,27,1,14288.457564780141,22178.311014082643,10454.715776299026,3900.8965377157015,2507.554306264784,3330.2142345189936,3715.4896022242147,4991.621386508037,9429.29129210318,5507.365040024126,5839.267887749429,5986.551965368905,2234.164077595446,926.6734397974601,4217.044974592657
1915,3,28,1,13680.459405521755,21176.668179822052,9353.070812782023,3900.8965377157015,2064.2011632318645,3330.2142345189936,2750.1161137085983,4609.311453342961,8934.17264231392,4964.285888976181,6734.647463138392,5761.763642815631,1893.9868901378977,875.4576469802757,4303.82243699687
1915,3,29,1,12483.494330869662,19186.306934967834,8544.820656129597,3900.8965377157015,1813.3809689993623,3330.2142345189936,2067.068834098514,4546.076991212936,6712.27836493727,4128.915357445354,6281.295340307986,5890.385126785441,2081.382299404441,838.2030823012128,4110.812066880809
1915,3,30,1,11015.083620041069,25364.181448214935,9343.371810902207,3900.8965377157015,1738.7177831838999,3330.2142345189936,1470.7805422846172,5150.115798762394,6811.499440681118,3291.021810114044,5676.947613848603,6819.465856391435,2301.9966513150434,830.0528768096101,4475.061237363921
1915,3,31,1,10338.973640635331,18416.380553610674,10555.747045880633,3900.8965377157015,1891.2823351165723,3330.2142345189936,1167.8430821346735,4996.974088467394,6479.30070089769,4128.915357445354,6113.495387242784,8173.117192854903,2187.758989779794,795.1251834869353,4591.948317506212
1915,4,1,1,20677.947281270663,39185.00621477515,10477.346780685408,8593.17926117532,2127.3919388352615,5625.481164291367,7600.950127500971,7381.920344529317,10988.87118432091,5500.679048153057,10345.512490882993,7629.5018826332725,2492.181437444866,1088.1632365241671,5123.112856065832
1915,4,2,1,20018.865256901357,38451.08358506395,8468.845141404006,17033.392601884785,1364.5691791720249,5625.481164291367,3898.402473732375,5701.444100576495,8387.086268875231,6168.016727373546,8952.334506111518,8310.6504032218,2029.9056172919559,834.817422920278,5303.770562494491
1915,4,3,1,51935.26286252144,47066.13513282519,20618.461496203538,17033.392601884785,4021.63489594206,5625.481164291367,14274.48981529,13816.321718490133,23267.068170573715,18510.105420041637,10121.33272775369,9086.103610609667,4349.652848645914,1024.2173644346144,5890.830904239534
1915,4,4,1,52473.14591280423,43142.649376504596,34693.32972414955,17033.392601884785,9100.026803512283,5625.481164291367,37713.796462962244,27141.82788443569,38064.71302488709,22123.064046294094,12265.957381874061,9531.556919621764,10853.338584997942,3923.1789757517804,6115.1861584625085
1915,4,5,1,42607.95007996002,36846.608704009035,25500.2924423843,17033.392601884785,6861.056423421235,5625.481164291367,22879.44754410411,16563.437232548025,24090.438644426453,16066.56461730062,12654.405749274109,10167.215732332785,9353.414571720901,4704.958505533492,6220.492616397921
1915,4,6,1,34835.1894278255,36075.75914953116,15413.330487362064,17033.392601884785,3333.752880405807,5625.481164291367,10204.966023086714,9502.40683429403,14162.849242647799,8768.236811322828,12815.143004749636,10754.192576964293,5232.490625860458,2287.351477766038,6410.260412295979
1915,4,7,1,29641.663141573357,33525.954994482774,12506.862924039819,17033.392601884785,2326.7713259880156,5625.481164291367,6192.866135513147,7838.805210077484,10878.247907607394,6866.261350149503,16838.445217567376,15787.056807003944,4227.300636235688,1732.3495690643142,6774.509582779091
1915,4,8,1,29219.970843306874,35843.119523509886,12191.64536294512,17033.392601884785,2204.923227203693,5625.481164291367,5168.343149240448,7910.114087027555,11248.709802567395,5938.169987951871,23292.28956621569,20620.670796106024,3782.6486062642075,1487.4740596570896,8325.232100440071
1915,4,9,1,25115.232035001874,36162.537422730034,10465.223028335531,12842.763739119715,1833.2726479960088,5625.481164291367,3797.3594094926166,7257.084447985681,9766.314039989247,5265.91242792067,15664.57617000212,13233.381656294761,3455.5307741209817,1307.7263252505936,7533.271949779498
1915,4,10,1,24623.424627759792,34695.615336425464,10876.622358071712,12842.763739119715,2309.7477495443377,5625.481164291367,4059.1702334385895,6990.991653972056,9807.64701850341,4870.4297011992885,12103.028254732706,11463.007352636529,3184.9612183869654,1182.2599443371134,6575.786105707547
1915,4,11,1,25814.37983592878,46449.45548924318,11522.414233236883,12842.763739119715,2389.869582154218,5625.481164291367,4599.28088232599,7467.019233307074,9756.556387236673,4796.253036665844,11676.952757073941,10700.456196898263,2890.174799885832,1062.8261928660597,5943.484133207335
1915,4,12,1,34705.97729842844,69995.90906588381,12290.251882057095,12842.763739119715,2159.311144667141,5625.481164291367,4211.789358931743,7232.407584715427,10334.998813341357,4645.502842588526,11699.23678567416,9910.37179691861,2603.376142402081,955.4577002798169,5860.721286501455
1915,4,13,1,30254.669522901953,53015.985885645954,11852.98854730778,12842.763739119715,1898.9614484036597,5625.481164291367,3552.0375865420974,7205.009008584484,9021.443334349296,4448.95991173315,11656.373517546972,10196.47811751712,2774.162080346648,950.6315967258759,5686.085503620488
1915,4,14,1,27467.09311892103,42004.37692061149,11148.194410707021,12842.763739119715,1753.150815386129,5625.481164291367,3222.161700347275,7856.58706743399,9552.413135263974,5414.139606197304,12958.832369493031,9159.2595735705,3454.0092958319105,1258.2341408455131,5991.659521588298
1915,4,15,1,31422.586909549762,43463.913621963286,12288.63538174372,12842.763739119715,1718.2709875640858,5625.481164291367,3067.6252491567984,7749.623752008692,9648.454751122274,5215.199810331499,11293.618756894028,8448.848667797638,3513.6005288192628,1828.8716401428442,5636.520440574585
1915,4,16,1,48234.186753031965,44030.741917111656,15400.398484855497,10473.916498570969,2486.1823162730243,5625.481164291367,5599.1662333903005,10190.092950428878,12056.731159730189,6783.506431894577,10516.600251446362,9180.408297408627,3157.574609184328,1392.1831374443125,5862.2653694623095
1915,4,17,1,37376.36130597852,36315.78416050662,14398.168290606302,10473.916498570969,2526.705829763937,5625.481164291367,5962.020121576157,9680.225407859283,13905.203355356874,6557.3180653836735,11192.670889629106,10702.185337840829,3391.12152655166,1398.2157668867387,6051.8787570644545
1915,4,18,1,31717.07036724662,33346.8594093708,11518.372982453875,10473.916498570969,1832.4399730612577,5625.481164291367,3587.124646799913,7778.383184570172,10810.163611433953,5293.034847775513,20003.264361366768,17722.36455442928,2836.923059769413,1155.7163747905208,7170.56686225743
1915,4,19,1,30470.023071897318,32440.303406379684,10181.527223350773,10473.916498570969,1561.4505415205251,5625.481164291367,2799.5831166950875,7224.151722371335,9090.733632548649,4845.704146354673,23583.321415145274,16267.225945712331,2796.7306749673157,1077.3045035278412,8128.05270632938
1915,4,20,1,28981.579472790334,30628.114573519593,9888.132416485769,10473.916498570969,1396.118307255126,5625.481164291367,2350.161973282875,6934.742921517802,9282.70722771695,4969.205769787093,16607.080986200825,12812.26933132242,3030.277592334756,1023.0108385461292,7452.053186034663
1915,4,21,1,28668.064771228805,29546.155677893614,9844.486908026804,10473.916498570969,1332.1873761541724,5625.481164291367,1989.4171433639233,7089.789830815093,8710.294811740481,5468.510596697247,14930.299162033303,12713.176254220447,3270.2907924305064,1053.1739857581777,7263.829473097458
1915,4,22,1,29542.500344594293,29052.258059156433,10301.956496692012,10473.916498570969,1306.5594920514616,5625.481164291367,1647.1745064224785,7069.195536835875,9784.513706921194,5374.6544089201525,16077.378667019113,13359.608945113063,3394.418062844558,1053.1739857581777,7506.250497963318
1915,4,23,1,28972.564673065262,26555.997945017352,9816.198152543613,13884.667028404696,1256.6915154039586,5625.481164291367,1641.0390641915942,6571.212807091485,8902.378043456745,5039.724061409766,16759.294296310476,13942.196431966997,2885.3567853038626,1060.413141089089,8004.52606945498
1915,4,24,1,29087.753780667852,26187.651870482838,9491.281589569524,13884.667028404696,1199.2369449066257,5625.481164291367,1504.9089396938955,6413.4441849333125,8201.142683834814,4610.811375332434,17615.34195236709,14202.897681792125,2878.8905025754443,932.5337083986387,7839.000376043413
1915,4,25,1,28145.206387155013,25342.948466475933,9686.878127479242,13884.667028404696,1157.0480815462101,5625.481164291367,1383.2546242095996,6483.392205453038,8901.172041431168,4856.80541587684,15328.489181279903,13039.850881552265,2722.5586083767857,896.3502432328601,8499.867883321038
1915,4,26,1,28535.847708589783,25243.24576960865,9803.266150037476,13884.667028404696,1123.741084156412,5625.481164291367,1315.285428245604,6800.290306199538,12494.180985385681,5367.211512308959,13855.06433941881,13354.288511443425,2907.798590067153,938.5663378410649,7823.86836302632
1915,4,27,1,28358.556647322952,26064.869845638,10725.479578777647,13884.667028404696,1157.0480815462101,5625.481164291367,1259.587116743377,8404.014247481102,11566.655791138826,6058.01323847352,14250.818945703675,14506.162400976249,2938.4817355627965,896.3502432328601,9339.84901406628
1915,4,28,1,31267.332025389573,26307.664375971293,11462.603721644606,13884.667028404696,1236.2447197841443,5625.481164291367,1158.639918788347,9461.581141383684,12539.13196997691,7408.709747247378,14921.775216667047,14265.412777413305,3561.907464496227,920.4684495138275,9624.4235037656
1915,4,29,1,33415.8592932804,27595.490877162454,12806.723732157892,13884.667028404696,1352.6341717739865,5625.481164291367,1051.3655460327254,9467.024567105063,13690.315721701614,9145.049221120995,14377.460419714938,13971.45881715133,4414.188886072613,1065.2392446430301,9068.862454423386
1915,4,30,1,34685.94441014923,27375.775674809596,12805.107231844517,14007.712531557203,1397.3210599386555,5625.481164291367,938.0036641887086,9907.942050537182,13851.48144694306,9847.078367597576,14275.173075321389,14080.527707384397,5474.152094102657,1150.8902712365798,8606.718424217304
1915,5,1,1,43183.89561797298,23414.439820603053,22296.388821414042,19906.81492730433,1245.3116246291506,7266.986071764387,6256.617214943457,11724.231766238614,8829.250466085405,13524.626198341559,25620.54435765272,21086.208742222243,6870.995953297352,1481.6876599878387,70113.71908985724
1915,5,2,1,39985.6450042789,22914.079990032395,21476.823162568424,19906.81492730433,1255.8588404692075,7266.986071764387,7189.3003003226,10443.212246473022,9718.40286860806,13310.169855302893,26542.348163676506,23929.980538782453,7075.0008338858715,1414.836276575006,69309.25186721334
1915,5,3,1,36619.11812904387,22790.374792068284,20353.35544482173,19906.81492730433,1291.2012654772866,7266.986071764387,10446.549060927691,10063.079683596497,9766.204403441287,12334.771946846751,25195.564795826675,27179.43540267271,6670.9215582888355,1422.715629316124,7873.742242664433
1915,5,4,1,34787.11049595654,21043.73125066663,18825.7626487486,19906.81492730433,1362.6262709909386,7266.986071764387,8610.038641911606,9262.896102553332,8854.795781718774,11584.931650951443,23017.08790153757,31056.701439610522,6210.294006282374,1454.971729599998,7944.461242274928
1915,5,5,1,33359.76720610008,20149.176498226083,17466.28588525912,19906.81492730433,1480.8661117246722,7266.986071764387,12283.34707879846,8576.661566610852,12721.128639297045,10978.52480331191,21485.213148594117,32654.161648997386,5529.559261795144,1834.9042695852704,7459.773600839312
1915,5,6,1,32245.938617804335,20334.734295171533,16702.48948722277,19906.81492730433,1517.1337311046345,7266.986071764387,10532.828717299486,8525.493364829887,11681.77416631143,11413.871179680606,21275.767633883166,30866.49593591198,5537.547022812635,1551.8631453383332,7476.14088022524
1915,5,7,1,31370.50140002513,21241.290298161213,16821.30226025063,17657.47231211901,1525.9230776380568,7266.986071764387,8753.454604058434,8447.01731068,9810.607205293705,12096.85155686381,22486.167875875184,24943.523152898255,5812.300643841409,1431.5799011498611,7692.158086459146
1915,5,8,1,30886.707148094407,24765.042093897704,16587.717964977906,17657.47231211901,1404.167498290992,7266.986071764387,7691.639632976159,9535.067388622305,9827.710506748037,13234.479381289197,24287.155761092235,21036.99473077573,6390.208813961153,1391.4444481248274,8193.058598984393
1915,5,9,1,31032.94723252871,24758.579882062782,17211.68708591381,17657.47231211901,1250.585232549179,7266.986071764387,6600.968910151808,11615.363251810833,18448.541895497245,13297.554776300676,26142.94043794885,20410.513666145293,6703.2529719308195,1432.687935129068,8917.387915956178
1915,5,10,1,30256.672811729382,24489.01333127628,16221.58064401449,17657.47231211901,1136.6938053635906,7266.986071764387,6529.260929078269,11801.346963958156,14643.057321938622,13937.13928171605,24993.425520000925,22098.421247920167,7018.452557476662,1328.0402815362443,9140.662312106611
1915,5,11,1,30211.598813102388,26059.33080692379,15731.781049083082,17657.47231211901,1079.3317543033895,7266.986071764387,6256.617214943457,12193.273615897671,10817.618896683336,14466.97259981171,27234.0054448148,25463.59554413063,7147.778212044924,1263.4049660818666,9924.747639666242
1915,5,12,1,30956.82225707,26549.535733183868,16845.549764949967,17657.47231211901,1098.7608361140633,7266.986071764387,11364.948069863138,13134.986265696893,10930.325267804787,14651.15275324498,26191.648697183893,28208.939317797805,7382.0858685568455,1598.7699171252366,9625.195545245933
1915,5,13,1,28916.47258588495,25423.264527839885,16457.589689756853,17657.47231211901,1147.333540640842,7266.986071764387,12169.26619981798,13310.990364021689,10413.169671910593,15274.337655957514,26140.505024987116,25571.334325946194,7652.782214148239,1582.0262925503814,10071.744337546612
1915,5,14,1,28430.675045125976,26929.883058267515,16503.6599486863,17993.85570203274,1280.5615301999724,7266.986071764387,9686.329422007284,13376.31147267824,10554.820091646889,15831.924147858084,28599.05440987782,22631.79472332758,8264.923645771389,1336.9045533699814,10712.38435803608
1915,5,15,1,27015.351488236553,27757.96934613035,16051.03986096079,17993.85570203274,1262.0576427612443,7266.986071764387,8193.883099344863,13749.186134593117,11655.46139484333,16113.240409608856,30380.558991401005,20579.43743516453,8513.431766314248,1240.013137631688,11433.007875901552
1915,5,16,1,30545.14640294313,30615.19014985119,16923.950030145188,17993.85570203274,1087.2884259020607,7266.986071764387,7131.972261977736,14235.465499036542,24355.75909006202,16894.11379984989,28666.028266326048,18072.183068225295,8127.610230185637,1238.9051036524813,10810.433626054966
1915,5,17,1,31168.16922841051,28922.09064935884,17379.80311849745,17993.85570203274,1492.3385219367376,7266.986071764387,7002.840376274604,14662.774418165212,21493.148827439865,17031.618160974722,28030.38548330838,16555.85947230429,8458.91212762373,1091.807437166932,11071.846871340147
1915,5,18,1,31460.649397279114,27434.858754433106,16978.91104079777,17993.85570203274,1291.2012654772866,7266.986071764387,6715.816719411118,16017.280185169238,21982.12783055328,16822.20784953702,30633.84193942353,16414.867980051884,7796.308332747546,1114.0912316378624,10846.71957563684
1915,5,19,1,30062.353795426123,28743.918237366153,18467.707829351624,17993.85570203274,1099.686030486009,7266.986071764387,5510.3940536121845,15949.237363651995,21982.12783055328,17171.645537900033,31187.898388222573,17254.166391478433,8186.187144313644,1104.057368381604,11286.011178020992
1915,5,20,1,30247.65801200431,25104.769801739018,17105.806315392078,17993.85570203274,1081.0896236100864,7266.986071764387,5338.21820600801,14804.303486921079,21982.12783055328,16103.148346407123,33669.584196249925,20212.327511941345,7725.559592307183,1111.8628521907945,10991.863373964146
1915,5,21,1,26689.817053707167,24561.0208345682,16055.081111743799,11094.45533101652,1162.3216894662387,7266.986071764387,4821.59479691063,14905.006862766599,21982.12783055328,18412.969311724137,27740.571340859475,23843.523491646578,7533.599748173534,1097.372230040358,10002.723829193073
1915,5,22,1,29433.32110347481,23209.495388155712,15721.273797046579,11094.45533101652,1162.3216894662387,7266.986071764387,4635.039006577907,15839.461611604174,28559.224332073984,14890.839254288278,33462.57409450071,27704.8282275751,7125.589986996389,1027.1844332012092,9712.281824242356
1915,5,23,1,25813.37819151425,22119.227934457693,13203.574559074135,11094.45533101652,1123.4635258448282,7266.986071764387,4304.971387813376,11993.68133944709,29742.202682655865,9982.564316082142,22257.239057470364,31959.84505507576,5474.912833247139,1013.8141565186344,7889.955113754065
1915,5,24,1,24105.5744657554,22849.457871693234,11866.728799971032,11094.45533101652,1098.7608361140633,7266.986071764387,4276.307368640882,10187.371237568188,28769.726503818118,10461.811167378683,19601.421222677378,34217.0390395299,5462.8677967922695,1046.131814245823,8349.165386334353
1915,5,25,1,22830.48112681635,24918.288831672857,12056.667586784368,11094.45533101652,1105.7923133407887,7266.986071764387,4807.214854182082,10214.588366175085,28527.42973321681,11335.531539076374,21015.17844697582,32393.460399172636,6000.203212537678,1133.0263011938634,7635.953466681323
1915,5,26,1,20849.22847605357,25613.438190381712,11759.231529136356,11094.45533101652,999.0248828191203,7266.986071764387,4175.839502110245,9949.67498106776,27586.748153235905,11524.631573320556,25605.93187988194,30455.492434912292,6365.865161336551,1145.2762324085352,7581.44733816065
1915,5,27,1,20198.15960699562,26781.2521860873,11101.31590162131,11094.45533101652,940.8301568241678,7266.986071764387,4147.1754829377505,9877.095971449366,27755.58843682232,9762.557338282491,25675.341149291908,29005.674259864976,6018.460952006103,1028.3047786690704,7855.522063725442
1915,5,28,1,19348.765143978733,36948.15774711343,10046.54944718959,7109.285901932932,972.5643237816583,7266.986071764387,8279.971023146953,8552.801217198807,26825.8705116199,7332.136217703706,21566.799482813127,29959.36199519423,4628.463745112174,1014.9345019864957,7037.003686137003
1915,5,29,1,17649.976217945772,44696.349736008044,9243.957041633974,7109.285901932932,922.2522538356967,7266.986071764387,9528.437650846929,7556.382138899721,25809.539713668542,6745.282742517768,19455.29644497225,31060.691764863033,4339.509660052248,1014.9345019864957,6443.458195955955
1915,5,30,1,17170.18854367073,37794.70749735888,9375.70181716798,7109.285901932932,852.5388579100817,7266.986071764387,6285.281234115827,7140.141518737854,23592.688717490117,7822.736640102121,18426.334468631067,31970.485922415413,4580.030019577725,1122.9924379376048,6222.036699358775
1915,5,31,1,17320.43520576071,32692.329667904287,8959.4529864921,7109.285901932932,815.4663194265141,7266.986071764387,5567.817958241903,7539.326071639399,20492.16714617812,9338.690683805926,20050.754914121135,33086.446884676756,5175.94234945114,1150.853336770616,6374.437687602418
1915,6,1,1,22190.430346312536,25705.7555022948,8195.656588455751,14478.649277436014,945.6411675582862,8327.934184853108,8660.368441461778,6287.156708197308,16312.821944678355,11281.665151736648,20591.416591630452,34218.3691479474,7078.9313194658735,3339.8606431366998,14174.527173030752
1915,6,2,1,22377.737851718157,25627.285787169392,7881.085627486404,14478.649277436014,933.4286018486641,8327.934184853108,8871.561867003018,8155.975482110051,13499.548128558556,11761.542756983261,24984.90157463467,36713.65253912948,7564.156103811692,3494.9854002272646,14865.195481454057
1915,6,3,1,22424.81513917258,26741.55574196424,8187.574086888882,14478.649277436014,918.0148636121975,8327.934184853108,8871.561867003018,8935.383321649952,15815.07201774202,10738.45984989865,26158.770622200307,40406.033506038766,9170.45680746398,3589.2914033473808,15964.273733043294
1915,6,4,1,21249.88624162713,23636.924542315177,8788.103953281714,14478.649277436014,921.2622958577022,8327.934184853108,8871.561867003018,8201.70025816964,13775.832228972606,9336.41996958555,25657.0755520791,42419.817650094956,7056.743094417446,3327.6722693653014,15048.941353804616
1915,6,5,1,21781.759425426804,23142.103750458726,11977.459071432457,14478.649277436014,934.2612767834154,8327.934184853108,6477.684867824999,7968.5401897703605,19890.262498847664,11268.67162036427,23414.06021430349,43086.201967249755,6591.424317686501,3175.6253844392645,14719.897274830646
1915,6,6,1,21691.61142817282,22350.02121424185,12257.113625634209,14478.649277436014,939.1648069547281,8327.934184853108,10667.041516100111,8570.76452207936,17160.312459043296,14666.290848047678,25699.695278909618,41780.03550128986,7612.843409061005,3394.6467676647217,15013.427445703262
1915,6,7,1,21907.96662158272,21621.637623244857,11018.066135485964,13082.658209295167,926.119566310355,8327.934184853108,12638.052332771505,13155.852730962373,16854.42649072797,15226.400355748936,35867.5443942329,41301.19647099897,8359.50887940652,3826.5337897866216,16076.991789191145
1915,6,8,1,18137.777047532174,20594.145941648887,12241.756872657581,13082.658209295167,873.2539598977853,8327.934184853108,13518.104827763866,12235.913784048476,18596.55123500464,15226.400355748936,31309.66903630999,39593.337262961926,7601.81269146548,3498.0632723917506,15811.409519911336
1915,6,9,1,4009.582588980801,21127.740004507683,12965.9490130184,13082.658209295167,784.5370715726291,8327.934184853108,11793.470363176377,10959.430452384226,21689.398247972,13499.396040337127,28955.842408774955,37163.22918423565,7745.845969494407,3339.8606431366998,15680.162468232478
1915,6,10,1,24000.40180229241,22232.778228111223,13264.1933208231,13082.658209295167,705.5994877588273,8327.934184853108,14750.945251032072,10277.187761970948,27297.307667088135,14044.367453235485,29820.41401019744,36278.707086615475,7883.159385080158,3534.6283937059466,15953.465152316747
1915,6,11,1,18736.76040706467,22309.401596999516,13696.607154632291,13082.658209295167,608.7501409043051,8327.934184853108,17532.026174749775,11609.012588469224,28985.710502950995,13588.963101253179,31094.134989194896,33488.139626753924,9150.424009991728,4523.117818055129,16175.813098690553
1915,6,12,1,24546.298007887373,23651.695312220694,13205.999309544197,13082.658209295167,540.3875287617685,8327.934184853108,18235.684705604148,11562.743469837498,32455.70724029268,13436.320645325648,30402.477708056602,26481.128483498567,8769.42048844498,4130.750674525323,15031.184399753938
1915,6,13,1,25020.075815678487,23371.97385712361,14300.370021651443,13082.658209295167,476.0957718557936,8327.934184853108,17742.93200143633,11136.34178832925,32030.31743489361,13771.881746786306,30402.477708056602,24245.216233724113,7783.502557148086,3771.8707801452288,14977.759129305807
1915,6,14,1,23888.217627931783,22100.764472075076,15269.461959477752,13879.355711721686,457.3790897114678,8327.934184853108,20066.730746383448,12026.341893775369,32466.670895071158,16957.189194861367,27679.686016815765,26751.140492245846,8341.75829936782,3625.856524661577,14334.648576079046
1915,6,15,1,23206.097782042118,27570.565202946353,15750.37080268603,13879.355711721686,454.12240552226876,8327.934184853108,19995.789695588865,13181.255384328811,33556.458180037414,19645.462530246652,37181.44968709914,32128.768824094994,10486.53552748224,3869.131540543244,17062.116718263693
1915,6,16,1,20880.279452885283,22192.158610870327,14382.811537630103,13879.355711721686,439.4765786144419,8327.934184853108,20454.03053720799,12713.120772289793,31705.793253454827,19673.215704051563,41199.88107399342,37207.122762012536,11813.644965096024,4225.056677645441,20131.75364459043
1915,6,17,1,20676.945636856948,19538.03589335828,13221.356062520395,13879.355711721686,400.40562028749645,8327.934184853108,20031.260220986216,8861.62490312526,30042.60682358212,17210.75228280702,40845.5284880584,41464.7998063482,11115.793589857092,4045.5551730120783,21039.67442561648
1915,6,18,1,19525.05456083185,20890.484512890045,13351.484337741453,13879.355711721686,358.0872297150463,8327.934184853108,2922.0043624582127,11115.475323063962,29678.613484941514,17136.32331669367,34872.67819935636,47024.652991391624,10659.350103145496,3829.6116619511486,19998.96250995052
1915,6,19,1,19933.725481716763,18573.319983862923,13479.187862492452,13879.355711721686,330.4146660503604,8327.934184853108,1830.662575639761,10529.399820395056,29537.182338301147,17403.762991541884,36699.2379206718,54187.28681949155,10725.787988433507,3847.832665164932,20096.239736488886
1915,6,20,1,16313.782569756198,17909.55851120509,14024.756718233126,13879.355711721686,308.4412997168355,8327.934184853108,1830.662575639761,10112.977752709143,27096.67278464454,17403.762991541884,35626.43851101904,53679.18540401633,10940.696796760281,3765.715035816215,20437.48207085434
1915,6,21,1,18213.90202299088,16202.611413926501,14776.429363920024,8952.224268935493,285.6537623359483,8327.934184853108,563.2719433089707,10089.389574583165,27353.22230645752,18252.757808395156,38978.78445287379,53169.75388012361,10681.538328194032,3674.4869048605847,19498.679630609506
1915,6,22,1,17870.33798901135,16812.82884567359,14993.04040590275,8952.224268935493,265.30873809702297,8327.934184853108,1232.169359274105,10837.860611273416,27508.906204309886,16337.788815849455,40153.8712069201,49001.19409975845,10045.560403375897,3476.764397013439,19764.261899889312
1915,6,23,1,16002.271157022915,16000.436500835543,13995.659712593675,8952.224268935493,248.22039804735945,8327.934184853108,35.20497578824006,11237.952401794999,23453.45030180531,14825.240843476517,41279.0319952507,41782.695718124865,9345.426810703411,3239.5220105741573,18390.028064662554
1915,6,24,1,16313.782569756198,15880.423995348532,12326.623139106301,8952.224268935493,236.83125532879433,8327.934184853108,211.23177205513167,9527.809487660466,21774.914755242993,14596.907913535293,39646.08760439437,36627.1954919936,9126.080357367126,3087.4751256481204,17584.01675905762
1915,6,25,1,15354.207221206929,14969.252126762476,11489.275976814424,8952.224268935493,222.1761764772731,8327.934184853108,211.23177205513167,9824.47618947584,19069.084755950826,14786.134098569326,38811.95866499374,32475.927121056,9653.399374376246,3044.8773748914978,18579.950268856715
1915,6,26,1,14898.459012866773,13974.994677454642,10832.97684961275,8952.224268935493,213.2295469006073,8327.934184853108,387.25185768205114,9973.263159193737,15992.683225151028,14705.397592954867,38775.42747056736,34682.57698564612,9728.712549683712,3038.7216305625257,19174.42220881439
1915,6,27,1,14942.531367080053,16104.755063297762,11471.494473368162,8952.224268935493,197.76029700178623,8327.934184853108,387.25185768205114,9602.202972519512,14475.313403830152,14352.175380891027,37651.48438871783,33860.56998364674,9739.870057136617,3047.832132169438,17852.687194259328
1915,6,28,1,13690.47584966136,12451.759030882948,14925.955642900717,6865.319422300956,189.6278384724829,8327.934184853108,387.25185768205114,8792.221225177671,24866.66540273207,14859.301556782539,36443.51955968754,27525.26359121583,10007.903815722217,2996.1238798059026,17948.420337836837
1915,6,29,1,12450.440065209701,12182.192480096448,14369.07128496685,6865.319422300956,176.60110171556119,8327.934184853108,387.25185768205114,8279.99486479548,23716.578016485313,15170.894008138906,34742.383605902316,24939.53282764574,10291.532726770447,2929.27249639307,18206.282192311995
1915,6,30,1,12994.332981976417,12748.097602125541,12108.395596810202,6865.319422300956,160.3269327131974,8327.934184853108,70.40899291363145,9613.08982396227,21591.821720444572,14401.37418899995,42096.1130439192,25589.955843790493,10315.87637939505,2886.6747456364888,17835.702281688984
1915,7,1,1,10377.036128364685,21183.130391655537,6451.2102753526815,4604.468954303061,159.83657969607867,3227.9379921105715,1905.2465452590338,4638.161609666272,9764.559855224863,3865.8909602478366,15494.097262679277,23182.459608161793,4701.494702985983,1830.5952485549894,8957.688481236388
1915,7,2,1,9942.122123834219,19457.719831994327,6330.619351980103,4604.468954303061,148.47519280865941,3104.458138471045,0.0,4543.4460021142695,7436.427763046159,3865.8909602478366,16303.872072462578,23945.94183979212,4782.640211734766,1824.5626191125632,9150.081218168221
1915,7,3,1,10736.626472966927,15419.760608900931,5916.39114669573,4604.468954303061,137.99274057458865,3209.3248673194976,2253.5287581465095,4613.212575109949,7350.58234613195,3865.8909602478366,18654.045580555205,23445.821074821928,4557.207845242194,1762.7589460494962,8987.180465790238
1915,7,4,1,9630.710875541738,18133.889579155762,5536.190273006384,4604.468954303061,129.25890570352053,2946.7262974584655,2376.429335333903,4588.263540553627,7149.728190592765,3865.8909602478366,15182.364403574775,20430.46529240748,4266.478702178441,1647.0309526644808,8774.560242070247
1915,7,5,1,9867.499614995679,16347.549593629616,5412.608824054278,3430.0483137814645,121.40400548573825,2945.1911943828313,4035.87472621815,4435.394001544695,6686.184866565092,3865.8909602478366,14929.081455552247,19599.147531485953,4117.2470399953045,1577.3479268603376,8063.510038562492
1915,7,6,1,9680.392438473293,18205.897082447686,5384.724193649643,3430.0483137814645,111.79123596132162,2761.842320796966,1946.1814488931723,4767.805865597318,7593.317662924105,3865.8909602478366,15069.117700853232,18856.947034534933,3885.7287603465543,1483.5343832865306,7909.873783950203
1915,7,7,1,10707.578784963462,17084.24174270008,5107.332739886616,3430.0483137814645,109.17293588872752,3036.8176592047403,4363.641554146192,4480.302263746267,8906.544232272616,3865.8909602478366,15004.579257366735,19768.071300505188,3775.421584391307,1433.6728542217284,7375.929896060893
1915,7,8,1,9341.43596879751,15486.22907347864,4914.160952446532,3430.0483137814645,107.4243185257249,2628.1924092820386,1618.4146209652552,4326.525487117106,10454.06410423391,3865.8909602478366,14663.621442721054,24294.430245170628,3892.7022025046995,1409.7885662252404,7458.229517878458
1915,7,9,1,8537.916819938915,14634.140284517538,4619.715420378049,3430.0483137814645,103.93633574353933,2638.266523215267,1597.9951022905504,4123.032088899346,11203.75881797617,3865.8909602478366,15317.529822951912,24093.58387413205,4010.9971394774366,1379.8716487863257,8074.473027585144
1915,7,10,1,8171.515293321449,14646.141535065231,4536.22317919591,3430.0483137814645,97.82080094500265,2397.4472282384986,1741.3151981525234,3484.0646329710353,12767.17598936622,3865.8909602478366,16210.108673434903,21986.69214085247,3682.231039187654,1314.1282993527416,7906.785618028304
1915,7,11,1,8212.081892085498,14616.599995252755,4705.470761998912,3430.0483137814645,90.83373304817322,2311.1936241811204,1761.8305831120822,2417.9697054382923,11876.927221365615,3865.8909602478366,14113.218113364805,17818.13236048731,3286.3931043228636,1228.341846383908,7222.293641448605
1915,7,12,1,7553.801183247491,13990.688620480874,4490.637870360898,1998.82551164385,82.97328166416177,1932.119108462773,1966.6968338527306,1980.0461061529306,9218.3505741682,3865.8909602478366,11434.14208478721,16458.761557828762,3237.198639643932,1192.4415454572688,6543.9779967125105
1915,7,13,1,7183.393078974347,12940.117610905912,4075.6822399352923,1998.82551164385,78.6063642286277,1535.8706270866876,1659.445390884247,2264.2836525711537,9536.40619928759,3865.8909602478366,12091.947125756766,16151.506513392125,3107.9997749331555,1136.6089443933138,6781.45795610341
1915,7,14,1,8166.206577927205,13570.644851274168,3882.4296274797534,1998.82551164385,75.11283028015033,1357.9905582074005,1249.712889403075,2358.0920225029263,9270.647207460848,3865.8909602478366,12800.530526979237,15062.147719480477,2992.747794538453,1104.7098772805066,6350.041176819823
1915,7,15,1,7463.452857111086,14274.10276805506,3365.472827284944,1998.82551164385,72.49175462444165,1488.4743196291386,1843.7962566653373,2180.2734489378636,8381.275531842604,3865.8909602478366,11035.3432122997,14722.9700730245,2962.571808472536,1044.888353891374,6339.07818779717
1915,7,16,1,6851.047462431372,11620.903223662286,3652.159157849658,1998.82551164385,69.87160416314627,832.0354613417362,1843.7962566653373,2254.3040387486244,7611.188420212835,3865.8909602478366,11227.375524334278,14722.9700730245,2962.571808472536,1044.888353891374,6339.07818779717
1915,7,17,1,6016.076678975416,12950.272515216497,3438.8619415091357,1998.82551164385,66.37807021466891,832.0354613417362,1700.3802945183852,2349.836160158834,7611.188420212835,3865.8909602478366,11485.16398633565,15461.18024472263,2915.5327713697798,1001.0102083143382,6128.002047038224
1915,7,18,1,7328.731683436551,12602.236249301712,3030.0490122743513,1998.82551164385,62.88453626625418,897.2965308410397,1700.3802945183852,1821.3702463747193,7611.188420212835,3865.8909602478366,11274.866077088263,15461.18024472263,2915.5327713697798,1001.0102083143382,6128.002047038224
1915,7,19,1,7467.359270325148,13106.28877234947,3229.444325920284,985.514810501567,59.39100231784554,907.3994279569828,1741.3151981525234,1922.7086885544004,9193.243804726011,3865.8909602478366,11261.471305798541,15575.56956862571,2712.0350502108795,947.1720684129717,6348.497093858969
1915,7,20,1,6187.458038199123,12282.818350081567,3052.5183666289695,985.514810501567,55.89746836940595,846.0240881175996,901.4115032585288,2090.5476482971253,6792.861227557993,3865.8909602478366,11121.678601793843,13613.659652850673,2510.5659667706686,855.451477911032,5608.109314093465
1915,7,21,1,6498.969450933222,12262.5085414604,3032.39293772853,985.514810501567,49.78378395963658,824.273596415925,1065.266157337131,1764.0328287759971,6912.145791546467,3865.8909602478366,11756.347219627125,14897.214275713754,2351.317905851353,801.6133380097071,5778.7304812760985
1915,7,22,1,4983.4814526493865,13651.884085757398,2787.412315247158,985.514810501567,46.29025001119699,880.2089147313195,1024.331253702868,1605.356968997786,7206.191012701285,3865.8909602478366,12499.757026202724,13904.953396277639,2174.826424322957,807.5967214974735,5600.2344909927115
1915,7,23,1,5725.499634492624,12524.689707295582,2634.4105605929244,985.514810501567,45.41686652408705,766.7839862367124,1147.2318308902613,1443.324330024532,6898.5508596212385,3865.8909602478366,12499.757026202724,13919.584588869804,1966.3838987246015,759.7296535952602,5915.381823318424
1915,7,24,1,6582.706923937636,14793.849234127609,3034.736863182709,985.514810501567,41.92333257564745,749.6867757327125,1147.2318308902613,1366.0276847809437,5804.049203100308,3865.8909602478366,10353.184041712431,12859.089147617431,1791.033525912928,759.7296535952602,5567.654340517152
1915,7,25,1,3296.6120951418447,14793.849234127609,3034.736863182709,985.514810501567,41.0499490885375,762.898256576667,1229.1975044435164,1548.8360652574625,4299.397221322304,3865.8909602478366,10353.184041712431,12859.089147617431,1793.062163631726,761.724114757849,5584.793661383411
1915,7,26,1,5158.869389529587,12324.361140443176,2525.458439476212,1884.2781151839122,40.17656560142762,738.8163270790151,1167.74721584982,1676.7565697098798,5402.340892022271,3865.8909602478366,9126.344762228813,11617.698961588661,1642.6893927317592,687.953674719208,4977.814649442421
1915,7,27,1,5030.658904546245,10400.468360166671,2513.0922120791142,1884.2781151839122,39.30318211431774,723.2734084390834,1618.4146209652552,1562.0817345128191,4141.410955966409,3865.8909602478366,8225.363737027905,9722.959520896253,1450.2223891683836,648.0644514673913,4977.814649442421
1915,7,28,1,4713.938940859518,11686.448515120721,2666.0939667333473,1884.2781151839122,37.55641514009791,640.9247228300597,860.4382531104991,3085.152251355752,4141.410955966409,3865.8909602478366,6992.557695788097,9283.624710604296,1398.1117577687949,644.0755291421723,4276.337760292377
1915,7,29,1,4179.962303790791,10586.949330231393,2257.281037498563,1884.2781151839122,35.80964816587808,742.7020567389354,962.8809651091711,1252.16936344209,4060.8280933456867,3865.8909602478366,7018.007761238533,8943.382977414693,1342.958169791171,604.1986173790102,3773.4299399177726
1915,7,30,1,3640.7771157702546,11614.441011828801,2629.803534700022,1884.2781151839122,34.9362646787682,647.9190362179914,778.4917528141897,1029.5332514374782,4131.982212857051,3865.8909602478366,6386.99226284804,8890.577673240725,1275.8863352160552,578.2706222652732,3681.711412038598
1915,7,31,1,5034.565317760307,8544.890390706425,2262.6963135481524,1884.2781151839122,33.18949770454837,672.7781116476774,737.5185026660349,1130.055179758952,3014.566517849829,3865.8909602478366,6386.99226284804,8144.519861879511,1178.6385145750226,556.34386096541,3486.2305091850567
1915,8,1,1,5628.340126340993,11501.813891294549,1397.7878209147416,1855.3314392625107,15.196317559089193,303.1828574208399,4.836933402487954,631.1833571466603,1496.5388772418514,1710.3524111286576,2722.7916912408364,5697.120373726445,1110.6030770835127,142.02533315843274,3569.7653973712677
1915,8,2,1,4904.1512150663,8515.9027547658,1076.508383645104,1855.3314392625107,28.11295618572204,150.53604534589832,77.39093443980721,500.53206745729335,1478.5584834054941,1710.3524111286576,3810.2035786639967,4996.020226875734,1039.1569924274113,147.40545370195636,3270.5221195433587
1915,8,3,1,4469.537703859868,14378.421330517278,1164.9309507828204,511.02833463987076,44.06978351854467,49.24035002707772,0.0,556.5267733778066,971.248249502647,1536.516622477229,2940.7611513176626,4974.605481354108,994.780542330449,150.6310637303812,3741.004197738318
1915,8,4,1,4738.4792290008545,13581.722928704028,1242.7654408685771,511.02833463987076,30.392635118178386,41.50247108688873,0.0,464.05204274779106,1149.8681131511678,1311.085160706652,2926.1486735472645,4488.1848330840185,1040.2473852012906,138.79972313004947,3407.173461585493
1915,8,5,1,5039.773868712933,13839.288228942836,1507.3865421568037,511.02833463987076,24.31410809454271,29.544018128362215,12.092573171932024,529.3822237806045,1645.5349456795673,1304.0207164654196,3228.139880804835,5036.455522766724,1001.2721830303431,135.5618016130116,3277.4704928674864
1915,8,6,1,4380.191022136361,11292.253593250833,1272.9939967273906,511.02833463987076,20.515260003363384,33.061323050213794,19.347733609951867,579.4345232887079,1173.111061281345,1304.0207164654196,3446.1093408816605,5042.707032328804,965.555480195242,126.95607104106315,3275.772001610528
1915,8,7,1,4410.340518995974,13530.94840715111,1294.1701508317362,511.02833463987076,20.515260003363384,185.70909456443167,0.0,512.4078079060453,1328.466049490163,1162.4795300598555,3469.245764018315,5224.665863839582,931.9942049362087,122.65443690398347,2519.943392235725
1915,8,8,1,3860.537900186951,10370.926820354194,999.4013187005789,511.02833463987076,18.99516565026852,139.98221170155742,53.205788095943234,498.83553310744423,1412.9958278311674,1162.4795300598555,3619.023661166234,5227.1930698326505,888.6954686272263,108.13057373414242,2851.921228835487
1915,8,9,1,4142.400638268704,11573.821394586468,841.3884130748862,511.02833463987076,17.475996491545544,106.91992921198606,0.0,718.5684847273204,801.0923273430229,1162.4795300598555,2636.3345310987406,4627.1811627099805,826.9995240067575,119.96560778107465,3196.097320826547
1915,8,10,1,4543.759554931944,11241.479071697915,1256.4248685159473,1159.4604318649226,15.955902138450684,156.86834553265297,14.51032087603963,623.5444163844012,1101.1894859352494,1171.5750020203184,3239.0992391328246,5227.1930698326505,885.4496482772793,107.59256167981499,2945.3382479716197
1915,8,11,1,3077.251968489981,12173.883922024412,987.2775663507007,1159.4604318649226,15.196317559089193,128.7279872789203,14.51032087603963,694.8079314533647,1254.4613797364652,829.9082023228016,3293.896030772009,5227.1930698326505,885.4496482772793,107.59256167981499,2945.3382479716197
1915,8,12,1,4479.1534902338235,12511.765283627175,894.3287983355372,1159.4604318649226,14.436732979727704,147.0149026663581,14.51032087603963,732.1407595259215,1153.0475730370522,829.9082023228016,2856.7394041373,5227.1930698326505,885.4496482772793,107.59256167981499,2945.3382479716197
1915,8,13,1,5041.8773219819805,11962.477277742148,1073.4370330496936,1159.4604318649226,12.916638626632844,130.8387540078385,14.51032087603963,769.4645152222183,994.4911976328243,903.706414486083,3011.3881272086846,5227.1930698326505,885.4496482772793,107.59256167981499,2945.3382479716197
1915,8,14,1,3094.4802524096435,12804.411162392667,1122.578642574556,1159.4604318649226,12.916638626632844,301.07209069192174,14.51032087603963,665.9668475063135,1284.0632476380777,905.7248271263485,2355.0443340160923,4202.743566693692,666.8005391567315,105.97852551674957,2409.2326439372296
1915,8,15,1,3429.0294866640984,11726.144959243782,876.8705949519516,1159.4604318649226,12.157054047271355,343.97822165355194,43.5319212909673,450.4797679491899,1099.1063915276472,905.7248271263485,2773.9353634376125,4195.161948714108,666.8005391567315,105.97852551674957,2409.2326439372296
1915,8,16,1,3824.979523492295,9853.949873639467,837.5896373386709,1159.4604318649226,11.397469467909866,344.67861243184814,31.44030678188379,712.6260783147186,1378.1314056360684,905.7248271263485,3173.3430891652683,3928.608221852339,666.8005391567315,105.97852551674957,2409.2326439372296
1915,8,17,1,3650.6933954682427,7597.160866603996,1189.0976304666947,1214.7866473114073,10.63788488854844,314.4370818434771,31.44030678188379,534.4718268301518,662.6432948021393,806.6586117215398,2564.4898487266614,4195.161948714108,648.3906518594533,105.44051346238061,2694.5791751168827
1915,8,18,1,3854.0272114965755,10510.325961343098,1330.4605828654887,1214.7866473114073,10.63788488854844,249.0129076424179,0.0,595.5470634239526,978.6377528231206,649.9793305132772,3246.4054780180236,3595.1500415914384,521.7402632826689,88.22535887192471,2168.818926920537
1915,8,19,1,3160.0879615222957,9508.683127082506,1148.2809975559217,1214.7866473114073,10.63788488854844,199.7744764941581,41.11417358685973,506.47447386970333,1112.810960000505,422.54207118119757,3577.6216408163905,3270.470576886065,481.70002630953326,90.3774070893591,1962.9926682287603
1915,8,20,1,3856.23082920724,11307.024363156352,1263.9415949729232,1214.7866473114073,9.877375114815006,174.45487014179457,26.602894047971557,588.760926024748,1674.040448103231,422.54207118119757,3106.369232717037,3185.875681534696,442.72482413858563,88.22535887192471,2286.4780485433503
1915,8,21,1,4161.7323754574145,13823.594285916603,1288.1082746567972,1214.7866473114073,10.63788488854844,196.26292820889765,31.44030678188379,621.0041510477574,1036.7670504579226,567.0856463893309,2752.016646782015,2822.0910293554584,418.913688915185,91.99144325238295,1748.519544955707
1915,8,22,1,4302.763908939908,12756.406160197574,929.8109802126025,1214.7866473114073,10.63788488854844,177.9664184271801,31.44030678188379,637.1166911830022,1253.4746508064782,567.0856463893309,3420.5375047832727,2822.0910293554584,418.913688915185,91.99144325238295,1748.519544955707
1915,8,23,1,3267.66457157918,10226.911813768915,692.4521567087673,1214.7866473114073,13.67714840036628,181.4875611067203,33.85805448599137,530.2259547673991,555.9011518803294,567.0856463893309,3342.6042900074335,2822.0910293554584,418.913688915185,91.99144325238295,1748.519544955707
1915,8,24,1,3902.506801131183,11804.614674370625,1170.9928269577595,1133.7890678976557,12.157054047271355,178.676403599631,33.85805448599137,522.596086381208,959.6158117827957,565.0672337488634,2660.6886607160714,2362.2725494343163,358.29545808269603,80.15640920549225,1530.6185575094025
1915,8,25,1,3689.457034287278,8155.865238303321,1802.155374287961,1133.7890678976557,11.397469467909866,190.6310188004392,33.85805448599137,531.0787581304536,694.3501844212132,341.66679969751675,3498.470719559494,2203.05857186267,347.46760425908343,89.83939503499012,1670.697763724979
1915,8,26,1,3538.809714431647,11151.931279142653,1177.0547031326987,1133.7890678976557,10.63788488854844,258.8663505085877,33.85805448599137,540.4051608664937,1210.05857788438,381.08892157964084,3102.7161132746282,2444.340238792617,334.4843228592954,77.46634893373043,1347.2895875584413
1915,8,27,1,4192.983681172359,8609.78946098151,876.8705949519516,1133.7890678976557,9.117883054890711,320.05939685765566,33.85805448599137,537.8648955298501,950.1103230899313,351.7714779784155,2777.5884828804033,2435.4285123955287,334.4843228592954,77.46634893373043,1347.2895875584413
1915,8,28,1,3956.2951061592166,11337.4890760881,1077.963233927141,1133.7890678976557,9.877375114815006,263.78827474459524,1734.0293605033953,621.0041510477574,1100.2027570052626,388.1659809000403,2916.407021700332,2100.7732345590634,307.41468830015594,76.39032482499248,1624.0664583048701
1915,8,29,1,4118.761830099467,12601.313076182438,819.4848338297357,1133.7890678976557,9.877375114815006,196.96331898706876,1734.0293605033953,597.2435977738019,881.4120622491047,388.1659809000403,3623.8944870897,2209.3100814247496,306.33697451206825,98.44635675579156,1502.94859084966
1915,8,30,1,4102.635355035137,8891.357262318586,872.3443940749314,1133.7890678976557,9.117883054890711,183.59832783563854,1734.0293605033953,598.0964011368562,1166.7521415099097,388.1659809000403,2714.26774587458,2209.3100814247496,299.8453338121742,115.12349929187846,1587.6261004268913
1915,8,31,1,4189.77841904798,9817.022948874233,946.4609334399281,289.4402026316565,8.358020917217639,173.74488496946873,0.0,452.1763022990391,905.7184848924421,363.90718397854477,2296.594422933735,2190.42254189657,305.2592607239805,62.403242560667394,1255.6328229975566
1915,9,1,1,4655.342742644506,11738.146209792916,680.6840344276607,671.0937150719059,18.928551655488924,29.883659683827446,35.652671338524776,256.46700286292764,323.1098699721899,293.72949948893796,491.0888466727398,2145.996920753068,292.23794236703316,110.1558136183885,1741.2623550393703
1915,9,2,1,4241.663599689382,10876.825689640502,612.0393486234565,671.0937150719059,18.928551655488924,31.396695652665347,25.352797693429064,227.27209624385242,627.5376722019248,298.8764517218271,447.50713172216996,1918.2823596812843,346.5800752571161,103.20844056867041,1717.637885737107
1915,9,3,1,4486.765987779531,12340.978256587243,648.1681306254444,671.0937150719059,18.140286050597368,32.784045057192756,53.87493476424891,209.5174560159339,499.60278459375166,256.1744092990948,842.0318544616409,1914.4250452707115,295.30625691654353,100.23152261116867,1779.555612470412
1915,9,4,1,4486.765987779531,9745.015445580873,515.2109798561952,671.0937150719059,17.351095251333863,33.79241588994399,27.730281557896483,205.51653811066245,31.750744238046284,344.51780755210143,1443.8345743756736,1824.3767054077648,310.68586662157855,87.33031364648862,1579.1336441419094
1915,9,5,1,4486.765987779531,10675.573949668822,497.8659314945886,671.0937150719059,17.351095251333863,33.28871019327943,39.61386622883905,209.5174560159339,546.2969902944328,344.51780755210143,1304.8942649077917,1922.1396740922355,654.1976273291842,105.19305254035208,2027.2265194034412
1915,9,6,1,4486.765987779531,9583.460149732251,622.150558082821,671.0937150719059,16.562829646442307,34.29708102603066,35.652671338524776,220.39523508243295,828.3150821576037,344.51780755210143,1751.1836901489044,1855.2352206931032,513.7144653080198,127.02993997303244,2134.6946934841244
1915,9,7,1,4375.984115598267,11716.913228052474,672.0115102470709,671.0937150719059,15.773638847178802,35.05407873016078,41.19853591753445,194.06719934343772,253.0740432482121,344.51780755210143,1549.775038212016,1844.993385878511,460.3993302629655,141.9145297604996,1885.1708869980323
1915,9,8,1,3905.712063255562,10258.29969981994,503.644920114794,524.4748180417174,15.773638847178802,39.718873200985236,41.19853591753445,196.35343814634035,240.92631375382152,410.0405278898699,1607.494325405509,1703.4698502594795,460.3993302629655,141.9145297604996,1885.1708869980323
1915,9,9,1,3547.4238563910694,11571.975048347918,470.4096736731904,524.4748180417174,15.773638847178802,7.061186315698614,41.19853591753445,220.39523508243295,574.3091282532699,401.1973575093139,1620.523784750991,1850.1808087065874,415.2748200072054,122.06471659724848,1770.4455230010124
1915,9,10,1,3703.0793983169115,10802.971840110033,497.14658885520123,524.4748180417174,14.985373242287242,10.465565217555124,23.768128004733676,238.72143501107715,276.4156642712787,912.0828269435181,1621.6197205837134,1626.1905512041938,406.0445183870908,104.20074655453202,1979.82317250281
1915,9,11,1,4123.770052169678,11096.540891994802,617.0989946038475,524.4748180417174,14.985373242287242,33.91906189367683,24.5609421805057,251.31389317994504,318.43935303662084,912.0828269435181,1554.524093487529,1856.5653291106073,314.7938580020173,109.16350763256844,1631.9412814056245
1915,9,12,1,4764.922641528822,10348.770665495918,627.9376292044439,524.4748180417174,14.985373242287242,45.141624815362036,22.976272491810306,238.72143501107715,658.3565057837102,912.0828269435181,1866.6222645362723,1877.1820095813534,314.7938580020173,107.17889566088674,1489.9165306593604
1915,9,13,1,4062.4694140367365,10038.584497465641,465.3500276923724,524.4748180417174,14.985373242287242,32.27937992110609,51.498409562630165,216.39431717735334,400.62290925468454,912.0828269435181,1722.9328997928774,1870.6644783357724,241.99112187148924,103.20844056867041,1560.91346520292
1915,9,14,1,4612.873019493825,10995.91502200824,603.3668244424397,524.4748180417174,15.773638847178802,26.60525517810818,30.10680675951524,242.15079321562297,353.92870355400333,549.9039087882347,1338.9900463720544,1811.474653758164,234.81481594154008,133.97361957610843,1335.0913321669532
1915,9,15,1,5327.045486628914,11332.873210493168,615.6522268236553,633.2682880953679,15.773638847178802,26.22723604575423,34.860815825601414,228.41521564530373,226.92572660189313,292.2535352455834,1665.213612599002,1659.7092833245404,220.46220408164172,100.23152261116867,1260.4194801766032
1915,9,16,1,4221.63071141099,11739.992556030023,554.2332974194217,633.2682880953679,15.773638847178802,25.72257090966744,37.23734102722017,242.7223529163486,617.264727674663,303.2917293727237,1883.061302027875,1286.5872700543864,215.32721485606623,107.17889566088674,1528.1634656014942
1915,9,17,1,3245.7285589141575,11223.938782434572,697.3016576484624,633.2682880953679,15.773638847178802,39.718873200985236,25.352797693429064,236.99768353264034,348.3262759620359,303.2917293727237,2113.93845080223,1623.6633452107467,215.32721485606623,107.17889566088674,1528.1634656014942
1915,9,18,1,3958.7992171939136,10357.079223567951,992.8544924316276,633.2682880953679,15.773638847178802,29.379953987162878,28.522137070819852,238.72143501107715,113.92333680163631,86.86617250178269,1846.5301076018793,1626.1905512041938,187.6489889812983,102.21613458285033,1318.693171121882
1915,9,19,1,3802.0418664135564,6739.625356240179,822.3137093779267,633.2682880953679,16.562829646442307,60.65096307551773,5.545960445294431,188.91408966059552,583.650162124192,86.86617250178269,2165.6909762395344,1681.523061370851,186.62199113626957,99.23921662534859,1169.3494671409915
1915,9,20,1,4645.927285153785,7506.5975836165235,551.3397618586102,633.2682880953679,15.773638847178802,53.211469795638465,40.40668040461096,194.63875904416338,459.4538807953069,86.86617250178269,2139.8755988448584,1640.42271127092,179.44568520632038,99.23921662534859,1205.7743841892075
1915,9,21,1,2747.2101340984705,12781.331834413675,723.3192301910859,633.2682880953679,16.562829646442307,58.25524283823909,30.10680675951524,218.10899627953032,123.26437067277445,237.78162411392023,2247.033769162258,1671.281226556637,178.4186873611837,99.23921662534859,1021.8123402242562
1915,9,22,1,3106.700314259912,13502.330040457908,449.45174711095797,723.5252629260053,17.351095251333863,40.98053604120202,9.507442934463189,242.7223529163486,362.3268631139896,343.04184330874693,1812.4343261372348,1601.8495671644364,180.47268305134912,98.24691063952852,1216.6910507229527
1915,9,23,1,3071.342266447672,13598.340044848095,380.8070613067999,723.5252629260053,17.351095251333863,25.84921691340028,23.768128004733676,247.3039028986056,321.2460486598736,201.70249816741486,2195.1594730770007,1465.3804435315421,190.71730353091664,107.17889566088674,1183.9101694625726
1915,9,24,1,4458.519615306549,15596.08667465507,427.77447790976515,723.5252629260053,16.562829646442307,34.54941359407412,19.806933114419525,230.7014544483982,390.34996472742273,259.1263377856018,1603.9629766110536,1471.897974777123,185.59499329113288,105.19305254035208,1147.4852524141663
1915,9,25,1,1932.873225569789,10675.573949668822,471.1290163125778,723.5252629260053,14.985373242287242,19.670427034315704,22.976272491810306,203.22122693149996,673.2999672465997,58.15551420049932,1624.0551335454463,1537.4723197583726,184.5679954459962,104.20074655453202,1171.1560442051468
1915,9,26,1,3916.329494043232,2280.052969637454,495.69982107458196,723.5252629260053,14.985373242287242,16.644355096639774,25.352797693429064,191.20032846357643,270.8132366795516,58.15551420049932,1075.2104684846747,1572.1881494546624,197.8936094608658,115.1173435475719,885.2073206708386
1915,9,27,1,3188.033840671245,3698.7854191224965,549.892994078418,723.5252629260053,14.19618244302374,21.18346300315361,29.314951246591875,202.6496672307743,402.48673056703046,58.15551420049932,1271.89441927587,1546.5170569974007,190.71730353091664,114.1250375617103,1078.2794541053797
1915,9,28,1,3097.2848567691904,7240.446773369754,544.8333480976,723.5252629260053,14.19618244302374,22.948831540034966,9.507442934463189,212.38432689582203,356.7244355223556,119.25664934803021,1138.7991009158413,1491.184546830365,202.0016008413046,116.10964953339197,1018.1683044364204
1915,9,29,1,2693.021171304787,12208.964500551097,822.3137093779267,1379.5259864239679,14.19618244302374,29.379953987162878,61.005469031953844,178.60787029477703,378.20223523321886,259.1263377856018,766.6558232951057,1426.8072994246797,195.85229275638417,110.1558136183885,1063.7033109542263
1915,9,30,1,3439.045930803703,12532.075092248342,2.8903833852048133,1379.5259864239679,14.985373242287242,29.379953987162878,61.005469031953844,238.72143501107715,389.4070904164869,354.0926525148522,342.6991349132232,1485.997124002288,195.85229275638417,110.1558136183885,1063.7033109542263
1915,10,1,1,2514.3278078585904,16379.860652799913,1596.9406595138817,245.40938733086855,32.32074018929815,329.64419668561777,69.02372509743981,613.8641909765288,664.3097703284211,0.0,1238.529261699707,1355.9125207734137,109.56799108649292,36.14899299755985,963.6621759155566
1915,10,2,1,3411.8012027444365,11762.14871088974,1439.0894039195264,439.9629174231551,33.244084172492734,103.12054910000231,69.02372509743981,545.5764153018043,664.3097703284211,0.0,1538.693909236073,1206.0492053764992,95.12789422497714,33.504485233825825,975.428088077876
1915,10,3,1,4407.035092429979,4073.501388178998,1512.4785181437182,439.9629174231551,35.090772138881896,88.50157062366502,69.02372509743981,583.281210798521,673.8262226762151,0.0,1262.3963087248435,1072.7058365246453,95.12789422497714,32.62298264591451,594.3792949798592
1915,10,4,1,3312.7385702061747,3594.2822220372855,1139.066945770117,439.9629174231551,39.70841724922674,182.686860384438,0.0,496.4948600471743,294.0671484643916,0.0,1196.250492683609,2566.710213200346,787.3523355915464,230.1263459949167,1194.641546040878
1915,10,5,1,3335.3757339608806,10603.566446376903,1430.3603022277337,439.9629174231551,44.32606235957159,170.51157411657073,28.759885457266552,496.4948600471743,260.22234616368405,0.0,1117.4892375007728,1958.9836772561532,484.1343915719396,213.370409931407,901.8679758192113
1915,10,6,1,3775.6986183272056,11414.112444976396,1451.6981063634169,439.9629174231551,56.33045933547314,174.5700028725265,31.635874002993262,439.59291650643104,2124.098476753635,0.0,1199.6722478952124,1721.6923355787183,297.27149970659855,124.32141246826791,901.8679758192113
1915,10,7,1,3989.4495362607927,13760.818513815992,1200.6556077071054,439.9629174231551,78.49349051521774,151.83128856591347,25.883896911539974,384.82298137313217,2124.098476753635,0.0,1399.3882878235684,1135.2475343142125,292.17454743829035,101.39495828938351,844.4898529910339
1915,10,8,1,3567.556909111078,15077.263381701794,1084.6717102274295,439.9629174231551,61.87144842901257,179.43436074323063,31.635874002993262,225.4848381319803,2124.098476753635,0.0,1173.4184961672183,1077.4277214066904,290.4755633488902,90.81446493670201,857.7380847959176
1915,10,9,1,2528.4509940954895,15400.373973399039,718.3565742294119,676.4138839491277,53.5604273858894,142.8989075450989,172.55931274358983,227.61684653961652,2124.098476753635,0.0,1192.8287374723873,1155.3055692499474,290.4755633488902,80.23397158402054,869.5039969582372
1915,10,10,1,3884.6775305634546,1706.4855107196747,768.8802915218462,676.4138839491277,49.866126258739136,179.43436074323063,345.11862548717966,206.99533543161803,1558.15461709623,0.0,1183.6959388659839,1174.1931087777489,322.7562610479237,71.41771455604896,806.2429180488998
1915,10,11,1,3342.487409300138,2862.9444770580385,1398.0302959615342,676.4138839491277,48.94278227554455,184.30831300808944,34.51186254871996,165.0265231199266,1126.6251650209906,0.0,1087.8137305615573,1442.103546225788,389.85345359451503,68.7719756434521,806.2429180488998
1915,10,12,1,2698.329886699031,8099.090091477278,1270.1651211791996,676.4138839491277,52.63708340269481,152.64681207481652,54.64378236880653,237.57831560962583,1403.6767212694374,21.121426773513285,1072.969888559972,1340.6162739723059,389.003961549815,64.36323155503983,806.2429180488998
1915,10,13,1,3249.033985480153,6903.119315638845,926.7396296176189,676.4138839491277,52.63708340269481,129.9080977683286,0.0,194.9018579539725,1308.5121977934982,0.0,1048.9932479512195,875.623672307281,343.1440701210487,59.95571861548054,767.9805422770031
1915,10,14,1,4524.527982184851,11460.271100932938,835.9731370252968,676.4138839491277,48.94278227554455,155.08378820724593,0.0,336.44907146235823,1816.2390505779993,0.0,874.3619615286757,1248.5328682307102,294.7230235723905,52.90123561447139,850.3728090721936
1915,10,15,1,2920.5947821504237,12037.25430039189,714.4123134646939,676.4138839491277,48.01943829234997,181.87133687566,37.387851094446546,166.45088618368854,950.9764518173606,0.0,1316.0971645316874,1170.6550203874529,274.3478934850573,55.546974527068265,676.7715617750496
1915,10,16,1,2687.0113048208614,10599.873753899801,425.4871299665472,1030.9265681402574,48.01943829234997,99.05252594979756,37.387851094446546,269.5856588514138,1185.8289008242155,0.0,1124.332747923216,1021.9622003980934,248.8631321436241,52.01973302654293,826.8409847477451
1915,10,17,1,3932.856626873212,11861.851407757027,235.24120809369435,1030.9265681402574,48.01943829234997,36.53737207690999,11.503954182906634,269.5856588514138,644.2133911196731,350.8505772113411,986.2204788619489,1003.0746608699135,222.52887875759887,49.37522526279905,865.087919689879
1915,10,18,1,1752.6773955026106,11816.615924918318,568.3695926593864,1030.9265681402574,48.01943829234997,95.80866126327811,66.14773655171322,318.667214105852,1503.1170701088763,256.98177435528186,1014.7513417091843,885.0674420713709,202.15374867015774,51.13823043861446,834.1908196417064
1915,10,19,1,3597.3057482050413,12072.334878918577,371.01915190973904,1030.9265681402574,48.94278227554455,202.98859855862162,25.883896911539974,211.97606996681452,1377.2543132537094,951.6563297736268,1062.6924458612066,892.1569199365354,189.41136799944118,49.37522526279905,838.6068969100645
1915,10,20,1,1180.7384351461476,11634.75082044997,563.6332467412433,1030.9265681402574,48.94278227554455,95.80866126327811,0.0,130.17045375067102,1055.701282260145,2085.146408286358,1067.2588451644083,810.7276826187882,175.81949528402455,50.25672785072752,841.5560953654306
1915,10,21,1,3997.9635137794157,10739.272894888707,540.7436023048065,1030.9265681402574,48.01943829234997,51.96419854675491,48.89180527735324,175.69563753383724,1594.1154047692776,691.1549483765929,583.2814043398372,780.0420814275927,162.22762256871587,50.25672785072752,809.1766756746935
1915,10,22,1,3178.2177254148737,10893.44280578457,622.8375707161117,1030.9265681402574,47.09609430915539,22.73391710945813,0.0,170.0072576549921,1036.6574139102945,452.94441157664903,707.7066525558362,778.8582849362224,153.73270212149956,48.49372267491212,816.5419513982273
1915,10,23,1,3847.9171805718497,12599.466729945329,739.6701308604158,1849.6660348007972,46.17275032596074,33.289669632701646,54.64378236880653,275.2831111065344,474.95648865193357,330.90613730861764,732.8157601914681,734.0203301830859,149.48524189799932,50.25672785072752,853.3220075275595
1915,10,24,1,15967.213602534708,14731.073462025559,688.3624109159738,1849.6660348007972,45.24940634276617,37.34905782810652,0.0,231.1822903871009,474.95648865193357,300.4028762810418,641.4999511906251,666.7567475114737,130.7964169142745,42.3207422617899,753.2808724890804
1915,10,25,1,9025.116662876431,9463.447644245238,1020.6582978203799,1849.6660348007972,45.24940634276617,33.289669632701646,140.92343874050673,182.10073513266445,447.4596424677824,650.0802511451996,654.0545050086321,745.8183918461015,126.55529618361615,47.610988938130646,753.2808724890804
1915,10,26,1,3854.9286914694912,12985.353093743182,1349.0503364684362,1849.6660348007972,44.32606235957159,40.59676027231486,336.49065984997515,209.83498918311028,447.4596424677824,1300.110041974539,587.8478036430389,705.70232197501,128.24794078017433,47.610988938130646,773.8789391879257
1915,10,27,1,2735.090236689819,12650.241251496805,820.9396841117723,1849.6660348007972,43.40179318200512,56.83527249335631,201.31919820081313,110.25658798661182,504.5802838630717,884.7711809035933,558.1722967042053,693.8909592278006,124.00682004940808,47.610988938130646,900.4010970064098
1915,10,28,1,2689.815909180408,11082.693295207118,524.9503942439535,1849.6660348007972,42.47844919881048,41.40844602351139,684.4852738828896,130.17045375067102,0.0,570.2898764559469,528.4967897653718,682.0928975647852,118.06164363505454,50.25672785072752,851.8551287147579
1915,10,29,1,4991.795101285593,11901.547851878646,562.8411615878181,1849.6660348007972,42.47844919881048,30.853652939689965,503.2979955020953,122.35006546428419,103.66574139103011,491.6727041136755,689.4410553426475,666.7567475114737,113.81418341144638,44.96648117438678,816.5419513982273
1915,10,30,1,3619.942911959747,12039.10064663044,1058.5652301675063,2308.829362032495,44.32606235957159,34.91304113509471,258.8389691153847,166.45088618368854,609.3051143055227,440.0391857574299,667.7537029182371,608.9236335197573,85.78474963170717,44.96648117438678,815.0750725854256
1915,10,31,1,4581.221056013231,15675.47956290119,1193.5430063282597,2308.829362032495,44.32606235957159,34.101355383898174,112.16355328333977,52.63701948815294,460.1445910465313,440.0391857574299,933.7129754067248,582.9599172106069,101.92383058268199,42.3207422617899,835.6576984545081
1915,11,1,1,7492.099887349717,14804.004138438193,13519.600370325094,1256.303439382312,183.799113929287,1475.3299995447674,500.51787324121415,1766.210199064549,4459.137671442582,177.19139966598976,960.4538097269126,572.4653617967076,119.43984938520825,11.599269039115521,720.7316036726666
1915,11,2,1,6551.655947105924,8707.553494298752,11099.699401307935,1256.303439382312,146.60630017731637,1475.3299995447674,422.31015805444747,1275.1224752339065,3456.621078512041,191.25721275352905,1005.9351467873821,332.394093526864,111.13131002847196,13.708842620660343,738.704729337927
1915,11,3,1,6314.967372093599,9189.172910550868,8581.191913178804,1256.303439382312,126.90891199875313,1326.904720927537,250.25893662054457,949.5148933331998,3483.3723961709875,165.93874919595814,1806.7111056769522,386.47630178121415,103.86117960405751,13.708842620660343,720.7316036726666
1915,11,4,1,6173.835674169489,11460.271100932938,6155.552368049382,999.5897997112769,118.15657324023356,1432.9227770826835,469.23670449225204,1140.4884123915958,3477.5616591386934,61.87570099827081,1897.673779798655,593.5608812976795,99.70627597640852,16.871664056895312,668.1555788531081
1915,11,5,1,6435.465195089617,12251.430464030542,5344.230860801545,999.5897997112769,111.59694514317539,1456.237155042581,281.54010536963165,729.4009019129039,5447.949695900266,174.37823704848188,1863.8215396302985,419.4496894503652,105.93799746859496,13.708842620660343,669.5452535178575
1915,11,6,1,6555.862853644835,15207.430791499391,5774.381594172013,999.5897997112769,109.40423448171397,1456.237155042581,703.8502634240792,969.4741209782578,5438.520952790908,132.19341286486582,2006.536739188924,374.61173469750287,105.93799746859496,12.653748042671504,708.2708541778771
1915,11,7,1,8258.057370685408,25430.649912792647,5842.43625736207,999.5897997112769,105.02806510242286,1360.8688764740727,703.8502634240792,1349.6974076168053,10351.11538586537,118.1275997773265,1994.9685276207877,707.0058282241263,105.93799746859496,14.762706049783429,549.1839867134069
1915,11,8,1,8216.589291948443,15360.677529275978,5330.652258169631,999.5897997112769,105.02806510242286,1435.0335438116017,500.51787324121415,1349.6974076168053,13308.780535415834,85.78253721548688,2285.8786059020335,11453.164550346997,93.47455448422208,3922.686516205471,933.7687297920628
1915,11,9,1,6314.967372093599,15377.294645420048,4873.263494519878,999.5897997112769,105.02806510242286,1435.0335438116017,594.3613794883504,452.9202371475509,8394.98010031546,196.88353798854484,2246.668457218017,11694.579228118506,104.89958853632622,5175.380487154909,680.6163283477072
1915,11,10,1,6275.602746625681,20170.409479965085,5036.610851179704,999.5897997112769,107.22077576394695,1307.8118764254757,610.0067571770678,711.2107876271982,6410.997131628992,163.12558657845025,2065.8390448077157,3391.2444211927886,100.74468490867724,1027.0613183146213,917.1698379619795
1915,11,11,1,11069.172418393951,16362.320363536572,3683.5192639278334,2804.021120763349,102.84460638465582,1519.8479887356439,531.7990419903012,620.2602161990537,5418.238191451026,129.38025024735808,1991.802490770191,2342.586944855634,97.62945811187109,527.2395017779498,1012.6096057770419
1915,11,12,1,8507.166336431235,12683.47548378638,4791.54940368245,2804.021120763349,98.46843700536472,1352.3298656163527,641.2879259260301,874.9218161977815,6414.615137705722,257.34761164627815,1991.802490770191,1461.523129120591,92.43614555195337,358.522861208986,1058.2681389316172
1915,11,13,1,8748.061817982472,11479.65773643483,5491.251564296721,2804.021120763349,94.09226762613625,737.6458109838865,453.59132680340963,998.596448587638,5419.334556928975,275.62686112056537,2007.632675021647,1220.1084513490825,92.43614555195337,284.71548670442274,936.5326382919893
1915,11,14,1,7836.66556574296,10596.181061422702,4554.732107783403,2804.021120763349,94.09226762613625,1502.865910962376,469.23670449225204,534.7712152448086,5420.540558954552,95.62608336096413,1847.86958473089,1212.1943062650275,87.24283299203567,244.6415911227037,839.687754982605
1915,11,15,1,7730.791751190291,10825.12799496831,4788.882178165596,2804.021120763349,94.09226762613625,1481.6622997313966,797.7033562996883,994.9674981067183,5447.182240065869,118.1275997773265,2191.628124282163,1229.3394037664475,90.35932768741594,229.88011622178269,857.6763214774378
1915,11,16,1,6545.445751739581,12794.256258082085,5975.878358225332,2804.021120763349,91.90048215896282,1377.7550103051683,875.911071486455,1637.0195619438098,5427.447661464795,760.7901844692888,2311.2069007045156,1172.623580845132,89.3196508565731,201.40364295587443,888.1101966372972
1915,11,17,1,9171.456911752352,17261.490981573494,5722.653584146178,2804.021120763349,133.47779203950566,1894.9888028229223,3894.663688622957,4316.364425770531,5430.956030993896,2930.7351538089715,2501.6561943134143,1272.8738522704678,1877.7577883881627,191.91148520058553,867.357721642538
1915,11,18,1,8787.426443450391,12648.394905258256,4530.242128036854,5757.644328093435,1306.2819337398778,3675.516482575275,3894.663688622957,3672.4978866929796,5435.451129452986,3323.064110779799,1497.7789714784235,1398.2099684489092,1877.7577883881627,173.98595771455442,717.9522543429773
1915,11,19,1,7784.780385101558,11037.457812369848,6610.193081165971,5757.644328093435,1076.556171187552,2526.68371841137,3472.3727038254556,3026.726148612946,5432.052396471512,1870.3116128775284,1997.03862863828,1337.5570246122356,470.4918029135719,164.49379995926552,813.4074629876121
1915,11,20,1,8177.124502039725,15601.625713369282,11467.453222584727,5757.644328093435,687.0678444888907,2446.0908069450397,2659.0431430939952,2708.4671914361015,5433.148761949461,1763.461893728258,2228.6464013011164,1168.659857761386,499.5647172199257,162.3885353987436,705.5069456779506
1915,11,21,1,7878.233808921543,26403.67438036004,9732.948386408694,5757.644328093435,597.3517462420456,2132.354115879734,3284.6665180743626,3186.8535885835254,6456.057752767846,6721.944846363549,2495.2023499650318,1101.3962750893952,1325.2075897523646,164.49379995926552,705.5069456779506
1915,11,22,1,13150.589510550322,19853.761100102765,8278.906354590672,5757.644328093435,1409.1635478994365,4069.7501411647395,10463.8049922021,5318.589824839089,5430.736757898307,8225.283811064937,2147.3036083783927,1221.4252586823927,4198.012179171739,144.46300791271253,625.2763950280319
1915,11,23,1,31708.05556752073,61056.82375330607,7892.481954695477,5757.644328093435,2402.54474504975,3202.800679248398,7632.87360035849,3397.786335287171,4427.562345680996,3363.810815957293,2478.3980005288067,1027.5220535828444,1325.2075897523646,121.26570098334335,625.2763950280319
1915,11,24,1,22133.33661471769,37157.71804515714,8774.363700618887,5757.644328093435,1170.6484388136882,2259.5757832658596,3503.6251126889993,1731.6444457337893,5429.640392420358,2106.5920425901645,2072.171118508145,1081.6042618375398,776.8794933686992,112.82986895489516,598.9961030330388
1915,11,25,1,13922.857353693975,30811.826024226495,8638.577674301021,35664.606305859066,724.2606582408614,2227.8183383904143,1767.486693918698,2411.891213382752,4440.499458319457,1559.6022170515414,1807.6852708617218,1069.7396947535544,580.5834361112234,115.9926903911523,2472.0768204469705
1915,11,26,1,13192.658575935355,34249.722719883386,9773.360894241338,35664.606305859066,549.213883070094,1820.8241354855184,1767.486693918698,3186.8535885835254,5426.022386343628,1289.5133756127916,1859.5595669469792,969.489423328597,580.5834361112234,105.44790035558168,776.0560961627696
1915,11,27,1,16640.318648699296,32568.624469940172,13021.718273827244,35664.606305859066,450.754698008361,1890.7672693652107,1173.1157278018748,2175.465089550645,4420.655243170753,1011.1111971114316,2020.2968224228875,922.0045528246465,397.7904986690539,106.50299493356941,760.8468789976259
1915,11,28,1,14562.908134198602,28172.474076621405,11872.386551067415,35664.606305859066,393.8644960778897,1803.8420577122504,1063.6364304944939,1478.7973209755214,4446.200558804123,1004.0845981070944,2329.2289566214163,593.5608812976795,354.16210873088966,100.17612091224363,690.2977285128072
1915,11,29,1,16146.507952628972,36787.52562438408,9357.112063565033,35664.606305859066,369.7909385200354,1803.8420577122504,1376.4481179847398,1691.6352666816504,5438.959498982088,765.0162359351034,2878.171038200703,771.6357962291182,325.08919442453583,101.2299843413368,731.7872376729438
1915,11,30,1,46888.97830511732,91297.20561679068,8823.66696017466,35664.606305859066,350.09355034147217,1854.6923470897566,938.4734089845041,1318.7606047669651,3416.2748289278657,825.4803095929401,1608.8338025345195,891.6647798221156,292.884570639821,99.12102633425592,820.3249546525952
1915,12,1,1,19818.53637411417,5400.008843063889,2038.8918451711256,3452.886975517466,113.16977557548326,928.6606055532656,144.48966453728787,970.5628061225336,1947.3643617269859,848.2883724290111,5452.524309423014,727.4761967691171,258.1187917353222,75.49897304615692,674.3164698671416
1915,12,2,1,14637.029820829877,4367.624343935619,2802.2032931138892,3452.886975517466,161.89051120174824,1012.3045343823043,120.96407823326335,1644.731081715764,1472.7477463728667,558.0532498236932,5364.727672151525,1243.9439941902262,294.78641850113326,81.39740726219384,921.786646015159
1915,12,3,1,5703.9642795932505,6777.198502188761,2312.56534821382,3452.886975517466,152.1482144652341,925.8302592577417,120.96407823326335,1518.8065000278525,2029.7014091120932,507.630779051526,5163.197249566684,466.33601116634435,331.46672425273607,84.9369602513738,664.4188980876476
1915,12,4,1,3772.793849526859,12109.261803683812,1937.3756254955067,1046.860518188469,131.91421355095486,1066.225029910953,137.76943796868377,1834.343744344007,2626.453138696688,971.5503093602881,4477.750271480867,1395.549751613901,339.9236077425772,97.91326929687611,512.2340814583978
1915,12,5,1,3338.981653851726,9352.666869949535,16855.248766829784,1046.860518188469,2265.7084974400937,1234.8944803368133,3506.40523494988,6011.53791917127,10491.888713219305,6707.815957880883,6844.728129009718,2096.11785509761,359.677467528598,120.3275655475953,685.4647488450433
1915,12,6,1,3160.6889481711787,7867.28132126235,10102.31870799886,1046.860518188469,1708.8340049703008,1477.3448223313878,1409.6178525454814,3471.8169250979317,5672.375709212847,2387.9083043409337,7001.203411802307,1786.0695829844033,691.144191781334,231.22206848551036,859.9152417707617
1915,12,7,1,2849.7785220859614,17890.1718757032,6830.441248854002,1046.860518188469,999.8575577538716,1521.2871478689804,769.4899086660433,2206.220444876439,3785.4210853139957,1481.3887272373634,3227.8963395085466,1768.5121518737276,462.6435107392514,160.4310087021187,732.4820750054135
1915,12,8,1,2667.1787454257023,31788.543184270984,4940.914032631805,1046.860518188469,691.0369283445006,1627.6889797929414,435.1466535968652,2081.475272094827,3026.516901557969,1248.3377577492738,5378.974837978065,1471.2329205681817,376.60391349417995,121.50700616102378,713.9221978148803
1915,12,9,1,2824.3367539717087,69721.72664950094,5468.782209941676,1046.860518188469,627.3280438928389,2193.3744631327663,739.2536824219986,2840.8331602276453,4501.895925078245,2279.2924741315064,6050.1746502373435,1583.228049319757,322.99716177710314,108.53069711552146,1025.7188701153937
1915,12,10,1,2289.458636930067,66940.20604154911,11480.385225091293,1046.860518188469,2166.805219079839,2467.0065863493764,6510.4711372462025,7575.978471496686,17913.515542314657,17734.278061401576,16407.377123336806,1773.3005421767423,433.0254000460119,109.71013772894995,1829.8927169966464
1915,12,11,1,2397.536069194218,35824.65606112727,13347.443086958445,750.1969248682639,2280.6966462654905,2465.5674272160404,2893.148610716136,5693.641857042518,16171.390798037984,7534.860537270134,20377.100250996038,1814.0018597516112,448.53179960842454,115.60857194498688,6932.469269682113
1915,12,12,1,2621.503760149825,30814.595543584317,37805.90107741801,750.1969248682639,4999.1952693322255,2167.8533745017785,7669.6862537437955,10621.030820038277,14570.697200401682,6874.839603870986,9920.776470353236,1922.4056957757364,433.0254000460119,110.88957834241997,3876.4202734118085
1915,12,13,1,2912.1809690734176,29926.503002977257,22343.26733050018,750.1969248682639,4180.6758084782905,2135.232434146406,3946.6232150157666,6172.30042547601,11514.03024820296,4006.0444879632055,5267.554694977727,1540.132536593381,427.3832513908179,110.88957834241997,2684.8514524630655
1915,12,14,1,2567.014304032109,21726.879358826354,13538.190123928467,750.1969248682639,2292.7241731006607,2216.017233497082,2442.864670740115,4111.328723598379,7861.488658802002,2674.9013516427403,5926.820983724629,1382.6476999646788,406.2220241874195,104.99114412638305,1993.2566942629428
1915,12,15,1,2575.828774874765,17166.40415030258,9234.258039754157,750.1969248682639,1553.6789087962431,3207.1181566484065,1760.7760539786916,2952.4233875159243,5624.683810926916,2033.8030367471167,5488.081338664621,1586.6863312048895,411.86417284261347,102.63226289948456,1704.9764054574962
1915,12,16,1,2062.8866704981456,15529.61821007736,7709.009169135211,750.1969248682639,1157.973275918156,2259.959559034674,1503.662677990673,2686.0584222164225,4937.92047561224,1613.5947551811187,6301.631038538285,1617.0128031236047,401.98724294960306,115.60857194498688,1432.7854611049117
1915,12,17,1,1990.0671216054352,13430.322537165988,6782.512014564385,750.1969248682639,930.0979021097219,2234.438470403686,1352.4815467703245,2690.866781603641,5448.497878639075,1432.0637683383873,4532.303521824145,2373.578470982912,493.66898884997636,153.3642142124134,1255.8489946121408
1915,12,18,1,7154.846213177332,11846.157464730793,6085.072954389264,12302.779876363822,771.2327765041238,5881.075826370314,1060.185244239637,2985.9911794646227,4652.317268636794,1248.3377577492738,6738.057041284894,11228.110206110223,4365.501580823408,1650.3550546021427,1250.8924883076077
1915,12,19,1,15932.15604804732,10493.708845199033,5828.453529652025,12302.779876363822,653.566556281009,8590.532754714264,586.3565447026323,2531.283684205008,4854.267789653594,1192.3015768210967,7959.416641604516,29136.024884777733,15091.796728686642,9264.02587046996,1104.8994443517263
1915,12,20,1,10116.608580741506,12027.099396081308,5240.61319071854,12302.779876363822,570.373078356319,6594.227148905019,443.55412677881884,2254.2133149866013,4177.7006532826745,1584.45392268601,8459.894005245049,13869.040469005784,7161.091147074001,4594.893796931181,1034.3657346964799
1915,12,21,1,14996.62016543212,11243.325417936465,11871.578300910727,12302.779876363822,5155.090521003903,4210.883680172991,11528.879416969525,6300.674548738734,13445.826220144741,10096.478479472644,7959.416641604516,7523.093209235215,3138.30255085645,1973.654746760701,1155.6225696182219
1915,12,22,1,45985.495043748364,10005.350265177507,13269.042821763222,12302.779876363822,4974.400060164266,3528.9141388603207,10981.482930432869,5482.527662814825,13294.527784203834,8650.916576601661,13264.476696193393,6312.960571017224,2717.9941735095717,1820.2535980822827,1883.163579148675
1915,12,23,1,26211.03102384666,11621.82639678156,9315.083055419442,12302.779876363822,2163.011922154924,3114.9160281732134,3797.0718106380555,3641.016741271002,7448.597419850222,3460.3161703247233,11052.147561735925,5142.465163639342,2091.7790677128614,1353.0326035119392,1481.0380536341174
1915,12,24,1,14203.317789595545,9823.485160707718,6713.487451186303,12302.779876363822,1301.8410007546006,2786.020194236916,2619.258634878101,2510.9615615118582,5590.038661827406,2301.621163965492,8972.183121750006,4276.298562180345,1537.4538110732367,891.8319268953677,1159.34380955411
1915,12,25,1,21625.502896852897,10312.766913848518,5623.804589987413,35838.994536945705,975.8025040834686,2746.2994021570344,2140.502408299418,1876.2581223986288,5281.302143269745,1825.4019316294489,8047.2132788756235,3988.3300897969493,1362.4838078338041,759.7173421066055,1215.023441125139
1915,12,26,1,23709.924922251234,12358.518545850586,7247.013379592556,35838.994536945705,948.8793478600337,3140.4371168042017,2284.97289957976,3213.889269666376,5957.869279640331,2976.275589007323,7831.313919816289,4148.0761107355975,1743.3605395230677,1105.3623861793678,1104.8994443517263
1915,12,27,1,16805.58997699828,17339.037523581064,23153.942237622243,35838.994536945705,3563.1085652093543,2618.6939590020943,3607.2565666200567,4553.9699585089365,9906.648821152005,4249.263211127019,14194.804447583434,3414.787340182044,1208.789142669464,703.0844942798923,2478.2531522907666
1915,12,28,1,50934.62009300086,40165.41606729674,20401.850454220814,35838.994536945705,2820.3625234171536,2777.4811833791955,2750.3078462783055,3333.916806822985,6636.958056610368,2755.5117064673473,0.0,3640.9057711524442,1146.725507462438,640.5667548746496,2309.9481095495094
1915,12,29,1,30388.88987436922,80994.59360725133,15945.159090439061,35838.994536945705,2345.922849487106,6819.695413126201,2555.411689162938,4514.414398266913,9869.372394905417,4280.674757842704,12798.095114017504,9608.83621867705,6144.109700709226,4623.210220844538,1596.1185567120633
1915,12,30,1,40892.13319888982,106164.90870044878,33497.92774246028,35838.994536945705,5235.212353613721,3604.0382456200737,5048.702025738204,10247.248920503362,25991.53638298901,15174.67853183953,21189.310473741072,5071.437374146514,2691.241513594038,1918.1299329131948,1886.8693782549906
1915,12,31,1,112184.174360703,174479.71951639082,44924.1602070561,35838.994536945705,6408.173778357335,3017.053207106972,5630.035177114429,11385.832133892667,23134.407947755935,9243.699138918744,16246.639867861279,4062.949172017227,1789.8924171962055,1107.7138805130237,2228.4205292124657
1916,1,1,1,4454.628922665696,16493.99561607399,706.154271988581,3492.879980550882,585.3261910351843,422.3503026656864,15.842699624222195,214.2449550854671,0.0,539.619711800844,610.4504967677906,962.3244279384452,183.01071978056183,215.04412340603972,937.686730640898
1916,1,2,1,4857.628730709561,48206.40205880864,813.3309154153518,3492.879980550882,342.01451493445853,405.38916433067357,20.935084326103816,284.4894135221708,0.0,432.18250589449235,407.55527046424453,747.3239408355879,166.86402291600197,165.64340224808606,1089.2946139537048
1916,1,3,1,4853.8286841637,32387.9224591365,861.3312467490998,1700.2954129490683,215.02815876396332,439.30524854421105,12.448188995473444,284.4894135221708,1589.2247910638425,459.0385186112548,482.02404767104235,738.2012137452014,180.3205300103595,261.5428781414695,1061.3125235389325
1916,1,4,1,4195.6411350012095,20197.92889042452,891.5483227995002,1700.2954129490683,161.13697358385414,260.194636933417,19.23782901174396,982.8564492124088,2485.354857080571,417.5343696416838,541.250027682537,640.7482980028063,205.0825040315689,204.66854200839924,671.3408085576651
1916,1,5,1,4637.615779412807,17400.239830286348,767.2824047834283,1700.2954129490683,139.7937202366169,577.6137643209742,13.013734514007224,643.3394229466998,2197.920779625629,452.3294485718097,724.2289576507263,758.9122698422922,206.6943945963649,152.35744293104386,580.5136954080847
1916,1,6,1,5080.564794733703,17912.579250518622,717.3374817134246,1700.2954129490683,147.26350589370662,467.92058999952525,13.579898791314019,396.2939974320837,1022.2839668683704,401.0511054075181,735.9290464069984,789.3624535087932,198.62382528574494,127.86316402555093,511.9518398569628
1916,1,7,1,4729.596393241096,17952.934752797308,656.1876620218701,1700.2954129490683,140.8598238606428,406.4480743910165,9.053059607951681,312.58848318982723,119.49084270798366,401.66281473463715,815.6726680977612,731.4824485232859,191.6259969372114,115.8263119947257,478.7231074894192
1916,1,8,1,3975.6281837046263,17234.43135353291,558.8785565876127,1700.2954129490683,135.52930574050734,396.9116913914215,13.013734514007224,338.340068209093,717.6284468269747,385.179550500442,565.2973050759948,700.4158643776497,174.9401504699419,109.59759855739028,502.08356575781573
1916,1,9,1,4894.654825259033,15442.997969775495,660.1346772188609,1700.2954129490683,129.12562370744953,308.9478469047727,17.54057369736958,370.5359809480088,712.9813908909538,418.7512107763004,699.586871275778,425.7416468951868,172.7835520591163,102.12398358227681,417.9710075007985
1916,1,10,1,4746.647884151969,13516.461382737636,600.9583651258381,1680.3092265911882,123.78804529841156,282.9766843720923,18.671664734437147,290.34204648110824,712.9813908909538,609.8150014685345,690.1745093712913,560.9552559860284,184.08901898598108,94.65457435560226,383.1826176347337
1916,1,11,1,4980.984087813862,11996.111699069059,650.2671392263475,1680.3092265911882,118.45046688937963,291.46034976783255,4.526529803975841,324.2937491076693,712.9813908909538,496.2804348498863,574.0887125493081,560.9552559860284,191.08684733451466,88.84223001367354,343.2049261651093
1916,1,12,1,4777.0482565190205,12667.241247832213,681.1709670052255,1680.3092265911882,114.71557406083475,295.6959900092247,26.59363330531581,270.43666295597075,712.9813908909538,435.23447501049554,686.7102372814236,586.5358758677964,171.71081109702993,82.19714748093453,464.703392107439
1916,1,13,1,4484.9318579417495,8380.521882967261,831.1141706986269,1680.3092265911882,112.04678485631575,300.46418150903247,131.26967369467468,313.7590097816016,714.9632235695244,396.77571763727684,726.5820481268336,623.6740047322896,166.32487331329236,80.12371350078202,319.8387338617771
1916,1,14,1,4711.570531420925,10408.210413759896,674.5998373090704,1680.3092265911882,112.04678485631575,199.24848012683566,95.05991029795238,173.2700929081942,416.2190320349677,371.7482553822501,704.2930522279926,634.0295327808351,160.40534417017804,80.12371350078202,335.9341698851858
1916,1,15,1,4360.699567019146,10178.3595094777,406.9907611579558,1680.3092265911882,112.04678485631575,248.53424135662746,44.69975252121302,0.0,416.2190320349677,302.7698068491467,728.3468659839284,568.2657656678623,154.4858150270637,62.68668047499585,431.9907228827787
1916,1,16,1,4373.951011384159,9465.997164908264,504.3070955577823,1680.3092265911882,111.51726318875711,206.14068420381744,40.17291333785983,385.17399481011245,416.8819208964204,336.34804464465594,825.0850300022479,577.4008207678294,143.18034810019893,52.72326242432315,385.2583382761622
1916,1,17,1,4209.866950275521,7800.718590447451,605.5559872234614,1391.6851824224425,109.38505594069932,235.81493571949503,59.410742349595346,295.02415284823854,117.49534221783792,326.58042796955675,606.3456611594297,620.0372419057713,147.48798667853012,55.62943459528595,253.3812691266897
1916,1,18,1,4303.796305922071,7816.0712271839475,862.6324605502921,1391.6851824224425,107.24578840374501,252.24352279607177,263.1024178728073,208.97758542243324,717.6284468269747,344.28053333836857,664.4212413826399,539.0298909451774,186.24005915347382,53.13963151972985,387.33979295250236
1916,1,19,1,3918.7249226075496,7759.924441405331,1537.8901337255638,1391.6851824224425,106.71626673618637,211.96778576396807,811.3783790517914,234.14390714582808,116.16956449486806,364.42747601565645,666.1860592397347,539.0298909451774,175.47930007265154,48.57218871557918,394.0887520545829
1916,1,20,1,3886.4732455130666,6861.400410237384,4795.189726446311,1391.6851824224425,104.57699919923206,235.28857691756767,1546.4019255138182,283.9041502262999,116.83245335638519,343.66882401122007,520.1441133841989,576.7905842935681,174.40100086724516,48.988557810985874,306.8568788004992
1916,1,21,1,4110.286243355511,7643.507590266746,2535.342802012919,1391.6851824224425,99.77600274666132,280.85886425138597,1048.486740870352,497.5638420158961,725.555777541322,363.81576668853745,687.2985099004935,578.6212937164078,167.94232212142123,45.66601654461638,361.89788000776554
1916,1,22,1,4183.364061545328,7699.566646693037,2879.8753007125592,1391.6851824224425,95.51158825055178,199.24848012683566,1728.007625393105,909.0875480707634,1931.0567585934068,363.81576668853745,621.5884583547905,690.06033632916,165.252132351206,45.66601654461638,361.89788000776554
1916,1,23,1,3755.615232408042,5926.205509607945,2136.2316133178797,1391.6851824224425,94.43842433762336,210.3825169016978,604.861450971022,718.8448195816608,1931.0567585934068,344.89224266548763,758.218042305782,445.2322300436434,165.252132351206,44.42111500683521,267.39525047375827
1916,1,24,1,5178.196759835284,5162.7846817208,1356.4430981116357,1788.1758500228107,96.57769187457767,194.4802886270279,295.92138319340114,503.4164749748009,1931.0567585934068,350.99618089746457,1017.3848128008616,526.2395810042375,157.71515439997566,39.85409277753061,313.08977475969647
1916,1,25,1,4402.402641932781,4946.8827445303,1173.6225590408244,1788.1758500228107,94.97500629409058,124.53030007926715,266.4994035366365,424.97833039561095,1026.2476322255761,407.7667529666141,898.3576528837012,669.9656807111486,156.63685519455643,42.34347527824376,295.9564784155615
1916,1,26,1,4481.13181139589,6352.131517352407,1484.612657531357,1788.1758500228107,125.92025254646934,142.01779721620733,287.4320128276682,1141.4563709345516,1645.6045138171,377.2470618067294,708.9338695559428,707.7510300787003,159.32704496477166,41.929629631901044,228.97721650265515
1916,1,27,1,4867.17756561971,6432.930251262467,1346.539415291277,1788.1758500228107,201.69127303027696,120.82101863980233,203.69538807584058,1051.287234578348,2580.2778084797565,405.93162498522753,567.0555865706689,630.3927699542609,170.63251189162355,54.8009021529146,339.04775084734064
1916,1,28,1,4703.970438329205,4883.980798587552,1240.7073594590397,1788.1758500228107,151.53498067871269,102.27461144251923,153.33461154032295,565.4608158042419,1378.7404927848775,427.9071181242511,703.1165069899677,587.7563488163748,174.9401504699419,66.42138508833312,174.4580124732318
1916,1,29,1,4780.848303064881,5110.9366342281855,990.874309625631,1788.1758500228107,128.58904175098232,89.55530580538678,131.83274417811208,504.00173827070444,1054.1299678417026,371.7482553822501,798.0898531511921,607.8510044343304,174.9401504699419,52.72326242432315,361.3760828299466
1916,1,30,1,4685.944576509032,4962.14765191411,1041.4770685618362,1788.1758500228107,126.45683450293055,129.83104283749046,138.62671550579105,451.31517871078023,442.77558992825305,407.15504363949503,605.1691159214049,374.5804071315949,159.8661945674684,52.72326242432315,233.1286577855123
1916,1,31,1,4725.796346695236,4525.2554750722,1103.935331020152,1984.804654044128,116.85484159778906,94.85604856361009,92.79525318873972,563.1197626206604,442.77558992825305,440.7267039153535,1034.44471875274,562.7798014040499,165.252132351206,44.83748410224191,625.124487093932
1916,2,1,1,3418.77520909858,17866.082693545337,1991.7968813829289,1568.7196860928295,346.9567171650441,132.82199932372978,101.43931324773057,520.8843333445459,690.7028580211639,441.6607117051592,482.5992475652134,580.8773194698574,130.39083020507846,38.33749989062863,697.7747095437394
1916,2,2,1,2804.8240992138008,18252.969139303226,3290.625123963002,1568.7196860928295,944.6666549323114,118.05918304383138,90.94516445742786,1485.5397372011853,638.8540148054756,458.23606121437825,796.7172170401439,765.877595255873,372.8358458798783,35.44394496497949,596.7410142346761
1916,2,3,1,3400.7493472785777,16270.285766486391,2712.452458289492,1568.7196860928295,683.6054125348726,122.98218595594656,73.95404855049891,633.1970029728482,459.11545866798934,312.28747777765983,868.5518401861697,793.9854571019168,240.95540646319841,32.91250497988022,600.1240948381078
1916,2,4,1,3376.0003261849865,19994.396791976265,1632.4450032805598,1568.7196860928295,399.85946189903734,136.64274498006418,64.4622889724811,633.1970029728482,558.0772483880431,261.29854547780053,817.1106678331889,767.4802365015017,198.81280555885675,31.827421882762568,618.1863048394328
1916,2,5,1,5074.523695096759,17600.2627546235,1468.9258022611418,1568.7196860928295,283.74595063582916,101.66155824969559,71.95545771365046,158.4519980319563,839.4769870319064,253.01744824282713,933.0003737821487,744.8583389192703,162.61752501426804,27.125395128581918,579.7682708683296
1916,2,6,1,7025.798877854249,16019.379817536897,1723.4576797100679,1308.899263439886,225.3503011369901,120.2451201859489,72.45665231979288,356.361032550761,1108.732875090079,257.4770065631751,1082.8791643862219,801.7521031382839,161.62815770208468,26.402006397171196,579.7682708683296
1916,2,7,1,5819.625129359556,14886.793873153438,1522.9984646672171,1308.899263439886,191.68684365778657,144.8415573771423,40.976062225219685,448.03513166786854,1084.5408485995292,242.1842733849931,866.068022461361,735.4890516372742,214.18134835766367,24.955649509189577,538.007294538272
1916,2,8,1,5224.674252203909,13547.16665621063,1489.3837748024916,1308.899263439886,171.7627083796183,177.63680696539336,64.4622889724811,386.71754635970825,1151.8548206140886,196.93093821692682,886.5268368787854,735.4890516372742,71.89031918974648,26.763700762874993,655.4575318263212
1916,2,9,1,5200.899602019617,12574.248133886005,1264.562945814642,1308.899263439886,157.3314778663019,192.9445594167042,64.96348357862354,398.86015188330026,1155.8868250291694,205.85663237724413,1040.7849903134056,738.8176142242808,193.3601688552019,40.50724551002098,578.1054007412317
1916,2,10,1,4263.749661554041,11898.7321174838,1249.382118133824,1308.899263439886,148.4002124067399,250.88118236756114,48.971663090088036,386.11298866944253,1095.2700806871414,222.42540436684172,996.2069985157809,731.6057286190907,122.95390063372402,73.78144485560813,531.7973347187452
1916,2,11,1,3788.5489691388316,11180.228718219767,1396.419277671159,1308.899263439886,143.5921556652666,588.6672991614281,57.96594061461259,365.46798669347135,1473.5951051261877,182.9142438501899,1042.6151717948226,734.3795307749201,208.23402799791072,90.41938567808916,480.9880512832422
1916,2,12,1,3690.6246927645957,10977.573913299106,1261.9605182122577,1308.899263439886,139.46894694717793,695.784411581675,49.471001419916135,482.636412238229,818.5652353198117,196.93093821692682,884.696655397311,838.7361318830492,196.33382903507194,352.26928345556894,496.23485013834323
1916,2,13,1,3930.1250622451303,10453.829677205225,1503.2633886821175,2037.61129348978,139.46894694717793,439.44767504356264,49.471001419916135,203.98033728056808,2227.5799307467655,203.942574160106,1216.0902307844628,877.939202352467,164.60181788196758,794.2555926000077,495.10524525888746
1916,2,14,1,3718.1993894947473,8767.320599372102,1341.0454014638917,2037.61129348978,136.03058625246786,311.0037424605356,54.968054359370676,344.2184270272017,1867.4330957045531,205.2186129715511,998.6254526162102,845.886377440337,198.3181219027715,274.50920057718776,479.29651098153846
1916,2,15,1,3729.5995291324975,9301.943275210378,1279.7437734955327,2037.61129348978,127.09932079290587,297.33699097992974,31.48182761210926,280.476179493202,1488.424680686756,305.2758418344807,1183.2776913674322,904.444422952882,178.4863097124931,193.13217404174986,467.4385267647807
1916,2,16,1,3640.2497167591127,8747.230577585808,1129.38128979949,2037.61129348978,120.92156800467541,283.67643195581223,205.87960654457393,339.97366026578857,1413.73009042085,539.1724404648791,1408.7821953290659,807.2380674020964,162.1228413581828,256.42868804032105,493.97564037945574
1916,2,17,1,4181.999942272546,9594.082019966152,1437.335222753859,2037.61129348978,116.7983592865807,262.35580424956123,395.26929178836133,314.4729023732967,2008.8266064640134,1033.7229876477338,1494.866088580494,880.1582440771751,166.09142709356905,143.94594605415637,559.4583191779403
1916,2,18,1,4132.599337176192,8417.455940487538,1574.4686994708354,2037.61129348978,116.7983592865807,262.35580424956123,1306.7566527259187,337.54256657514,1622.3692341369301,682.5492137198136,1147.3276979822008,770.8087990885083,155.68083734233173,115.010396797668,486.06840622331345
1916,2,19,1,3910.15045860653,8438.423255801788,1442.6123676143181,2037.61129348978,144.96891200093236,237.76555951485597,1912.3977397509514,473.5294580955513,1573.2334515192692,541.0864986820171,1173.9960567115895,791.2732949939339,186.4179229399327,105.97224340345255,474.21615604146723
1916,2,20,1,4201.000175001847,7550.602205673226,1474.9258436778512,2590.366506388588,179.31721750351448,231.20155563201521,693.0717016517423,420.714269239803,1594.1452032313641,466.5171584493516,653.583952467567,764.2133139623976,86.7641783324553,133.09511508297362,477.03730122262687
1916,2,21,1,4496.624308852154,7429.0093227210455,1660.1319413841936,2590.366506388588,201.98780516411173,226.28474517636772,409.25942764617747,553.060951689067,990.2329487213484,423.8159009041166,1253.282133032041,692.9574185807942,589.5072872479797,104.16377157492106,458.4074217641182
1916,2,22,1,3968.1255277037335,6363.624062566699,2028.0862885057293,2590.366506388588,282.376254589066,466.7811780047537,304.32412733093344,472.31391125024334,1571.2516188406341,476.0808720154209,1173.9960567115895,695.7312207366795,508.6848710319445,267.9987019944787,439.21560688331346
1916,2,23,1,4003.300317525775,6794.813831477805,2512.6438501472735,2590.366506388588,415.6603884591169,468.9671151468712,245.8576108689362,1244.5527515187468,3020.5863584184613,409.1611871316571,770.7024945540898,699.059783323686,832.9583449649615,186.98336982474774,392.3570735084259
1916,2,24,1,5399.57383040482,6817.535733847602,3901.1835553555893,2590.366506388588,823.0884800598556,406.65861791177923,218.87354077784698,900.9195877874159,3327.5654064278674,2216.624120878645,1155.3674237756393,696.8407415990337,695.6141523579611,124.05275594031926,318.967160553775
1916,2,25,1,5216.099788203059,7949.507572761528,2592.4516299551583,2590.366506388588,500.16498631326334,581.0134229357625,842.0069383159306,588.8777791047353,1883.561113364941,3709.852631032581,592.2532637524688,670.8902814297957,534.4640035819759,108.86579832910171,541.3961091766154
1916,2,26,1,5653.300015159666,8884.35155598022,1834.2054321246026,2590.366506388588,374.4353615671147,800.1892280578975,773.0772110022987,481.42086539292103,1889.6432895164678,1832.299647932228,1102.0960699412417,690.7383768561418,256.3239492620054,284.6366428169598,491.7164306205442
1916,2,27,1,6560.049583258191,26245.990471043428,1994.3993089853861,2452.0307459112273,308.4781426554708,795.2971874282233,731.0634903147192,477.780656321741,1728.089756681603,1113.3767505671387,1354.8572052512764,1008.8010240610112,397.62561111772635,324.0613286789302,495.66718068115955
1916,2,28,1,6838.524789106628,33357.33180735003,1747.8192936549942,2452.0307459112273,274.1298371528886,486.4546122838319,451.7372174135101,453.49544527458966,1667.473012339575,829.8198786054742,925.5489206077802,4894.404724032575,310.36674912917294,198.19589516163742,470.82734140312397
1916,2,29,1,6838.524789106628,33357.33180735003,1747.8192936549942,2452.0307459112273,274.1298371528886,486.4546122838319,451.7372174135101,453.49544527458966,1667.473012339575,829.8198786054742,925.5489206077802,4894.404724032575,310.36674912917294,198.19589516163742,470.82734140312397
1916,3,1,1,19182.440089356853,15571.960118361338,3500.771152859285,5554.102405963563,394.67720984581933,561.5257623515147,264.4513119979767,1771.611291061709,1590.2498769320332,863.2336784098295,1664.811511855945,1612.8118535107176,420.98690782057025,127.70334558489053,396.0211218229817
1916,3,2,1,23190.02763888314,16139.569030845,5106.179824936844,5554.102405963563,1213.16944183123,665.0698273751601,361.49743795731445,1872.2637150257026,1595.580323446934,834.1610415721948,1095.1675257615063,1394.4211637729516,419.4083667157329,171.85529269166577,422.91947963766296
1916,3,3,1,20175.324045828384,13558.571472071872,4281.427143933015,5554.102405963563,2882.1511351006507,692.564334205188,305.3883924205133,1592.3020527156666,1848.0931423237785,791.8018150485696,1406.363741228579,1320.144906043909,412.5661691803525,156.1636452678335,484.08443014061436
1916,3,4,1,16643.229499989964,13137.470578730254,4172.414343253451,5554.102405963563,3135.5449037517765,657.4531058884646,249.27934688369163,884.2620939812422,1855.4054215171855,751.0211932401236,1230.600955387211,1300.7899310008377,402.5668894353102,145.94788231085653,447.7019785664867
1916,3,5,1,13630.474648753634,13570.853581461068,3569.3017463900005,4557.732233120388,1398.2196139222287,872.1455725094745,319.18671305870276,1510.6224498822894,2613.0122172055935,819.6904983498421,2046.7965324796626,1265.2852634058406,402.03885631926636,145.58198219671067,465.10477455189846
1916,3,6,1,13020.518459596371,13073.42815120113,3073.7561570936855,4557.732233120388,925.6038749000434,2265.3863589260322,1312.6348610695543,1428.8785324010164,8704.345802528562,921.7736032638863,1979.7334539102308,1427.7067896432402,397.8312661208239,308.68090663954086,471.95694628257985
1916,3,7,1,10840.850735723274,13431.363910541575,2982.165163419236,4557.732233120388,707.5115507531146,1864.1771027282953,724.8140267072932,1374.0181377420593,4984.787560085085,665.1187866565109,2153.6660582701825,1124.0062736009047,404.1454305401476,260.1549811567836,486.72208620431496
1916,3,8,1,12173.790139504477,11994.35711201351,3393.8547521927812,4557.732233120388,580.8076061386491,1293.8518596998758,471.87781547508854,1283.7203720900318,3475.58780580192,586.9975858147586,1608.271976804703,1087.9468455747865,411.51010294825187,217.82832887228932,490.4148046934767
1916,3,9,1,9714.867713055468,13518.215969793186,3126.8890539766576,4557.732233120388,498.3928537991513,1103.7434453570625,446.12507534227956,1106.2762585330968,2716.6825680137563,675.7085932874098,1634.9403355340914,1060.7635844473896,423.61595691417534,208.340160395162,522.0552093878691
1916,3,10,1,8582.648716568725,13620.859312545448,3634.2901467951556,4557.732233120388,424.9517286526186,1070.4280294233722,302.1646592131058,1887.5062865780721,2277.3991039433063,675.7085932874098,2110.7875207053307,917.265552917745,450.45671393964017,203.59607615659837,686.5933414476776
1916,3,11,1,8582.648716568725,15872.871798395212,3286.938351526205,4557.732233120388,377.3018388608508,977.9746539791305,320.56654512251964,685.4655173214175,3629.145668864562,645.0310416560219,2437.5402787645326,920.5941155047516,482.0275360362714,197.75849732403924,595.8809089965212
1916,3,12,1,7843.296070670217,13171.685026314342,3186.9617577994422,5283.211203612379,341.9792134899518,1163.9960470363915,275.4899685085324,1541.686424818155,3369.2522317363714,618.2473816553897,2228.834226257432,897.2941773955943,479.92096181539017,178.4204660040777,606.4315332512757
1916,3,13,1,8665.76255512334,16389.597686266537,3321.131358635946,5283.211203612379,313.3850434415557,1480.4305738415258,320.56654512251964,1527.6658315758702,4649.242785880672,781.7382099893872,1510.7494492943479,1056.3871410459312,497.29047221185664,175.86757670194083,904.3719877495363
1916,3,14,1,8363.61013618127,21122.59626872067,3172.2869577079487,5283.211203612379,295.44484934452174,2434.4404211917918,315.04721686723155,1940.5658710958178,7941.681916556818,802.9178232511852,2115.7551561548903,983.7751646103643,492.5548488973704,175.50167658779813,721.9149965614087
1916,3,15,1,8061.45771723937,31201.821609557563,3111.491357328986,5283.211203612379,285.35569650522484,1710.9138045203358,1224.3379841606131,1458.7848436746608,4199.981819359301,586.4450741644386,2011.4348117135012,1012.006306552213,489.3977666877085,186.08333965892092,809.9897729488886
1916,3,16,1,7941.512658317277,25837.171687091006,2777.4408586946474,5283.211203612379,275.8243064890908,1655.92479086026,961.6748850166327,1514.2883848126082,3415.107739575706,826.9257699610038,1994.636360258968,1155.0112176985826,519.9180807955591,194.83970790775965,943.3634252127346
1916,3,17,1,7864.050171036121,29299.8492412981,2711.0066651770644,5283.211203612379,277.5046552474878,1221.8955152482988,916.6292463412931,1799.0736457151518,3235.034322054568,917.8928666724324,2029.4098084061168,1197.6661308508674,490.97630779253296,180.24576082636176,644.3908444286834
1916,3,18,1,8372.087163091292,33274.86621573747,2718.741658328745,5283.211203612379,283.6753477468217,1070.4280294233722,932.7169744396213,1620.343239200204,3176.5360885069254,893.3587183908974,2359.3000204334617,1290.2494828085853,509.39076793446014,194.47801354205274,1744.9241668276861
1916,3,19,1,8264.419177625081,36871.76967969705,2785.10356219071,10323.257139870244,296.56743527975595,1058.7242866511242,4374.315145814672,1653.915485404167,2914.7291577580386,1084.172563336575,2282.2363073404736,1499.764005647574,557.2694759521244,223.30000759070575,755.1150587543464
1916,3,20,1,8289.947695446146,26653.931961468254,4264.005336927901,10323.257139870244,319.5557359408896,936.485195474356,2968.8045929158775,1525.8650214346587,2646.224999336621,1109.8248899580226,2469.829909186873,1661.014370974717,619.3550539132862,466.6698467296616,852.1349296186709
1916,3,21,1,8043.529292510195,21218.22126325038,4784.6354367253925,10323.257139870244,344.78214818358913,1037.0506889247383,1926.1341845118254,1691.732498369543,2865.5250360824384,1184.61128833899,1317.534575754997,1929.2718594699581,630.4159581337618,278.76121224845656,785.7348052327955
1916,3,22,1,7619.483072827774,21870.92764792974,10047.53923505315,10323.257139870244,444.5722715080495,1173.9659019905293,1538.419937341949,1667.9360786464517,2873.5207058547244,1211.973770068546,2304.002394244624,1902.0885983425612,603.069400965546,448.79541586628034,988.7196414383129
1916,3,23,1,8139.797138338825,30914.069332440842,18073.136802328514,10323.257139870244,448.497792136915,975.0641994272994,2769.6261438830193,1534.9977014365077,2591.758770204059,1454.0922682570892,2036.272988961473,2102.726954282885,691.4454698628101,550.9530454360654,1525.5399907479411
1916,3,24,1,8875.44717478247,33205.560027041334,11568.513589362925,10323.257139870244,381.2202992008198,933.5128163575813,2696.9838639313007,1789.9409657133026,2598.387658818715,8563.930579774522,1859.8565668767128,2895.29469028288,686.2207211355457,710.771486096909,1115.2697921461076
1916,3,25,1,8823.51320532221,38802.69273437395,6907.204305130501,10323.257139870244,353.75577537655437,886.1405241842212,2455.0491836832625,1791.098629375524,2622.9897196565153,6082.035091551541,2241.8415875004303,5091.714517385837,737.2453948762318,504.6056976444213,984.5337959459382
1916,3,26,1,8671.41390639663,29537.59578733044,5071.191631615308,7693.01623226753,335.8155812795204,832.3280772578664,1964.8066078251495,1727.6843865458122,2329.268448876357,2994.6789198660167,2746.2526765067964,3190.119039426494,788.270068616905,404.2775686453561,895.942956415575
1916,3,27,1,7748.879529569188,21859.522832068502,4501.6214349609645,7693.01623226753,330.20971189225787,826.507168154204,1240.8588434000471,1527.6658315758702,2036.8456201959546,2438.9442849311617,2220.1408642206015,2929.0734365364433,771.9844156691777,362.3168164750076,885.3923321608204
1916,3,28,1,7671.4170422880325,20018.961010754658,8379.81687982851,7693.01623226753,329.6448887801865,818.8904466675085,918.4855226603262,1669.7368887876305,2666.8633948172155,2198.470166654247,3191.0521401180995,3426.81682339288,751.4744977930222,329.8442327817896,957.6411721661684
1916,3,29,1,8129.468806701373,17394.9760691197,8546.083087761548,7693.01623226753,335.8155812795204,737.0261718267371,690.3491630504773,1511.8444281924064,2389.7485151025708,1828.4846865372533,4494.925718386764,2623.1538787694553,746.6944085319116,319.62846982480954,865.3232099371261
1916,3,30,1,7643.160285921236,17571.312068206422,7428.485011828624,7693.01623226753,334.69299534428615,760.9909784556219,491.19546436854563,1215.4182160199166,2270.7702153287146,1457.4468032768266,3343.2186575739584,2367.101119759942,749.3623653288081,361.22332188101217,917.5602680679675
1916,3,31,1,8823.51320532221,18264.37395516447,6636.696413788888,7693.01623226753,316.1879781351869,737.583492911126,390.0098422177571,1447.1438924046818,2399.7260175534925,1828.4846865372533,3068.0377991164387,2531.741687721994,718.8476094642904,441.8559309428478,835.2768669507724
1916,4,1,1,13355.702052360059,18581.076918698272,11134.775655624366,6396.3634065469005,382.56175409197874,1921.2096270311374,3520.0567837930685,2531.295912060107,5679.112388174015,2352.8445527581694,3784.684576344095,3045.5114870344955,871.810465819794,253.69915730377124,1622.215819516994
1916,4,2,1,11885.37635038224,16903.691693554363,11261.282552964807,8174.350220387254,308.57698670008233,1700.7581758713882,1805.3524720197117,2721.7958991407927,4334.5414243304795,2670.0125501135685,3275.0443973907663,3317.467378404269,917.2213138003264,258.03948969224496,1703.6391153960585
1916,4,3,1,13635.346503299623,15187.705553187312,9971.635096648914,8174.350220387254,314.8818246885346,3038.266853848712,6610.199972096776,2790.612572394107,12024.257234473584,2918.1165911804615,3702.653227801547,3627.023698997831,974.7491322334478,262.37982208071867,1648.0189766617614
1916,4,4,1,12285.842794062026,14213.909737334734,9750.428750442243,8174.350220387254,300.5423779309273,6699.618680048344,17465.70388583502,2309.5390060998684,19672.081202134555,2763.0844531118637,4487.147447090729,3804.793597164258,975.8607808988256,255.27631296818686,1658.1108781228445
1916,4,5,1,10994.801339376285,13848.078336244142,9474.282265962083,8174.350220387254,562.0907802625215,4783.239169081917,10595.625229072824,2301.8855629997197,12450.009565083285,2835.4371692236273,4629.31333002303,4058.5656744011603,987.8665864848604,252.12200163935563,1729.4422725408256
1916,4,6,1,11301.728175773344,13466.45565165362,9060.062539241771,8174.350220387254,477.7768102087018,3049.475200101494,4725.893880640604,2726.233609845926,7319.796489823658,2982.0500821446717,4688.140591926058,4292.859496499187,1068.4055322912277,254.4898380101985,1773.6516817821894
1916,4,7,1,11211.111681218004,12622.499277914476,8393.551914396901,8174.350220387254,382.56175409197874,2554.202529771272,2868.008788792084,5313.611894875107,5621.980935784002,4090.6252433698523,6160.064048364434,6302.078498105762,1219.534168348865,283.68614366987214,1580.1280031964238
1916,4,8,1,10463.769193864126,11645.194287951164,7527.521840032284,8174.350220387254,350.44449988206,2460.1391156387867,2393.482685768489,6574.886454847957,5813.466975971568,3855.4789160066125,8520.802068533381,8231.411997623678,2442.3477002606123,600.4967620409269,1367.796690069578
1916,4,9,1,10383.870779309891,11537.287184032259,6668.5038622630245,8503.534466282395,342.41695140180747,2244.7035542385784,1758.574308779949,4213.895730427834,5047.3177980478085,2777.291895548358,5730.559672847915,5282.490465660833,1429.8025134044196,411.91520780956887,1246.0631286954892
1916,4,10,1,9683.882718142939,11260.062429248821,6644.937434529967,8503.534466282395,351.01638328302795,2302.9126452751416,1879.8510282904635,3513.059012258223,5068.639584107218,2458.1506422990224,4427.666548944309,4575.787316396529,1187.2407746197453,350.75941976616673,1210.1680700896388
1916,4,11,1,9513.854994488187,10440.670274288435,6448.526440202,8503.534466282395,383.14069778184927,2324.152771046984,2130.015200219592,3092.5698442860553,5042.2607077644725,2190.0509415066936,4271.774304901238,4271.408759827212,1119.3190411653723,310.9099533119149,1105.1205503358367
1916,4,12,1,10089.610764732537,11300.417931527509,6382.815143240595,8503.534466282395,558.645359278915,2731.6164083029057,1950.513280168539,2689.2526873032593,5341.244086001591,2245.565207323351,4279.94475794332,3955.9966346823667,1073.2967864188802,282.10898800545647,1085.3954702073897
1916,4,13,1,9849.915521070174,8994.890540482269,6356.4294189381535,8503.534466282395,733.5640167972136,2137.8217551650673,1644.9701980547677,4801.345724349212,4662.36388499417,2829.583176738236,4264.2574881025475,4070.215643455767,1090.3050109991088,280.92296694581404,1090.2120595410715
1916,4,14,1,10930.492859369313,10562.614074652087,6136.451996877129,8503.534466282395,571.2691558336126,2375.1166879864513,1492.2605328751974,3759.641372307983,4936.8135414513645,2379.351956933642,4740.75830951712,3656.179441658271,1021.8274532120533,262.7751624339339,1054.7757237289409
1916,4,15,1,10166.58606655904,9265.974240570742,6029.318727243699,8503.534466282395,492.6881403672711,2591.1095704710488,1420.6082669603006,3356.324215325187,4986.42769747428,2230.1080361540144,4131.569330698996,3372.635221281849,886.0395687365844,258.43483004546016,1183.0460849130454
1916,4,16,1,9848.941150160876,9698.479949773962,6207.151280076522,9982.316313764597,449.66980009445507,2829.5191454612104,2593.032390065137,3223.8360406505467,6231.0869586931685,2306.999240821878,3847.302928458658,3664.6241282216756,1075.520083749623,250.14950562172478,1451.4562595678358
1916,4,17,1,10106.175070188929,10690.698929709975,7786.318807162948,9982.316313764597,435.9092970267242,2777.502510917909,2761.087272815455,4275.058960581031,7186.535326952234,3095.117644868432,4094.6388829487637,4272.086800354193,1037.1682047942218,247.78166925088192,1678.2373406957508
1916,4,18,1,9459.485097755018,11128.468400079839,8099.333016010922,9982.316313764597,438.19683063059585,2405.3358756735206,1661.243553785022,7302.928269079362,5586.786320974405,6453.2045252048965,7317.457744494571,7074.4282983919975,1507.562337547362,314.0684703891882,2024.9744323722332
1916,4,19,1,9525.54744539859,14552.545039063793,8035.718119062578,9982.316313764597,461.1427695583202,2236.2818134077606,1296.4852570939106,5920.742171053955,4698.173551324708,4427.854675647166,8627.344776202233,6493.162646620326,1585.3221616902913,355.09975215464044,1991.7170298300837
1916,4,20,1,10127.61123019114,16770.343077329468,9069.460194472733,9982.316313764597,627.4761157731975,2182.5932156112726,1088.3966817296773,4677.089824605814,4797.401863370539,3681.0430949808047,6075.548882097077,5114.398055015914,1279.7855260121605,302.6246288881826,2068.323736375442
1916,4,21,1,11829.837208557943,14706.948699955623,8670.42129543331,9982.316313764597,856.3424407828078,2208.3538346231903,921.3318130162016,4092.855563079452,4501.562081795996,3667.493404508956,5461.980540448406,5074.825144259027,1203.0817681013318,280.13649198782565,1959.7784553197844
1916,4,22,1,12782.77195775244,14697.298471149927,7583.184874862022,9982.316313764597,798.942292018987,2261.4851113352897,762.8058153702907,3935.4776196674266,5056.748588035601,4009.2613253423688,5881.484281441426,5333.096944993248,1402.9561981356348,282.10898800545647,1891.4860994099633
1916,4,23,1,14426.53568156739,15599.156217723235,7606.317564661446,7934.222069587042,656.1550092884063,2168.0409428521366,759.9595250144357,4027.254622221154,4600.790393841762,4079.7065607566456,6131.304053656283,5565.418285558176,1389.8387438842224,288.02647605834585,1854.67359521677
1916,4,24,1,16246.660539946863,15939.546106507478,8631.384881396818,7934.222069587042,589.04696328593,2115.962383743892,696.969881921714,4134.917342806274,4238.456708947354,3894.2862819211214,6444.330450604831,5669.28176628303,1416.1292348203247,279.34581128139837,1795.154312736158
1916,4,25,1,14297.918721553448,15418.433750997463,7823.18653153069,7934.222069587042,595.9307449642466,2069.5189600444996,640.6009577002494,3502.8972978899765,4600.175342320822,3312.833545168369,5607.87214996792,5205.2554856321985,1210.7521438924095,269.08799084003533,1815.2807753090883
1916,4,26,1,13393.70251781883,15864.09886311711,7338.845838855998,7934.222069587042,662.4598472768586,2098.0661844784026,609.11232374162,3521.9987483163845,6457.220901227267,3517.6575069611326,5068.81834006305,5330.5080629811255,1303.85271961752,257.64414933903294,1818.3198138172486
1916,4,27,1,13285.54734689797,14224.437259668384,7167.663934340518,7934.222069587042,738.1532045827562,2282.2298405876872,583.3348332579055,3569.141385227297,5978.027427353259,3898.758995280742,5213.402677095895,5790.589380565872,1362.4366042827419,272.2423021688697,1795.5556951806416
1916,4,28,1,13580.781732384627,14596.409715453574,7346.074804418283,7934.222069587042,1153.4393977301283,2461.2537578075644,536.5566700181224,3585.0914179065853,6480.456180907438,3779.90321526807,5458.843086480205,5694.554185925286,1335.6458714472217,272.63764252208176,2029.7910217059393
1916,4,29,1,14458.689921570878,12611.97175558119,6499.20148879375,7934.222069587042,1062.220465131284,2624.115363580083,486.9074660715788,3467.202668305323,7075.142662603285,3617.76735598124,5259.745486750615,5577.129894660685,1192.6878530800802,248.96348456208543,1892.3462046481181
1916,4,30,1,15548.036598052862,11963.651838540518,6559.201902960916,9536.545980781711,907.3883295358763,2520.5774910129257,434.3995965936966,3319.407607430417,7158.516313220293,4000.8421001948154,5222.226766381311,5620.586128435812,1343.8164891377176,245.80917323325107,1780.7045447350883
1916,5,1,1,5992.770839923694,11537.287184032259,4250.487171326364,5315.737742194919,280.29346936332,676.4020227578086,1314.9861444069882,1531.074507914606,3171.273981049964,2922.5893045400817,3123.5968798026215,3772.1860118209506,447.81099011604937,135.70267911480713,1433.050007471239
1916,5,2,1,6928.264349843665,10892.47644110268,3988.1480110701395,3875.164780396908,266.97776449633534,1404.4491326693396,1511.070799574791,1672.0522161120407,3792.065982857058,2707.8332880810644,3603.6927005557645,4136.478694956777,621.911845843641,126.1472186626664,1635.0600577401779
1916,5,3,1,6471.47926761211,10679.294113848733,4376.343461766172,3875.164780396908,251.67105815931967,1544.4605739817307,2195.727381913558,1306.7450160383416,4811.206353062852,2011.6686086929524,4386.81428373384,4785.733319570891,714.9568391354743,124.74249868422483,1493.8307776344657
1916,5,4,1,7833.844672851066,10448.565916038582,4519.838428178019,3875.164780396908,242.34441652131133,1570.5927403832684,1809.6219075535146,1330.4771211135374,5427.89801139699,1949.6425984262291,4976.590266123979,5618.92184714228,644.756225917094,138.51211907168712,1493.8307776344657
1916,5,5,1,6171.080716306812,11010.911067355237,4840.081602588278,3875.164780396908,240.3463547623719,1388.4106703518064,2581.770980396307,1624.0091741305225,5520.2240785966,2155.6505137553554,5467.20963039531,6354.472538827514,581.1143398244134,148.90452346308334,1493.8307776344657
1916,5,6,1,6442.345577427181,10209.942076478284,4410.9702068096185,3875.164780396908,254.3327870749361,1267.3481459087593,2213.79513808553,1734.8876271106583,4570.31117402606,2483.73719372399,5488.975717299461,6620.757545789711,592.5643210777656,153.68225368915213,1504.8974650321275
1916,5,7,1,6526.920972345406,8888.73802361891,4294.583861256463,3875.164780396908,284.96032032677846,1056.7427005732814,1839.8173356765278,1467.6602650848943,3387.0203867858904,2994.613144669537,5718.402038721273,6718.148821484204,593.0645629771838,150.8728137322721,1578.6371541169376
1916,5,8,1,8208.782598709959,10186.255151227844,4047.2809493698205,3875.164780396908,286.2876546401324,1400.3001868188644,1616.6310462507877,1657.9673082218928,3502.3767164919805,3256.3326514047285,5001.493806996272,5416.927410147993,556.102244853482,151.43638402302554,1592.628199324336
1916,5,9,1,6455.986770155845,8821.186421978688,3871.111058616352,2991.069948564443,269.64655370085427,1430.5193745059132,1387.3809208495068,1349.7072008357368,3133.2774648671657,3159.2484614220507,3997.9007189304443,4341.493494298503,503.8547575808894,150.03166404458398,1652.8929063446792
1916,5,10,1,6636.147951266394,9677.424905106665,4331.0901373461165,2991.069948564443,258.99257774948603,1407.421511786094,1372.345082665295,1007.4889593582429,3507.0921114858766,3045.3258211442367,3447.865820137015,3947.1204677836454,535.4144631908677,135.13910882405682,1712.1828274284196
1916,5,11,1,5957.303738828998,9510.739134825639,3895.6172518725866,2991.069948564443,247.67493464144076,1430.5193745059132,1314.9861444069882,1751.5451209168318,3096.6477298419977,3149.908383523964,3781.1549406299055,4305.434066272384,611.5735132556667,125.58785412035186,1629.2686824699172
1916,5,12,1,6126.551965756446,9246.673782959355,3754.0741061626363,2991.069948564443,235.68656408781595,1639.3909320232813,2388.7182432162854,1753.474560353835,3933.869527963833,2736.642824132841,5017.900076704758,5311.153087937998,717.1245540329528,111.54065433595176,1652.8929063446792
1916,5,13,1,5745.183191896789,10309.07624511909,3697.399016154104,2991.069948564443,231.02677341326608,1745.0342397981476,2557.6393882488146,1910.466615878486,6102.336173642016,2380.4043600771047,5576.889792032306,5400.716077548222,898.3232864889668,107.32649440063328,1696.242210347888
1916,5,14,1,5097.226537280923,10679.294113848733,3339.3483518529274,2991.069948564443,229.69943909990616,1678.5891816255569,2035.8401149670149,1710.51237555644,7735.297961750873,2142.4954744623233,5465.6409034112385,5327.980821016906,852.6345263420868,113.78652400208146,1797.9639898474943
1916,5,15,1,5757.070516989019,9043.141684511102,3857.8820516373585,2991.069948564443,223.04158666641678,1613.878011271076,1722.1912929267846,1429.200105640528,8066.0590019035135,2257.075866704754,4981.884719695263,4288.606333193533,977.8061660632337,116.87774910433508,1849.5129637878167
1916,5,16,1,6298.528431229629,11439.907602447,4118.992287747936,4421.159959674678,205.7297582815531,1568.1776823508826,1499.0050035010242,1634.299517794593,7625.955469138434,2666.526464700902,3975.0888140369125,3925.4848109679633,1004.4301515989482,133.73438884561833,2008.632432847218
1916,5,17,1,5813.486592631615,8028.902637027149,4289.523585362857,4421.159959674678,187.083535294439,1564.0287365004071,1471.8414933657714,1613.7831451143804,8169.934369885301,2595.1603765361215,3921.0330967104796,3919.5057263208764,1022.3832775447358,144.97214867313843,2150.3204357466016
1916,5,18,1,5472.164463139986,9800.245998997909,4302.101985441218,4421.159959674678,174.43855787303377,1619.8227695046048,1411.5125129969992,1941.9164787017262,7181.068202321583,2302.789628248116,3773.2459420851683,3410.297290553596,1102.9222233511034,142.1627087162584,2082.3721219320523
1916,5,19,1,6692.564026908822,8654.93929846182,4334.198592537898,4421.159959674678,164.44824907834848,1749.7405067330121,1158.1926713255205,1926.5452778535655,6424.62317061718,1922.74054307194,3570.2918885196636,3370.662739748806,1184.0169934901662,126.71078895341671,1975.833753098764
1916,5,20,1,6260.333091589199,8738.194454249284,4402.801475724231,4421.159959674678,157.12672948817615,2221.4818423888923,1121.9952831042817,2030.3491195646466,6740.827991440818,1979.1098864426513,3773.2459420851683,3608.1002042900764,1274.894271884508,135.70267911480713,1802.321856387481
1916,5,21,1,6354.944506872224,8781.708213227957,4288.872978462225,4421.159959674678,147.8071481390704,2214.9178385060513,1013.4031184405043,2269.406665810082,5655.877108493909,1996.014111934208,4501.78889894212,4062.5722775152044,1435.360756731296,143.28564354932013,1619.6355038025295
1916,5,22,1,6111.059468300182,10202.923728256093,3671.0132918516624,4421.159959674678,143.81102462119745,2138.9983218987886,974.1738122314848,2368.0653356891444,5406.9179206269555,2031.664268418388,4659.707415339632,4396.784617271944,1485.9963534390931,132.04788372180005,1575.7701366564133
1916,5,23,1,7035.640024037053,7690.969170120309,3366.4569727116186,3819.3210243968706,141.149295705581,1890.9904393440677,904.8109537767469,2811.579147609622,4183.580445467477,1840.7188730797814,4222.55549577572,4426.864960650974,1446.8107379846483,118.28246908277664,1552.1459127816515
1916,5,24,1,5818.943069723081,9529.162298909434,3191.516006103724,3819.3210243968706,134.49144327208566,1532.0137364303046,898.8089936785215,4140.126829286189,3380.254820055484,1759.3549550522682,4295.697391408473,4704.6150165240715,1554.5294936594257,107.60407379756796,1589.7038415145996
1916,5,25,1,6048.309981747988,8990.504072843218,3360.1677726723656,3819.3210243968706,137.81683934437902,1451.8833494076432,1010.371200452744,4342.653655524228,3299.4780536380517,1513.8819218439876,4276.611213102154,5216.7821745910005,1558.3646815549646,96.08873457311006,1596.470002721439
1916,5,26,1,6142.044463212712,8134.967424537459,3398.5535798082265,3819.3210243968706,134.49144327208566,1238.305524955411,877.7093195187891,4549.039360636306,3391.1207302588464,1409.9571114289058,4489.63126481548,5578.670895858411,1760.2400791869402,98.33460423923977,1343.8857644487566
1916,5,27,1,6238.507183223168,8984.363018148619,4701.068594825095,3819.3210243968706,124.50113447740036,1159.9709503157826,871.6454835432481,4215.117708737951,3374.7876954248327,1179.5465982111741,4882.270556206088,6380.977759427928,1914.7592436739626,94.9615939916094,1225.3059222812515
1916,5,28,1,5337.506403488932,7350.579281336066,5279.964157054782,3819.3210243968706,117.179614887228,1673.2017444764374,1740.2590490987566,4152.3466123872295,2905.298367770246,1040.5636080801082,4748.209762691547,5911.712074704894,1880.4648823471705,94.68401459467161,1351.626711592199
1916,5,29,1,5023.564096545799,9767.786138469733,4323.499723505671,3819.3210243968706,109.85809529705567,1602.050419368982,2002.6746447335365,3616.5412807298258,3161.091461425417,1062.466748503031,4047.707800675032,4635.454882771372,1727.5576084249312,90.74743405628782,1390.675489404609
1916,5,30,1,3940.5508309735815,10656.484482125887,4023.3530733586013,6313.18560155731,103.86391002024327,1284.0058538756045,1321.0499803825294,3276.895625168325,3050.5188657710983,914.0779052774578,3541.6626210602144,4300.009742056474,1568.1471898102566,96.64809911542459,1705.41666622158
1916,5,31,1,4088.9475204441283,9510.739134825639,4197.643433065863,6313.18560155731,99.2041193456934,1183.6880586849345,1170.2584673992874,2928.8890653797566,3931.204304706383,930.9821307690145,3764.748670921419,4449.733418424816,1507.2288429477499,106.19935381912951,1754.5573454950495
1916,6,1,1,4786.986839792822,8676.696177950975,1923.7723154416103,3300.8558371120857,97.9897496547441,450.166817233367,367.10958002854494,1370.4808321075323,1244.3859049873238,1840.192671508065,2017.1868106551544,3720.778211865749,808.4464918934483,69.98365401569322,2075.6633010744004
1916,6,2,1,4631.28236850304,8777.321745588906,1881.5551565577184,3300.8558371120857,92.4262420008848,327.28990303778124,376.0630194740311,1637.2579915979932,2257.854133388842,1443.3709112332613,2013.5918113166426,3856.4479573111244,761.42375334812,49.24510846572906,2181.284224320322
1916,6,3,1,3854.221568418753,7881.868241768621,2301.7026350391225,3300.8558371120857,88.2606715493929,444.34590812970447,376.0630194740311,1744.7920828872886,1752.0767659984629,1299.3890061708291,3651.800328067579,3852.256434053373,735.5223394448941,50.729737664500824,1989.5380965600784
1916,6,4,1,4400.453900114353,8500.53563756963,2392.281573534851,3300.8558371120857,79.91541006859792,453.6655551520485,376.0630194740311,1663.048165406016,2097.5307035958576,1198.9502811684138,4026.0724410195826,3888.4391421752957,758.7557965512235,52.21016111483368,1955.6499501766214
1916,6,5,1,4141.953297904516,8265.596430826163,2326.208828295357,3300.8558371120857,77.83262484285196,422.79615953320575,274.58658069993174,1553.906207919196,2413.735524419431,1315.1750533225027,3551.46716471069,3803.375876062392,728.6301177195821,50.35963180191918,1802.837919530388
1916,6,6,1,3323.091985815597,7924.153789808229,1839.9886045744588,3300.8558371120857,75.749839617106,397.1717745641309,452.1703485546158,1518.4045222782297,2182.2027963126206,1319.1873403068855,3735.596494467222,3712.3335253024,637.7528393252275,46.65436742764813,1583.2817224030077
1916,6,7,1,3934.899479700121,6882.806372315792,1987.0980537674116,2111.5797773144136,72.27617747788918,380.2849457070379,535.7399084377429,1471.583458606796,2078.464106446583,1150.40818617706,3726.7724051817477,3796.163990457146,635.6407068610133,48.13479087798098,1526.0560538908246
1916,6,8,1,3174.4029850720567,8476.234606849657,2115.8459304321477,2111.5797773144136,67.40952033854039,380.2849457070379,573.0510624504138,1460.264080576361,1736.83715609058,1062.8613996818185,3494.1432661674125,3687.615866091321,638.808905557341,47.39457915281455,1362.1199954977415
1916,6,9,1,3400.5544730965826,8858.03275014628,1283.647414899182,2111.5797773144136,63.23971371370814,356.4068334690495,499.9261506557575,1494.157900019803,1560.5907258109617,848.5658095980682,3367.8607439489065,3551.8844805980443,509.36297671782154,43.69352052698556,1206.4982877401717
1916,6,10,1,3722.9738069499067,8072.942772122304,1384.4191948377402,2111.5797773144136,61.155516430178054,424.54243226429213,625.255740129522,1412.41398253853,1697.4055196922116,694.1914234941456,3821.222842348339,3016.294104326153,509.36297671782154,42.21309707665271,1129.2608373535058
1916,6,11,1,4424.910609935289,9364.231115683955,1433.5038710058272,2111.5797773144136,57.68044223318314,449.00263541264275,743.1911622657809,1219.3414095418184,1645.1944794697852,654.1343288468246,2080.328071764407,2639.9199718004043,509.36297671782154,42.21309707665271,1132.5865776077017
1916,6,12,1,3637.6189153042083,7738.606208679609,1083.4773584788022,2111.5797773144136,54.90080649292668,438.5249990260625,773.0153351250037,1043.440847534512,1943.5628061859643,616.0373350541389,2121.6378823451873,2734.6607254348723,459.6945143489024,38.87920028949843,1032.0116050923336
1916,6,13,1,4009.146542980893,8271.035650698543,1425.9857468209998,2111.5797773144136,53.5106356083509,402.41678521391935,752.1012885971564,952.5642500513574,1684.0110643472135,663.0139803696152,2720.2379540208,2673.6987180539118,459.6945143489024,38.509094426916775,976.4488067072487
1916,6,14,1,3223.4138418047582,7531.91585353137,1194.441979860263,860.7678172646774,62.54498128586478,359.9055713877516,850.6076852608109,751.3880314192266,1921.3526123741142,649.1880340726359,2133.468698350161,2240.0609810216793,459.6945143489024,33.32508890169095,963.0885053411815
1916,6,15,1,3598.9363902091295,7782.470885069391,1228.4904076587677,860.7678172646774,56.98570980533977,337.191640970508,847.6376431503661,609.3941517849477,1591.7533362054783,598.7187258248422,2281.6480347214606,2183.9685374255077,537.3654065986086,32.954983039109294,1009.2474864557267
1916,6,16,1,4469.24448630366,7787.910104941771,1166.5381727897761,860.7678172646774,51.42573229593175,345.92300462598115,867.0047927456551,642.7412967212431,1540.9090771406825,560.1218405390434,2134.056970969173,1975.255335209305,554.8016159150053,32.21435073909992,1005.8644058522951
1916,6,17,1,3147.607785069209,7061.335605221856,1015.3805028818657,860.7678172646774,50.73099986808839,297.5908816961509,849.1226642055885,615.8513424341182,1234.2033853628411,491.840609088491,1945.7443692551178,1886.0005458385938,554.8016159150053,29.25182153905927,936.9986464503548
1916,6,18,1,3900.893934969204,6355.026585994333,1443.696712448657,860.7678172646774,50.03626744024503,317.97025601543726,123.86313118170597,554.5337571259905,1509.0630761673503,423.0594861447666,2020.716446369344,1807.5944048997587,554.8016159150053,28.51160981389285,911.4248507024353
1916,6,19,1,3004.4726985081325,7493.490397013968,1370.105843024408,860.7678172646774,48.64609655566925,305.74015444128247,77.59853772352845,545.3882141945559,1233.588333841901,517.0719744525477,2041.9596242787466,1780.4727838202643,383.07968833130957,27.400451076455738,800.2419135830769
1916,6,20,1,3296.978845449055,6197.640127107891,1007.2117717964784,860.7678172646774,47.25663169998252,304.57597262053764,77.59853772352845,541.0855642500235,1925.1795996155054,458.19001857685157,2025.4226273215586,1962.6191253881493,333.4112259623776,25.919607051279936,748.5782589443307
1916,6,21,1,3058.257972695824,6542.942859648031,972.4404474417963,665.1383225613553,44.47628993083701,294.6804271443197,23.877282291792582,545.9284572369259,2000.8309366917267,458.19001857685157,2009.4739029834407,2271.435765406827,327.5973034424721,25.549080613852205,700.8137480518996
1916,6,22,1,3341.9947814539005,5946.2955313946,851.9335915180656,665.1383225613553,40.30718933488778,276.0411330996521,52.23128430632822,545.3882141945559,2145.2997050559525,395.84828736709255,1814.1020298410056,2331.719732260806,295.3650503899496,21.47623382606661,562.4113471622825
1916,6,23,1,2966.569670140358,6178.076481438081,1046.6819237666778,665.1383225613553,36.8321151378989,287.1070528530826,1.4923224087525029,563.1390570150226,2011.0134563162737,342.4059402391062,1910.3172848646343,2248.5056675850838,271.58688543759064,20.735601526054108,592.956551186785
1916,6,24,1,2966.569670140358,5867.953219362308,1116.1522828204968,665.1383225613553,34.747211825479766,294.6804271443197,8.954058204269627,509.35271697602883,1217.6653333552026,298.3694462056271,1541.9278981029277,1880.57622162274,254.15067612119404,22.957077851242413,519.0620431590738
1916,6,25,1,3432.903587282063,6071.573047163612,897.5483642162097,665.1383225613553,31.967576085217264,300.5013362479822,8.954058204269627,529.7919120787273,0.0,287.4836511906155,1771.615674022143,1761.179448825095,243.58445555681638,20.735601526054108,509.0561522218326
1916,6,26,1,2254.40197260852,5422.463565948034,722.5278789872008,665.1383225613553,30.577405200641486,313.89561964288174,16.415670248032132,511.507257680667,0.0,303.80905495330745,1704.8794135743783,1686.410070712778,243.58445555681638,20.735601526054108,481.26901899436626
1916,6,27,1,2944.4514505016714,7441.0282440518195,818.5357706201934,665.1383225613553,29.882672772798117,320.29861965690634,16.415670248032132,506.66436469376464,4967.429439382816,273.63139481503265,1705.4676861933908,1737.0165500451928,243.58445555681638,19.994969226044727,497.3873911574693
1916,6,28,1,2863.7735392201344,6131.053548348313,850.5600880612556,540.4499922784023,28.492501888222343,313.31352873251956,16.415670248032132,562.0650023950918,1164.2241900908316,249.3800798783084,1700.7615052411188,1729.1882639608675,243.58445555681638,19.254336926035347,495.7187869954359
1916,6,29,1,2972.123584322821,5406.760011800428,1171.9598969614708,540.4499922784023,26.407598575809242,298.7550635168957,16.415670248032132,527.1035597964957,736.695043976249,241.46732374354846,1539.5748076268203,1763.5834106934544,227.7323455885771,2.221686612607646,495.16258560809933
1916,6,30,1,3321.435555269822,5537.564476794868,879.1867916879927,540.4499922784023,24.323401292279147,295.26251805470235,2.9846448175050058,534.6348050656295,1309.9230614969376,262.245708306908,1487.022453660079,1733.441427266521,203.4261475201614,5.924637825232083,515.1686334476703
1916,7,1,1,2064.3022082241687,9595.8366070217,457.34773526503153,468.6074900418386,11.67983592865807,81.94477677517949,54.736019819483836,1452.674952124108,1149.667970761828,372.74146084885473,978.5588199448325,1252.9572538242521,248.1866810314553,2.7897570541881733,569.9344009787242
1916,7,2,1,1686.7334809103709,8814.168073756497,411.97874739594397,468.6074900418386,11.67983592865807,77.35616651367299,0.0,222.3421692561097,1315.9368985905892,347.64822339737816,977.2515474581062,1165.5516658908352,222.5520628079242,8.020362272111221,541.5681302242511
1916,7,3,1,2399.8755493515077,6985.361985715006,439.41267170487924,468.6074900418386,11.67983592865807,47.69306141971928,64.74073042032889,261.291120024536,1050.3713196581866,312.1493498650798,921.1695577772329,979.398721208906,213.27535469538336,9.415409029139832,546.2929749992036
1916,7,4,1,3190.5775421647973,8214.625676861502,494.79377687778845,468.6074900418386,11.172201156684055,35.56451613202425,68.27384301423162,228.93442066591348,482.46691474654676,309.7025125565742,1024.509447853563,962.2627878905429,193.09337317550708,13.600128725392079,507.18112280264575
1916,7,5,1,2826.455133398007,7405.673314881354,346.5710669881477,468.6074900418386,11.172201156684055,39.006283450977506,115.94301888715222,266.687118983394,503.5016767628812,312.1493498650798,1143.7980622680689,957.7014243453215,184.9116389983584,14.994754907580859,543.2826066656254
1916,7,6,1,2826.455133398007,8247.260996095418,215.74847720705884,468.6074900418386,10.663860355827037,39.49796449654226,55.91289900574704,233.7258619344731,826.9026003814738,245.43356809037527,1491.401816490684,1171.838950777434,173.45609950167332,18.482161512738717,525.2318647341475
1916,7,7,1,2882.6763348586073,7739.044855443769,161.94328652682017,468.6074900418386,9.64859081188505,37.69534041135376,125.36052741241197,231.93148325807073,427.91184483874736,307.2490977284178,934.5691007662202,909.129066593908,165.82463141387424,7.671705726564026,508.47128065989006
1916,7,8,1,2470.322566086589,7015.27769501273,224.19190898385176,556.5173185661127,9.140956039911034,30.15602463083251,46.49600923926556,176.19640938764653,497.5835143501903,176.27094900719467,1011.1099048645181,968.5500727771417,115.09454456952163,3.835894920765372,537.697656652518
1916,7,9,1,2978.164683959934,6629.356272135844,309.1177964098217,556.5173185661127,8.632615239054015,20.650603913678506,45.90756964614421,242.71704971094493,335.2304145381225,229.52254806545284,907.7700147881878,994.8087331858916,163.64024178642285,4.184593523797487,526.9520752104573
1916,7,10,1,2916.5844424986963,6634.795492008223,431.4969544141904,556.5173185661127,8.12498046708,15.406212509559337,50.027265556853955,206.75873006986674,302.3661616022583,234.416222682464,788.4814003736822,873.7476790947716,146.7320655860701,8.369018817655293,537.697656652518
1916,7,11,1,3288.7941298118562,6621.197442327274,368.72061747112747,556.5173185661127,8.12498046708,18.192198685872988,50.61570514999581,200.1664786600956,394.3847030414304,184.84145710660036,954.3089153159308,869.7410759807274,138.00562356289177,1.046137866578373,529.9624435440114
1916,7,12,1,2898.7534548603503,6337.656174143866,348.15421044631455,556.5173185661127,8.12498046708,18.68387973143714,56.50133859888889,233.12773570901652,149.21149898120748,165.2536035992539,972.806821003237,967.9336722980623,138.00562356289177,7.323049181016832,525.661917353213
1916,7,13,1,3023.667805419429,5862.075352726132,158.77699961048643,556.5173185661127,7.617345695112029,17.044736497673572,47.67288842554927,270.28230780100785,106.48591999287352,192.18854655176796,1127.1957016865013,853.7763035725646,127.09479191223632,6.277079544375248,519.2168621019508
1916,7,14,1,3023.667805419429,6147.371207965089,158.24928512445507,556.5173185661127,7.617345695112029,80.79917232391978,35.90224028652087,273.27937039316515,534.3909309258977,152.40113020995608,942.216644813612,881.1444848436687,128.18420760430843,4.533376241796319,604.7686631241538
1916,7,15,1,2141.082635868848,6466.2674053186,272.1922403175999,264.8071720921234,6.601581930950125,80.96017619275645,52.9700822813005,219.34510666395244,328.65619716976636,156.68309549984824,1056.4068965298566,842.3112546617211,122.73157090064072,5.230689332890709,531.2526014012559
1916,7,16,1,3122.7613268846208,5264.199813533999,358.70127120173674,264.8071720921234,6.601581930950125,72.767556252187,52.9700822813005,192.97610102483526,126.20173819208992,140.1603661477773,1040.458172191681,849.153299979497,113.45486278809989,4.184593523797487,480.0992758704814
1916,7,17,1,1825.9710838347585,5866.549549717869,388.76653897540524,264.8071720921234,6.093805953200718,24.09237123263176,48.85038637059075,254.10074238927567,406.877082822413,173.82411169868908,1070.394712137914,857.1665062075296,108.00222608443218,0.0,413.48125815760545
1916,7,18,1,2314.1309093423265,5708.987632126054,463.6730801319845,264.8071720921234,5.585959372566098,20.323022965200693,48.85038637059075,201.3627311110414,245.83609292167566,137.10181951212323,951.1060977234082,727.537485457144,103.63900507283657,0.0,468.0692706060879
1916,7,19,1,2313.2539755240246,5937.259408058077,402.48711561265736,264.8071720921234,5.585959372566098,35.40103528060051,50.027265556853955,233.12773570901652,63.101552486635626,272.3619335232679,822.274394155772,856.6117457763524,102.54958938077732,4.533376241796319,467.63921798702245
1916,7,20,1,2460.5788569946135,5563.971011981497,254.78489124355167,264.8071720921234,5.585959372566098,28.680981494138255,25.896292168119253,221.737611565844,420.68157251472604,212.38153186661202,642.3740908938244,886.8770092991465,99.82049190728347,0.697439263547045,440.9874236739236
1916,7,21,1,1911.71572384394,5554.934888644972,158.24928512445507,264.8071720921234,5.585959372566098,27.69761940300875,30.605046430749134,218.1424227482301,82.82010424809071,176.27094900719467,817.1760314575107,833.1885275713345,90.54934203806265,0.3487196317735225,397.5750452865913
1916,7,22,1,1935.7826853012245,6184.568453543789,268.4982389152348,398.65583778917505,4.570336814180354,26.878357408949757,29.42754848570765,218.74698043849585,448.2837179935646,150.56600222856952,863.7149319852537,853.7763035725646,89.45436810265765,1.7435771301254177,459.4682182245149
1916,7,23,1,1931.3005791188887,5673.632702955952,271.1368113454644,398.65583778917505,5.07818339481773,27.69761940300875,32.95942356207433,213.94910770512706,124.88962828075947,316.43131515497197,824.1699392615106,1013.6705878457442,88.90966025662803,1.7435771301254177,541.1380776051617
1916,7,24,1,1993.7577543984282,6701.820717531598,435.19095581655546,398.65583778917505,4.570336814180354,36.711978320224254,32.95942356207433,285.8657469872508,179.4446981885589,225.23400525590984,1076.146711079567,1006.7669024800099,91.09404988409226,0.0,680.8019661774171
1916,7,25,1,3260.245062172405,6701.820717531598,457.34773526503153,398.65583778917505,4.570336814180354,38.35112155398902,35.313181934600735,290.05906203035386,72.95877819562097,154.84796751846167,537.119046624436,942.846172799513,82.9123157069307,1.7435771301254177,544.5727645228696
1916,7,26,1,2898.7534548603503,5583.008281534461,380.33033616418135,398.65583778917505,4.570336814180354,56.87090118835853,33.54786315519568,240.91623956973345,149.21149898120748,170.15385573591598,934.5691007662202,852.6051426623083,85.09114709107493,3.835894920765372,467.63921798702245
1916,7,27,1,2262.391814063892,4711.592620375724,217.85933515125708,398.65583778917505,4.062560836431986,94.07579904546158,46.49600923926556,257.09780498143294,329.312252125496,140.1603661477773,900.0571071164741,918.2517936842386,81.27263392550894,1.3948785270940867,408.32062672865203
1916,7,28,1,2470.322566086589,5294.027793479037,279.5730141566883,398.65583778917505,4.062560836431986,75.22596148001077,24.71941298185605,192.37797479937873,310.2524888819448,184.2297477794813,512.2416512018825,947.9622967758555,85.63585493710454,0.0,435.8325262799058
1916,7,29,1,2702.4177166572294,4795.812799044193,439.9403861909834,194.3558651805044,3.554714255794611,73.58496050928518,27.662229706302593,231.326925567805,358.23334142145256,132.81327670260967,612.3917964105891,857.7212666387067,30.54643785147648,1.7435771301254177,412.62115291945054
1916,7,30,1,2344.5312817092085,5261.48020359781,437.8295282467851,194.3558651805044,3.554714255794611,73.9131607034262,22.365035850530855,231.93148325807073,101.8798674915775,194.02367453315452,744.426317570748,857.7212666387067,132.54742861590404,1.046137866578373,396.72067408334794
1916,7,31,1,3045.1039654216397,3870.8822326899794,468.9502249925164,194.3558651805044,3.554714255794611,83.09657368292739,21.18815666426765,209.15766643656744,24.97792565615286,295.620042993358,787.8277641303479,1051.8874175486123,85.63585493710454,0.0,411.7610476812957
1916,8,1,1,2219.032308604652,6043.2364662157,121.96710696722387,35.024811877228814,0.3644026910390231,29.32004300422872,15.239409820534616,62.709354288697384,236.48047589748154,54.18034483234913,667.7547862238063,586.8995521504482,72.06262473288538,0.0,408.9112323255301
1916,8,2,1,1752.2112060084667,4474.547909165602,118.13575521919233,35.024811877228814,0.31884970705080695,14.557845969983937,18.625876585234185,46.55287158965239,0.0,23.297574587988727,836.3275733881513,379.5794150169508,47.325106982301996,0.0,444.5138551503851
1916,8,3,1,1970.860038032269,7554.637755901167,73.95231770241041,35.024811877228814,0.31884970705080695,4.76193711874515,22.012343349925015,47.10018924328307,216.6621491115169,0.5418034483234913,875.1535662441804,511.8466298177805,165.1020597813857,0.6554238366469968,367.0241072271774
1916,8,4,1,2181.908776964181,7136.081013790004,75.63666667839847,35.024811877228814,0.31884970705080695,4.013640676100688,4.5153302701843065,43.4033832819848,183.42886526312722,30.341440377431375,625.5233485398683,476.1632060838387,0.0,0.10924010994012477,439.27868126746097
1916,8,5,1,1921.4594329359154,7271.447405128867,138.08047120564893,35.024811877228814,0.31884970705080695,2.857137501421105,11.852943055835029,51.481946204749384,217.94008949390982,21.672269483332578,644.9494176926954,474.93656913049807,73.67451529768137,0.4369772627542542,423.0513624408456
1916,8,6,1,2309.356491887167,5933.223857830498,179.6542521544774,35.024811877228814,0.2733037833514922,3.19728913659539,15.803717821522376,61.88805623499296,78.61041828253461,13.003098589213684,285.5671383646447,534.6102995101595,152.72941013576744,0.5462005497006239,409.43876353826056
1916,8,7,1,2689.6534577466978,7109.762207956424,137.61781740966626,35.024811877228814,0.2733037833514922,17.959362321726758,21.44803534893106,48.469448097102344,60.07823256590184,0.0,509.4506244427263,619.4824814745942,152.72941013576744,0.5462005497006239,446.61251193148405
1916,8,8,1,2018.4093384010214,5449.308747898459,134.0900822152438,99.55864008286014,0.2733037833514922,13.537329139896158,18.625876585234185,44.77264213577145,350.2445055549533,11.377793484557564,372.49422237001005,595.5168308479797,152.72941013576744,0.5462005497006239,408.38943514771114
1916,8,9,1,2054.558499132193,6081.135546616619,137.4660091328617,99.55864008286014,0.2733037833514922,10.340163852430635,22.012343349925015,45.73093038949642,28.76117590054313,11.919781103431164,478.8539118906807,650.8572658596865,152.72941013576744,0.5462005497006239,442.94272958201674
1916,8,10,1,2250.4070518808335,5906.81732264387,109.23689861198577,99.55864008286014,0.2733037833514922,15.170279917166464,6.772933529399154,51.61893640476994,153.39384932361358,1.6254366550490595,682.3308744508761,629.344889139865,63.45846406288871,0.5462005497006239,343.4686917714746
1916,8,11,1,1563.9627463517159,6396.434840505985,100.95250407763918,99.55864008286014,0.2277507993632767,12.449314534031952,16.368025822510138,52.44023445844173,263.32405783384223,13.545086208087282,474.9713126050836,657.0212706504808,9.680236578079406,0.4369772627542542,371.2156867544877
1916,8,12,1,2746.6541559347716,6574.174509237507,138.08047120564893,99.55864008286014,0.2733037833514922,14.217880108504461,23.140959351892413,48.05912064349223,7.669692466183448,24.381549825735892,646.4070265154426,645.3713015958741,123.15399739348868,0.21848021988024988,350.796788400586
1916,8,13,1,1593.3887478094684,6285.194021181719,140.8419360504069,99.55864008286014,0.2277507993632767,12.653046352659914,18.625876585234185,49.15439909723776,134.85346292004186,13.545086208087282,543.9299362803115,699.4912636590584,12.36875887528715,0.3277203298203762,403.67605844260595
1916,8,14,1,1556.3626532599953,6727.876335307117,155.2637223472021,99.55864008286014,0.2277507993632767,29.115691939954175,28.22096887833303,60.381807181185756,207.081013196335,0.0,682.3308744508761,737.0300528350007,0.0,0.4369772627542542,383.77895726652326
1916,8,15,1,2530.8309995476993,6161.4079044098335,156.0299926968666,199.9206464801987,0.2277507993632767,33.26525703607635,10.159400294098742,52.02926385838006,113.12847641910471,7.585195656371701,500.221280686364,724.7020432534123,113.47153751807276,0.4369772627542542,375.4015322468383
1916,8,16,1,1794.011718013099,5177.523212987765,145.59859539040377,199.9206464801987,0.2277507993632767,33.33337405750803,27.091734117587347,52.98819525855659,236.48047589748154,0.5418034483234913,492.9397729352786,602.2849081082729,18.284397248066572,0.21848021988024988,364.4093873031711
1916,8,17,1,1874.8845034762926,3991.7732808199394,106.7790503208369,199.9206464801987,0.18219781537506116,30.40867685573959,19.190184586221964,50.93398540463453,30.678086474154846,5.418034483234913,456.02893427230777,664.4180763994337,32.267269985480965,0.0,326.7138417321287
1916,8,18,1,2281.7817951568454,5522.650486822168,81.9258667175789,199.9206464801987,0.18219781537506116,24.081844056595674,20.883108589179336,44.22532448214077,318.9247153272593,0.0,575.9842576550468,648.4533039912711,37.6448704042321,0.3277203298203762,290.5836876945432
1916,8,19,1,2233.2581238789635,4996.274370145147,121.96710696722387,199.9206464801987,0.1366518916757464,19.31984501329401,12.41725105682279,42.71907542833357,165.53769990943323,0.0,227.77262172609946,447.2540236150642,30.115673993654937,0.0,342.4193633809252
1916,8,20,1,2041.2096176761831,5941.207228933331,127.33822838000798,199.9206464801987,0.18219781537506116,16.870728470213216,20.883108589179336,44.635651935750886,0.0,0.0,384.6387837717517,588.7487535876866,29.578191863945182,0.3277203298203762,301.5815666731219
1916,8,21,1,2237.058170424824,7263.3763046733475,143.29255537605945,199.9206464801987,0.18219781537506116,18.979879151814536,15.803717821522376,61.61407583495185,230.08394007966504,0.0,476.42892142783086,571.5203601974418,29.040153909902138,0.0,303.6744894193093
1916,8,22,1,1746.462417644177,6702.610281706504,143.90701744884666,7.087650322926551,0.18219781537506116,17.211313577342025,23.705267352886366,48.6064382971229,274.8255212755073,13.545086208087282,720.6993219365366,572.7531611556008,31.191194077394876,0.0,316.23775993134484
1916,8,23,1,2651.555555197097,5373.598316450031,133.4756201424566,7.087650322926551,0.18219781537506116,17.5512794388215,14.110175059786089,21.08555731411425,178.95949087758137,12.461768722304761,507.0256339798189,565.3686834162281,30.653711947685117,0.0,271.214117731191
1916,8,24,1,2263.6584962458455,6202.640700216112,90.97653160159,7.087650322926551,0.18219781537506116,17.27881135311847,16.932333823497896,26.014631929193456,235.8380887533913,0.0,497.31259940340533,601.052107150114,29.040153909902138,0.21848021988024988,302.6251610287598
1916,8,25,1,2175.2830547817593,4285.315695220152,86.2198722615931,7.087650322926551,0.18219781537506116,18.435562226057765,18.625876585234185,12.59666693775328,0.0,0.0,540.5310278148231,465.092653479626,30.653711947685117,0.0,281.68446549703924
1916,8,26,1,2497.604951544087,5859.794389553739,164.92884930407314,7.087650322926551,0.18219781537506116,25.034243865263687,19.190184586221964,2.7383890782990905,208.9945068170306,0.0,482.2528203562266,454.0159368705392,28.50267178019238,0.6554238366469968,259.69444157479325
1916,8,27,1,2258.0071449725538,4523.851805427762,169.68550864407004,7.087650322926551,0.18219781537506116,30.95237453585851,22.57665135091897,38.2003282668467,308.70119226805156,57.97294266052836,507.50932479992775,492.1587985159805,26.351631612686777,0.0,260.21623875261224
1916,8,28,1,2230.4324482422326,5957.261700492046,159.70953616802083,7.087650322926551,0.18219781537506116,25.510443769577183,24.27019411263809,46.141900989590724,224.97217855002899,0.0,566.2712230786332,508.7707914271457,26.351631612686777,0.3277203298203762,238.22621483034223
1916,8,29,1,2160.0828685983183,6621.197442327274,143.29255537605945,189.19276703804934,0.18219781537506116,19.047996173240293,20.883108589179336,49.29138929725831,0.0,8.127183275245297,323.44535866771815,456.48153878685685,26.889113742396535,0.3277203298203762,209.9516886345986
1916,8,30,1,2027.860736220173,4671.763494213884,148.04921471605633,189.19276703804934,0.18219781537506116,17.755011257449464,22.012343349925015,50.38666775100385,407.7654905749179,0.0,414.26157832115894,553.6817303328801,24.7380735749038,0.21848021988024988,157.5942157703977
1916,8,31,1,1450.8382837938698,5157.959567317954,91.74280195125449,189.19276703804934,0.1366518916757464,16.80261144878746,13.545867058798308,44.088334282120215,38.34777894033823,3.792663603382315,210.77154303612218,286.0714623406418,17.20887716432664,0.0,196.33908973198953
1916,9,1,1,2184.052392964436,7032.82356556857,249.8836525923193,314.39054913007874,1.2915386486305491,41.10242997394441,49.03787027881045,123.77997134889101,498.32157617537,130.1428037261216,595.7371449295987,246.23966338250838,44.99120060935076,0.6927288252959865,286.5067888656567
1916,9,2,1,2021.9170736742274,6516.799512519463,295.4622804626183,314.39054913007874,1.2915386486305491,43.183714601327324,34.87138817068114,109.68863199396647,90.48774654257701,147.46141295541824,434.0340746830303,248.0580447958234,46.5602927005351,0.34635600115111537,277.60756666817684
1916,9,3,1,2485.4253151790326,7394.443957725848,289.4622390459089,314.39054913007874,0.8610022314573637,45.090991201250425,74.102550656015,101.12192089362617,630.8173415984638,100.23482189335593,336.1651199636885,248.0580447958234,102.53847289412444,1.039072209201788,273.7944334456798
1916,9,4,1,1204.517317948918,5838.739344886803,338.2432986603868,314.39054913007874,1.2915386486305491,46.47872070138113,38.14029076851351,99.19248145662316,517.066979752567,131.72140844127128,289.35822857612214,372.39218543086577,84.2296193754061,1.38541559310759,260.23344085737097
1916,9,5,1,1897.87965693345,6396.259381800613,377.82188511404917,314.39054913007874,0.8610022314573637,45.78516557414942,54.48666003396918,101.12192089362617,517.066979752567,109.68014010576839,565.3430596130546,399.08232617498794,70.10056483849156,0.34635600115111537,300.07351548887704
1916,9,6,1,1915.1260220261483,5742.061598123764,397.81720385941634,314.39054913007874,0.8610022314573637,47.172275828633346,49.03787027881045,106.36999616229781,517.066979752567,125.42014461991538,449.2311173413311,358.44304258930566,62.78035837701168,1.039072209201788,266.58675154990374
1916,9,7,1,1280.810560139117,7020.278268121313,287.06222247923967,314.39054913007874,0.8610022314573637,48.21322776513794,56.665928432517255,93.66142173719716,517.066979752567,77.66735198613648,479.62520265787515,394.23125440465355,59.63995089732273,0.34635600115111537,277.60756666817684
1916,9,8,1,1584.1322241719733,6146.31845573176,281.4670031340333,286.2727281265431,0.8610022314573637,54.62985118345299,56.665928432517255,94.76763368107582,614.6619883149901,128.04457495887675,787.2394915112777,311.13430581997414,52.31529784117654,1.7317589770133917,236.07021770000736
1916,9,9,1,1990.4448933070482,6933.601667575078,296.66228874598926,286.2727281265431,0.8610022314573637,9.712248764014983,56.665928432517255,106.36999616229781,197.78006741850535,63.49805916361119,386.0114198828575,243.20697302548908,52.31529784117654,0.34635600115111537,314.0588266613637
1916,9,10,1,2295.617862067505,6472.847106776994,350.63374563417057,286.2727281265431,0.8610022314573637,14.394365118562106,32.69211977213306,115.21326024858331,603.6730678074526,162.6817934174701,258.9641432595781,305.6791615801408,49.699588531544606,1.039072209201788,242.42926242747566
1916,9,11,1,1856.8586416562905,6648.569000394545,419.0053019225127,286.2727281265431,0.8610022314573637,46.65210948319418,33.781753971396846,121.29099447515583,603.6730678074526,158.4853358829804,74.76944987872471,368.7554226042916,49.17655783448745,1.38541559310759,292.86583359312505
1916,9,12,1,2076.2869704073964,6200.359737044081,344.64093318303026,286.2727281265431,0.8610022314573637,62.08556880133233,31.60248557284877,115.21326024858331,603.6730678074526,182.6248329857281,218.84395064172165,270.50118623911015,49.17655783448745,0.6927288252959865,275.4917077822951
1916,9,13,1,2021.9170736742274,6014.461238504354,278.27180035549605,286.2727281265431,0.8610022314573637,44.3974360739982,70.83550433449696,104.44055672529481,603.6730678074526,121.74988865714226,189.66562873778415,347.5265901048209,46.03726200347794,0.34635600115111537,242.42926242747566
1916,9,14,1,2594.165108645371,6588.298935034938,218.3003020505326,286.2727281265431,0.8610022314573637,36.59308315555245,41.409812125103656,116.87257816441765,97.59500856235879,154.80850240058587,209.72572504674116,281.41763872359496,43.94458339090317,0.34635600115111537,280.15347817312403
1916,9,15,1,2082.912692589818,6790.515093191804,297.45747495785724,120.54413575865074,1.2915386486305491,36.0729168101338,47.94823607952616,110.24173796588948,428.52006245390004,166.87825095195976,173.86070437320888,281.41763872359496,39.75978199009977,1.039072209201788,233.5300402299958
1916,9,16,1,2077.1639042255288,7034.051776507635,155.12637200153566,120.54413575865074,1.2915386486305491,35.37936168288157,51.21713867735853,117.14913115039548,56.23074360710184,133.8196372085161,74.76944987872471,247.45397232632445,41.85246060267454,0.34635600115111537,273.37011486150186
1916,9,17,1,1046.279482295398,6725.156725370927,171.52166589686263,120.54413575865074,0.8610022314573637,54.62985118345299,34.87138817068114,114.38360129068246,102.76827524408242,119.65165988989742,216.4124238163935,247.45397232632445,37.667103377537856,1.039072209201788,228.44395125501308
1916,9,18,1,2492.0510373616235,6205.360310152301,313.8527688531842,120.54413575865074,1.2915386486305491,40.408874846692186,39.230543726555574,115.21326024858331,829.9095189283639,104.95748099956215,225.53064941137396,334.791756207077,39.75978199009977,1.7317589770133917,231.4084473092025
1916,9,19,1,1627.1019812675618,4038.0943790874885,381.42190996408937,120.54413575865074,1.2915386486305491,83.41858142058021,7.628058153702988,91.1788763282385,829.9095189283639,109.68014010576839,251.66956278359376,334.791756207077,40.80584338422695,1.039072209201788,274.2187520298336
1916,9,20,1,2187.8524395102963,4497.708458299194,293.45985700188305,120.54413575865074,1.2915386486305491,73.18864329373301,55.576294233232964,93.93797472317497,829.9095189283639,95.51216278714969,205.47055310241694,294.7627090956561,37.1440726804807,1.38541559310759,264.8952112481758
1916,9,21,1,2328.064413343814,7658.1583921810225,286.6646293733057,120.54413575865074,0.8610022314573637,80.12419456617317,41.409812125103656,105.27021568319566,69.15912657731538,98.65621717820623,280.2400029811992,291.73001873858084,38.190134074595015,0.0,263.1979369115604
1916,9,22,1,2535.9951653663416,8090.049995914348,193.107357065893,344.6441488718896,1.2915386486305491,56.3643582472098,13.076847908854537,117.14913115039548,197.1308463686276,64.5471735472336,223.09912258604584,271.10525870860914,37.1440726804807,1.38541559310759,240.3134035415939
1916,9,23,1,2317.5412075245345,8147.863639396189,221.89309793500377,344.6441488718896,1.2915386486305491,35.552750464694626,32.69211977213306,119.36155503815283,10.341066238820932,100.23482189335593,331.30206631303224,147.38135454782804,36.0974554620331,0.6927288252959865,253.02575896159493
1916,9,24,1,1499.264517980924,9344.053364544612,221.89309793500377,344.6441488718896,1.2915386486305491,47.51905339225946,27.243330016974337,111.34794990976816,61.40127672651227,128.04457495887675,305.16315294075497,214.09437839855292,34.52780754651548,1.38541559310759,232.68140306166407
1916,9,25,1,2164.954723144306,6396.259381800613,329.84324067700817,344.6441488718896,1.7220044629147273,27.054842418996657,31.60248557284877,98.08626951274448,199.7140627565635,129.61660215440503,289.35822857612214,236.53751984183967,35.051394067905925,0.6927288252959865,244.55085534826898
1916,9,26,1,1574.5833892618236,1366.1214814821233,327.84804618176923,344.6441488718896,1.2915386486305491,22.89227316423081,34.87138817068114,92.28508827211716,199.7140627565635,31.486586547885874,285.10305663185545,232.90075701526547,42.3754912997317,1.7317589770133917,243.27789959578334
1916,9,27,1,3182.5877007094246,2216.218909915502,239.09080700776775,344.6441488718896,1.7220044629147273,29.136127046379578,40.32017792581936,97.80971652676665,199.7140627565635,126.47254776334847,251.66956278359376,189.83901954676932,51.79226714411938,2.078144418403576,268.2840258865432
1916,9,28,1,2315.689902796934,4338.216494946095,182.3145114814142,344.6441488718896,1.7220044629147273,31.563569991741844,13.076847908854537,102.50468582348266,192.60680073678174,108.62773696233528,303.94738952809087,248.0580447958234,44.99120060935076,0.34635600115111537,239.46476637328624
1916,9,29,1,2595.0420424636727,7315.312081518649,132.3406725491343,594.971133004764,1.7220044629147273,40.408874846692186,83.90987720826988,86.20092258076815,84.02287166682103,77.66735198613648,297.8685724647706,248.0580447958234,41.3288740812841,2.078144418403576,223.7821808641842
1916,9,30,1,1462.0435492496247,7508.755304397414,140.73350156701665,594.971133004764,1.7220044629147273,40.408874846692186,83.90987720826988,115.21326024858331,597.8574139815744,96.03178683924484,226.13853111770598,248.0580447958234,38.71316477165217,1.38541559310759,240.73772212577182
1916,10,1,1,2001.0655362173252,8803.640551422848,498.2058486231789,421.4048204965333,23.423214457421004,322.66413803732513,106.37700825637636,440.233764877566,781.0470925421389,0.0,767.9572223319934,646.7273826498936,54.131731760390615,6.690084041028934,329.5923272625003
1916,10,2,1,1666.8563143627678,6321.777161290887,434.04155029209517,421.4048204965333,24.092529845222423,313.5488420792556,106.37700825637636,391.9013069804842,780.7053972527634,28.43724843978272,864.4992954772894,575.2495830958416,46.998282274689366,6.690084041028934,333.61761977708636
1916,10,3,1,2118.5746678665096,2189.3737279650773,657.5467075476147,193.86600767175437,25.43116062081922,353.0443295932108,106.37700825637636,402.3845945882419,704.9173820607275,71.3923982433546,435.0602835850918,511.6432176596748,46.998282274689366,6.690084041028934,203.28874005631187
1916,10,4,1,2063.230400224041,1931.8003482045015,765.6920323596925,193.86600767175437,28.777737559820277,342.108451426135,0.0,401.7993312923383,853.349815782159,18.75645502402842,491.4756277501106,1224.232991499185,388.99365923109104,8.697067195853942,408.5958604048645
1916,10,5,1,2706.315200293918,5699.074215261938,855.8372329217148,193.86600767175437,32.123608469926246,252.1754057746606,44.32354718721705,372.68409018787037,460.9127758902974,47.79883527127608,463.8921782800425,934.3398461882059,239.1878850852493,7.693575618441439,308.4566745434736
1916,10,6,1,2007.8861325817418,6134.738181164782,796.7042946220334,193.86600767175437,40.824002482431496,222.40207495511035,48.75633503709176,428.0075503117161,783.8489939153395,61.10976177993652,451.3554351322541,821.230358277216,146.87102166925035,8.362710194998467,308.4566745434736
1916,10,7,1,2072.974109316017,7395.7598980176,586.1679015853124,193.86600767175437,56.885453702950095,258.8570663308796,39.89137809614113,353.4668733952565,1100.5321881441025,49.614230693710006,503.3914164667256,541.4770008470964,144.35313744217407,10.035336348968002,288.83480704360335
1916,10,8,1,1905.8694983888226,8103.472586889561,487.3913161419202,193.86600767175437,44.83918878033888,267.3655015525932,48.75633503709176,358.12325390324816,788.5643889092999,52.63923197914166,536.6157467170651,513.8992434130686,143.513842699811,10.035336348968002,293.36469463124956
1916,10,9,1,1055.9257542963758,8277.088976040453,839.9335086846467,193.86600767175437,38.81605631903327,300.7861892466853,265.9425206409409,329.59327609465106,1096.9102180763366,0.0,631.9028382751154,551.0497002871981,143.513842699811,10.704050350678951,297.3899871458357
1916,10,10,1,1839.8071507452485,917.2103833094404,571.030447697836,199.60713767455476,36.13879476783364,301.3930499830207,531.8850412818819,267.28524520885054,774.9649163906122,32.06738153268409,403.711889353229,560.0553112865423,159.4604428046062,15.052794236030524,275.7497393537488
1916,10,11,1,1893.202676569288,1538.6851183996878,636.6405391414203,199.60713767455476,35.47018540892126,281.34187585787544,53.18850412818818,303.97032037117685,773.1197618277916,12.100662893710558,606.822815617118,687.8412946044518,192.60980600607473,24.084218432743064,275.7497393537488
1916,10,12,1,2805.4087217592787,4353.042755566108,644.5707143632471,199.60713767455476,38.146740931231854,55.29615950212433,84.21306900704386,287.0812938325588,1087.6844452621697,75.02318908825193,807.4368514313569,639.3922169488428,192.18737951322677,22.746369854475088,275.7497393537488
1916,10,13,1,1767.8985776465572,3710.1620583978156,520.557810141801,199.60713767455476,38.146740931231854,27.952129364876654,0.0,325.5157274177865,1098.0036430024668,71.3923982433546,761.0286781522578,417.64830860485336,169.52642146957857,19.06676054568054,262.6704056988059
1916,10,14,1,2901.5791304970808,6159.390129295862,856.5601294779649,199.60713767455476,35.47018540892126,255.21590191284648,0.0,299.8927716943122,1092.8098746033806,29.042380247262955,902.7370157142486,595.5106668431615,145.60930043405222,13.38016808206099,290.8474533009084
1916,10,15,1,1757.2779347362805,6469.601120724322,446.2946469202125,199.60713767455476,34.80087002112588,40.712924460527184,57.6206732192641,305.13441549817475,1405.597742532813,29.647512054720583,487.08972855714256,558.3663739738502,135.53776352575986,17.059777390855533,231.471521693326
1916,10,16,1,2836.4911537626367,5696.880981442231,622.2187528445523,199.60713767455476,34.80087002112588,29.167089328861582,57.6206732192641,340.07656370240875,1088.367835840985,103.46438403981495,374.25250386468423,487.4433348510313,122.94834239039115,15.052794236030524,282.7968682717363
1916,10,17,1,2622.7141762848223,6375.555254544786,739.7400459910302,1020.7650767799748,34.80087002112588,99.65520234587932,17.729295123138506,438.48440645466457,1399.7205835549116,1108.4436108322518,577.9909209221672,478.43772385168705,109.94205300550736,12.376676504648486,295.8819359615908
1916,10,18,1,3372.6874650936065,6350.903306413705,564.5388366229405,1020.7650767799748,34.80087002112588,111.81099444213471,101.94669544159427,298.14984473621996,1388.7863342936744,465.2805847558118,441.3286551590147,422.14803210217224,99.87051609721499,11.373184927235982,285.31410960207745
1916,10,19,1,2120.5234096849385,6488.638390277287,663.3154220663328,1020.7650767799748,35.47018540892126,0.0,39.89137809614113,305.7196787940783,1086.2493250465996,263.79800294348365,522.1965311883794,425.5259067275007,93.57858465119706,10.704050350678951,286.82216078632234
1916,10,20,1,2676.2071391998593,6253.435995475398,643.847817806997,1020.7650767799748,35.47018540892126,365.80698242580166,0.0,348.22522959139405,1092.8098746033806,216.60429947967575,485.8347469698393,386.69267654549714,86.86422671234406,10.035336348968002,287.8256168975071
1916,10,21,1,2572.241763188511,5771.889578068802,572.4690118447675,1020.7650767799748,34.80087002112588,153.73392490143166,75.35244337750018,378.5045658228599,779.6119723266332,182.1183639729347,843.1907539435073,372.05316516737486,80.14986877347819,10.369693349823477,276.75892949986917
1916,10,22,1,2362.4597064383825,5854.793816445518,406.6437708109324,1020.7650767799748,34.13155463332446,44.358423598087704,0.0,365.11425613001205,468.5530825616336,166.99006878593624,906.4627423014616,371.4922407314355,75.95339506168862,11.038827926380506,279.27617083021033
1916,10,23,1,1595.0451783550739,6771.916470402271,644.5707143632471,1020.7650767799748,33.462239245523044,48.0045419813155,84.21306900704386,365.11425613001205,1239.8755271671173,124.63741978196192,1015.554631319445,350.1031441073628,73.85237908414028,12.04231950379301,291.85090941209313
1916,10,24,1,1511.444154345978,7917.574088349833,896.89775731565,1450.1741689698315,32.792923857727665,32.20572773008666,0.0,353.4668733952565,1239.4654928198024,134.9246605091268,1190.4676900444554,318.01949917130975,64.6201369181981,12.376676504648486,257.6359230381235
1916,10,25,1,708.1435456769372,5086.547874155528,839.9335086846467,1450.1741689698315,32.792923857727665,57.11921869373823,217.18432932751432,306.29851062517264,1085.8392906993492,293.44946151001244,1175.4340564470172,355.7308804813786,62.52467918396975,12.376676504648486,257.6359230381235
1916,10,26,1,1267.656552864933,6979.133201667721,556.6086614010409,1450.1741689698315,32.123608469926246,219.96843955325988,518.5879152498347,194.49392671529245,1082.9007112103338,220.8402221320412,1146.543334490165,336.59164560593746,63.363973926332804,13.045811081205516,264.68305195611094
1916,10,27,1,2089.440977681411,6798.849381705746,682.7830263255959,1450.1741689698315,31.454293082124824,173.79129148308567,310.26421155184363,148.48965907220645,1089.1195654776752,249.88654889107235,1108.305614253206,330.9639092319776,61.262957948771586,10.035336348968002,307.957813505349
1916,10,28,1,2312.8642271603726,5956.647595022514,687.1131766974553,1450.1741689698315,30.784977694329445,128.82167242909412,1054.9218321096832,188.67345108030293,786.8559124622296,1523.4851005279327,1113.3386133271454,325.3361728579618,58.32820547218019,11.707541928091455,291.3520483739445
1916,10,29,1,2421.7014577175396,6396.785757917095,343.91803662678,1450.1741689698315,30.784977694329445,94.7941239986871,775.6759978489533,210.21885812691255,779.8169895002585,1271.829198851894,849.400298255529,318.01949917130975,56.22718949463184,10.704050350678951,279.27617083021033
1916,10,30,1,3388.179962549871,6470.741602310337,626.5489032164118,1450.1741689698315,32.123608469926246,96.61470620769342,398.91378096141136,147.32556394520856,1423.9126100453973,1928.9234115396687,983.5918190187718,290.4417417372819,42.38216119171828,11.707541928091455,278.77157575715023
1916,10,31,1,2810.183139214269,8424.912935473889,943.0908472588089,552.4417040931638,32.123608469926246,72.30931447169132,172.8626384166116,300.4780349901831,1096.7052009027116,1624.5815774949936,897.7040166403093,278.0582561126093,50.35490541978259,12.376676504648486,285.812970640202
1916,11,1,1,1239.8869819527858,2964.9889358887312,844.9937845782526,330.6636155715116,28.249627950033688,19.94961783865766,23.570377940369422,393.30336630470293,29.6694019798051,0.0,577.5529846391182,187.5583377742146,33.80190096802722,12.138210568189876,215.39902180958765
1916,11,2,1,1291.5286401402223,3192.032500882051,348.1469814807455,330.6636155715116,27.096682772528148,91.3511181884198,19.88752572340749,239.2183328651747,342.54269373159394,0.0,623.9284761060565,274.1194570512857,50.42605093436616,9.282086803641846,208.87369006944323
1916,11,3,1,2724.6333733869137,4381.291607160971,344.62647525189215,330.6636155715116,26.51985716933085,54.599508146638264,11.78487959080361,218.7405489737193,319.621773717714,1.9202410856062746,593.625899863517,261.3599671343249,62.61916932052564,9.282086803641846,178.95349585133647
1916,11,4,1,2677.6686955636387,3467.239480551154,521.5192625616115,330.6636155715116,29.402573127545274,38.32449399107542,22.097113301831815,196.11465584236973,319.621773717714,4.480540608015832,443.3680002382962,238.05386502034932,44.8850381618087,8.925439336062881,216.48848844459027
1916,11,5,1,1942.408407483646,3415.7423504696485,271.3319934156832,330.6636155715116,32.285289085753654,37.799992926088365,13.258144229347328,261.3039829541217,706.6941975657373,1.9202410856062746,393.2798549091016,195.87974424175883,47.10110977623171,9.639154846066893,222.46908686726948
1916,11,6,1,1596.3118605370273,2888.225752206613,291.76827906032594,665.3342655648722,32.8614086600619,30.449547068610908,33.14566995273747,186.41600693901202,522.5819417237304,0.0,124.90988610739991,200.87258812229655,45.43919502150421,9.996222888488811,180.58769580385243
1916,11,7,1,2428.229742809133,3497.5938366130367,181.12173216361225,665.3342655648722,34.01505986646253,29.399925692990028,33.14566995273747,290.39992966422744,322.31433259824996,22.40303191606144,588.0634554324665,240.2729067450576,46.54750874088236,11.424495058185865,193.644093319101
1916,11,8,1,7047.332474947457,4357.604681910532,352.37592633471104,665.3342655648722,31.132343908248107,32.02490800049187,23.570377940369422,250.5312794308332,356.03282375761717,28.80361628409412,395.7505999090113,296.8707987340842,52.08852151343981,10.7103589733389,239.8776168875929
1916,11,9,1,2616.770513738707,3298.4482058034705,283.3103893523949,665.3342655648722,30.555518305050818,66.67417906281831,27.989553097224476,185.87576389664207,633.1682051896244,37.76482905050793,266.51364187048705,297.9803195964383,57.0776007236349,10.353290930913857,223.01382018475877
1916,11,10,1,2116.820800229906,3944.9258064355454,310.7949164203135,665.3342655648722,29.402573127545274,47.24968153478707,28.725876037104136,177.2576010780243,492.23940002377896,0.0,182.41680279885966,271.9004153265774,55.41346267157425,11.424495058185865,269.25307778818626
1916,11,11,1,1374.9347899674922,4382.958464863832,365.77119952164696,665.3342655648722,29.979398730742567,53.024766460404074,25.04302382014926,244.06765731685357,492.23940002377896,1.9202410856062746,205.2940713167132,198.6535463976442,50.98020779406166,13.566482737883804,229.5448859598629
1916,11,12,1,2588.6111944630775,3434.253243906131,267.8042582212608,665.3342655648722,31.708463482556358,45.149819537939564,30.19914067566225,182.10692552970318,492.91595669680663,23.043024577668216,220.138150403549,188.66785863651282,47.65526663592721,17.850458097282807,233.89701846493773
1916,11,13,1,1254.892293954401,4969.51691754741,386.9086948258328,1089.0512135028714,34.01505986646253,39.899854922956386,21.36017160317387,212.27692685970706,492.91595669680663,0.0,200.96699938558882,167.58079824724555,45.43919502150421,14.994334332734779,215.39902180958765
1916,11,14,1,1816.7145601972632,4745.017503784907,337.578233828689,1089.0512135028714,32.285289085753654,20.999858459912204,22.097113301831815,258.6091992071136,505.05297337677445,18.562418194455937,212.71937904134143,155.92466518782072,56.521776390952404,13.566482737883804,256.1966802729377
1916,11,15,1,2683.3200468369305,6166.4084775184165,460.2031766621144,1089.0512135028714,30.555518305050818,107.09853505076174,37.56484510959252,198.2691965470405,490.21656391048316,9.601205428031374,189.2211560923145,275.2289779136398,69.82265267215675,12.852346653036841,264.90094528311147
1916,11,16,1,1586.9578998087036,9784.454715497617,318.55159646870146,1089.0512135028714,29.979398730742567,168.0013446618847,41.24769732656791,191.2653313906909,488.87028447015075,89.61212766423209,187.97924722991013,238.05386502034932,55.96595205825703,12.852346653036841,199.62469174175615
1916,11,17,1,2218.1553747863504,7007.82070002638,400.3039680128414,1089.0512135028714,29.979398730742567,147.52289103870518,183.40628790874615,192.33938601062167,154.41210128608117,93.45339913781014,187.36482916115742,288.54939226653994,61.50752065514777,12.495278610611795,219.75115431468654
1916,11,18,1,1861.7304962022783,5958.753099489171,663.8792813801366,1089.0512135028714,31.708463482556358,161.1710651498259,183.40628790874615,118.53189608025198,492.23940002377896,285.477507698424,191.07748302347153,295.2065174406089,68.71100400677888,9.639154846066893,198.54095914168917
1916,11,19,1,1864.5561718388394,12916.392609725797,576.488316697376,1089.0512135028714,43.239327315408,146.99653223677782,163.51938094410986,195.03416975766243,153.06582184581316,154.9005876756392,234.3612750592689,353.4748547279289,69.82265267215675,11.424495058185865,200.16942505926949
1916,11,20,1,2465.7430228132557,9610.7505969944,724.4869286545945,458.94749996886895,41.50955653469912,178.49755841794993,125.21821289461718,165.9446545123332,496.28507225043484,97.93269001708123,187.97924722991013,302.42456705061716,69.26682833946138,11.424495058185865,324.190866366876
1916,11,21,1,1113.3162008481015,5544.319636958999,601.8619858210964,458.94749996886895,39.77978575399628,169.0478698092512,154.6773180777506,139.54349154926817,248.81567584535142,65.28780225940963,268.3699688016441,271.34565489540034,65.94299882999351,10.353290930913857,236.6149510175207
1916,11,22,1,1929.254400209462,5703.022036136829,627.9368646043598,458.94749996886895,35.16800504396807,179.55027602180465,492.76092406426784,202.0380349139794,283.8804464449866,73.60902236422683,192.9272735922079,352.3653338655748,63.72525974257065,10.353290930913857,220.2958876321758
1916,11,23,1,2424.429696263273,6437.316718901518,722.3760707103962,458.94749996886895,34.01505986646253,139.64608637930036,359.4431588309128,210.12238615506894,31.017731591832217,95.37403487459915,185.50850223000037,366.2343446448897,67.04908925203851,8.925439336062881,215.39902180958765
1916,11,24,1,1514.6595783463604,8815.922660812044,522.2277011867237,458.94749996886895,33.43823426326524,88.19915783336434,164.99202682386922,167.018709132264,320.2914964849542,35.844193313718904,188.60020166108353,378.99999856661276,59.28978156773777,9.996222888488811,223.5585535022721
1916,11,25,1,1175.1887535821631,9623.90999991119,540.5458999215991,458.94749996886895,32.285289085753654,113.396263304405,83.22924255796387,147.08759974798775,147.67387017882484,75.52965810101585,199.11067245443178,304.6436087752695,54.85930581187874,9.996222888488811,216.48848844459027
1916,11,26,1,1868.2587812938714,12766.37541647302,437.6560330732734,458.94749996886895,31.708463482556358,97.12248764013567,83.22924255796387,137.38895084459742,488.87028447015075,51.20599044819092,347.5187815109737,214.1930024751967,49.87189407468351,9.996222888488811,285.5664071385955
1916,11,27,1,1747.3393514624786,10316.094593341644,402.4148259570396,817.6309650422,31.708463482556358,81.9014295797211,55.24278325458979,124.45527515186163,447.0604488574717,57.60723256818712,360.50653366665244,181.45597303132277,50.42605093436616,11.06742701576082,295.36013878377184
1916,11,28,1,1257.7179695911316,7346.280543049702,381.9785403123969,817.6309650422,34.01505986646253,84.52703113286971,50.086666399056284,144.39281600094702,940.618792698433,103.69459722744831,396.99250877141566,124.85191703747799,48.763580355305365,11.424495058185865,208.3289567519299
1916,11,29,1,3285.4812687204767,7709.2168754987315,706.1687299196464,817.6309650422,33.43823426326524,74.02462492031627,64.81498147308693,148.16165436791854,0.0,1913.86089154912,479.84743898063874,242.49194846970997,43.222567582747914,13.923550780308851,236.07021770000736
1916,11,30,1,2303.5102664320493,7338.735818710665,763.9570806247938,817.6309650422,32.285289085753654,81.37507077779372,44.19422660366363,164.86416842762588,146.99731350579708,1063.190275664156,455.7347979628015,321.2864217104139,45.43919502150421,14.994334332734779,252.38928108535217
1916,12,1,1,3017.91901705514,36076.06444998674,584.0136698477727,205.38745627809232,75.01556957141558,230.9476649157941,16.017808356984837,205.31808195692363,442.659413529801,92.80222469278583,138.96960170225748,148.46005538620304,34.4372081802926,16.67495140873921,204.86559965961592
1916,12,2,1,3507.832710199311,62404.520512643445,482.2876664549727,205.38745627809232,55.745923074354565,198.38153621779088,16.017808356984837,221.72474863629094,443.2129598986536,97.0710349433762,55.5878406809107,167.6732583190711,34.96746459366962,17.091741078988864,202.23367763085085
1916,12,3,1,4099.2758520817515,24810.73825957091,431.42466475857265,205.38745627809232,48.86355345381596,176.34258355829388,9.856827254095435,199.85133688539338,619.1723661352611,111.11403938871665,35.276748054521796,170.58266858034162,37.616523363260185,15.00737215289451,214.87149059685714
1916,12,4,1,3209.090589439449,17741.507012598544,402.62446595832387,205.38745627809232,45.42236864354968,168.8249413754916,0.0,213.76902669102552,1148.1645114883831,39.073097708209886,33.138703902468066,198.53026630178357,34.96746459366962,15.424161823144166,163.2594422724113
1916,12,5,1,2939.384721773858,17781.86251487723,650.816540609086,1771.2267802193162,40.60513352650669,212.40745017499918,22.79445443900787,268.45577180062503,268.3606463998157,169.7263169589036,21.914462331368423,213.66289806318056,36.556566360826565,14.590582482644855,338.10736912027943
1916,12,6,1,4087.2910898985233,14809.592042707523,1341.4791393975981,1771.2267802193162,39.916755358670784,241.46864849783262,14.169575901995314,206.31495899937303,271.6819246129313,133.0961100473911,56.65718957505929,256.16371109568144,39.20562513041713,15.00737215289451,278.07202349678386
1916,12,7,1,8171.171881615008,12983.066917838425,1140.4416071098055,1771.2267802193162,39.22837719084093,220.42668133375554,82.55479549537917,331.59346164435897,451.5161554314426,621.5098314000442,53.449796528856965,241.6104957846225,37.08626694988317,22.094058271673756,286.49532079580956
1916,12,8,1,6698.8974378185885,11147.768857691228,644.0719157394193,1771.2267802193162,37.85232688406422,195.37819481855468,566.1642773067924,248.56968266984967,272.78901735063647,428.5846026478494,28.32859478752967,195.61469203575075,40.79528272189449,41.27016827675385,395.5107927150099
1916,12,9,1,5183.166051472101,9690.584308023817,447.35730485791703,1771.2267802193162,36.475570548404505,175.84099458233982,239.03270160260973,303.25642777948184,274.4496564571943,222.22807877746277,60.93262424286707,231.71110409061032,43.444341491485055,29.597534060699534,277.0169610712988
1916,12,10,1,4274.175430282492,8099.875683425779,427.1378881801275,1771.2267802193162,35.78719238057465,172.83146072663592,116.43802590555285,266.9636719693392,97.38315748294602,151.40792474332193,55.5878406809107,249.17989366775802,81.58945379513527,25.429216783356903,231.72381922984405
1916,12,11,1,4141.076364086214,6545.048364114688,465.13333117562297,1771.2267802193162,36.475570548404505,170.32970830335378,64.68504213075524,231.17257041284216,272.78901735063647,119.05310560208014,16.5696787693557,151.95504610257385,63.04715405669361,25.429216783356903,196.4423023605662
1916,12,12,1,4380.869044839574,6252.558701947805,380.56166306217267,726.4194969087547,41.293511694336544,165.3200110003218,63.45371217245442,276.90671653472685,984.3557897433826,188.64984098195347,305.19583475291586,172.91266239127413,58.2781812822358,26.262796123856216,216.98161544780325
1916,12,13,1,4236.66215027837,6545.925657642281,577.2762739436749,726.4194969087547,52.993116431918146,165.3200110003218,40.044211513064184,246.5823600497601,630.7900059753136,131.26098206603402,389.6521737583714,197.36526939634527,58.80621439829254,25.846006453606563,215.92655302234223
1916,12,14,1,5091.867497280456,4775.284130493739,661.8479420571252,726.4194969087547,58.49872971679099,160.31031369726932,38.812262796005605,274.91939391460465,275.0032028260469,159.3469909566854,265.64430566680977,220.65287949597808,62.51912094064974,25.012006538264295,203.81053723413083
1916,12,15,1,4930.5116747173815,4833.624150092062,604.2403154911312,726.4194969087547,86.0296202567235,180.34910290943824,32.65190045187289,233.6551158217682,96.82961111409342,177.65880565261622,308.9411704274485,209.00907444613372,58.80621439829254,21.6772686014241,249.10367907558557
1916,12,16,1,4607.020532864099,4654.480811716466,466.35502635562835,726.4194969087547,114.24253470447842,190.3684975155227,33.267565431033546,247.57923709220944,630.7900059753136,170.33802628602265,332.45900246379506,267.8075161455258,58.80621439829254,21.260478931174447,221.71792829260283
1916,12,17,1,4852.854313254401,6861.663598295807,711.4820196079507,726.4194969087547,82.58419927311691,230.9476649157941,21.562505721949282,285.85931552247433,453.16996063221285,144.0805678571069,379.4946665364882,385.4105635490164,66.2264692396612,20.009689345579403,225.40491274685294
1916,12,18,1,5540.760175147298,6331.778307507691,862.2710122722034,726.4194969087547,67.44552781193616,205.89917840059323,20.946221984030853,177.97792513449585,274.4496564571943,119.05310560208014,396.600327025369,437.22518782042914,54.04057656983445,18.342110089737826,221.1903970798723
1916,12,19,1,499.2871412905246,5988.493350081521,1383.768587937108,486.83998651835606,62.628292694893176,291.06403255228037,22.178170701089435,242.10606055587004,631.897098713019,122.10507471805388,314.2879148981561,287.02071907839394,54.04057656983445,17.091741078988864,240.6803817765599
1916,12,20,1,499.2871412905246,6646.726683985948,1065.1157859505852,486.83998651835606,56.434301242184425,218.4203254299393,24.642686894005386,222.2199714250947,274.4496564571943,120.88165606381583,391.78956427419337,295.1695334118116,49.27215961970992,17.508530749238517,165.8970983360879
1916,12,21,1,454.047099976469,9930.085441111707,893.5001435013249,486.83998651835606,52.993116431918146,190.87008649147677,11.705059709084958,234.6519928642502,632.4506450818716,35.410077017055684,753.6425886022113,196.77968894118908,55.63245745864496,16.257741163643473,201.1786152053658
1916,12,22,1,4418.4797619345245,12852.350182197035,705.351856811144,486.83998651835606,47.48750314704529,206.40076737654726,18.48232454989521,240.11873793574784,454.27705336991806,91.57880603854777,618.9477679315977,189.79587151326564,94.30671452701849,16.67495140873921,222.24545950533334
1916,12,23,1,441.24386622970724,23017.550288757942,528.2494295001403,486.83998651835606,48.1751752859861,185.86038918842428,17.86604081197436,253.54120495254352,454.27705336991806,103.78668250250166,287.02474718733447,205.51408372976292,77.88210549611094,15.424161823144166,172.2160048191031
1916,12,24,1,3966.956282612778,15844.798405505724,516.6035659792411,486.83998651835606,47.48750314704529,161.31349164917745,17.86604081197436,214.27068094463846,454.27705336991806,103.78668250250166,245.8718093049383,244.519906045893,66.2264692396612,17.925320419488173,179.06244251484875
1916,12,25,1,4134.255767721797,12132.969489405046,522.1192667032607,486.83998651835606,46.110746811379535,201.39107007349477,5.544635489091253,223.21684846757677,278.8780274079507,81.19948003632958,242.6624553499951,211.91848470740425,65.16484476424058,14.590582482644855,171.6884736063485
1916,12,26,1,3533.3612280202055,10882.826212296986,489.6395244318576,1625.935043117401,44.73399047571378,121.23591322486011,28.955435541898353,213.2738039021891,637.9861087703975,64.71555805016641,295.58084561298523,220.65287949597808,67.81612683115144,17.508530749238517,150.09409809365044
1916,12,27,1,4393.730740840933,6387.57417587556,471.2562650068607,1625.935043117401,44.04631833677297,52.601202436271016,41.27677898890104,183.4446702060261,278.3244810391625,91.57880603854777,245.8718093049383,267.2280996951878,111.25935667398278,18.342110089737826,191.70025548085505
1916,12,28,1,3826.1596862337824,6225.976708055441,653.2671599346659,1625.935043117401,42.66956200110721,179.84751393348418,83.78612545365947,219.24220322733228,277.2173883014573,321.74595102937405,338.3351922916713,206.6790806352012,104.90072630803473,24.178427197764986,191.70025548085505
1916,12,29,1,4065.952366987141,4621.933221835239,689.4192167117997,1625.935043117401,41.293511694336544,170.83129727930785,125.67609438664905,204.8228591680872,277.7709346703099,137.36492029801096,277.93920340451496,176.4014891028827,73.11313272166599,33.34948224263547,266.483538921327
1916,12,30,1,3400.2621618239277,5250.250846441942,602.4041582382658,1625.935043117401,41.293511694336544,177.33956905371383,1198.8451227124676,215.26112652231132,639.6467478768909,84.25144915230331,283.28594787528004,168.2526747694091,75.76441478857684,32.0991132318865,215.39902180958765
1916,12,31,1,3244.9474388979665,6515.044925463915,598.7246147670388,1625.935043117401,39.916755358670784,195.87978379450874,2814.7955343129697,225.20417108769897,639.6467478768909,101.34642271361747,221.81799554900232,253.83371728480486,70.99544201411902,120.05729492379989,186.9582086011439
1917,1,1,1,4241.710933382404,217448.89731880053,3099.849507881037,11317.672125406027,7349.580648348223,7714.513871125581,77.29313747980777,652.2216808347308,856.0307959732773,355.07991477928584,944.807599412616,607.4813173986715,81.53294364190235,278.35046836786717,988.6840158176929
1917,1,2,1,4166.990955193949,121015.03850785433,3503.509480274607,11317.672125406027,7784.0142155784,15160.02348728076,70.57204381820057,738.0313857802469,713.6859855499284,375.73453804660704,965.5318483029948,562.673827707794,106.72265093684979,160.23027443878988,932.6739097927205
1917,1,3,1,5782.18447833999,71266.5125212651,4305.779558668169,11317.672125406027,5516.241272842385,8598.960473158862,145.34911405264856,918.8204343262314,1044.8472696728236,664.7495926069803,939.4901934472632,739.3487526496987,94.12712401981678,131.70856907545416,886.0049994778901
1917,1,4,1,12258.683821026905,57384.76400243049,16109.073796312277,11317.672125406027,3145.432774822563,4532.9007340290245,2115.5138228529754,1847.9652025458483,2990.2481447171426,0.0,1204.1061292793554,2164.226924826135,683.4224643436684,171.08246463044784,703.6292737046863
1917,1,5,1,11026.70562837513,44218.70598477192,20758.24426976116,11317.672125406027,2647.3450304099115,3152.407600263206,3289.155524109442,2992.1323369574566,7526.238244393379,432.16057407405793,3325.832915677313,3127.7138169196896,1663.1104656005066,161.57373677339626,700.7626633808896
1917,1,6,1,1894.6422351378628,35760.88930905877,12726.761109489347,11317.672125406027,2215.016756977678,2317.6439804291595,904.8315770716197,1826.229762770815,7532.124044695898,417.01385034477954,2474.502586259492,1800.1031392187476,726.5117161445274,128.99328242363913,575.11369621365
1917,1,7,1,17228.664139675562,29588.176915169814,11984.650309004957,11317.672125406027,2046.0978899018685,1920.5158186609492,730.0853833551154,2141.9596665873833,6971.534264787887,353.7029398946621,2559.7174254468887,6624.711832585695,2412.1901773757077,148.00327445811584,620.3493013664975
1917,1,8,1,85918.96044215644,21251.3752779649,52330.88720161011,23612.356937624034,1730.1799794104452,1662.2538301118054,4305.781180344936,11081.338506592707,18569.045976096644,461.06207953020834,8745.496687996469,11236.862541125382,3963.94185785347,335.38790815085184,567.9348143251088
1917,1,9,1,86004.09714652627,21908.44911986275,79529.90671758668,23612.356937624034,1473.4579768825226,1539.1653606992827,5383.599385175283,13695.591166626602,21965.806728363103,499.58744205935943,11543.133944454641,17410.730474628323,5973.112876979549,2340.908481227521,539.2192867711137
1917,1,10,1,83374.87539391605,18802.711608156907,61730.225476383785,23612.356937624034,1291.2881429612944,1539.1653606992827,10736.154198993867,9992.64202577394,14641.255240996461,1226.2709702318332,5896.866871768497,6116.474070303239,2030.9849528501948,2404.6483053242123,621.0659539474889
1917,1,11,1,65085.508078615785,16736.947083629082,63359.35628691477,23612.356937624034,1189.2680823330181,1152.3318709183172,9397.875402708221,8925.114957652893,13158.03356480481,2306.7322738908224,10482.379626249707,8265.974938124353,3359.4804474348816,2867.694989979735,489.6714100536908
1917,1,12,1,35513.02341354215,15567.450188048924,63359.35628691477,23612.356937624034,1160.747543412506,1155.5769305664821,3291.6211579357337,5227.486471328419,7699.411568844933,5386.815550844002,7563.260095046177,5828.3719806882655,2493.6557940617085,1083.5471549250326,563.6225427605334
1917,1,13,1,27107.526671483352,12899.446760946585,0.0,23612.356937624034,1040.0646724701417,1028.2922633329986,2482.6691144225,3560.3103173285554,5338.159283105021,1948.868475105819,5268.731249150119,3938.77972582214,1499.3713087572853,680.2696167995023,964.2684037494772
1917,1,14,1,22026.367833009743,11788.566524643615,0.0,23612.356937624034,1515.068489593216,916.7629201844727,1770.21301292446,2830.8146198764207,4151.451146589265,3524.7563619342786,3924.2456023868986,3052.824894542562,1108.9826874416929,513.2623212506326,1066.935064010315
1917,1,15,1,16516.520647825415,9042.376037504677,0.0,6519.137841859904,1957.30402795666,908.8964480029215,1476.1301420215043,2516.782797292416,4032.688776044207,18518.81548459158,3295.564604797891,2528.4765741690794,831.2455288028826,429.07201494964147,1066.2184114293236
1917,1,16,1,14837.825159301685,10171.881244577835,0.0,6519.137841859904,1381.3204130229362,908.4376637078477,1279.5518815168164,2084.790931762193,3596.7471669837723,4808.785441723256,2820.8156927169885,2152.1440062579636,672.1519319195239,388.3352514930053,25012.410683113456
1917,1,17,1,12817.581245010548,9194.0230076348,0.0,6519.137841859904,1155.2613954568694,0.0,1010.6857201995687,1923.4732146813692,3090.045158732517,2635.5598631548824,2122.872073836643,1980.5917353338875,646.298380838987,378.8265236359538,812.7705193520388
1917,1,18,1,12817.581245010548,10830.845946452111,0.0,6519.137841859904,1671.9747979400404,908.4376637078477,935.0804211480965,2299.8812212032917,2315.212247818859,4548.656925500798,2219.4034436679317,1977.3192782216167,585.9734283178058,374.7513545543756,865.9016589742497
1917,1,19,1,0.0,10015.88529650073,0.0,6519.137841859904,1618.2278856886926,0.0,1768.5318989521784,2466.972414474366,3423.573842532219,4040.8226012526093,3456.5865649266007,3680.7590688934165,1584.8765427995997,384.26008241139124,990.1173209796758
1917,1,20,1,0.0,10358.13095228074,0.0,6519.137841859904,1314.3225339261699,923.2418496198751,4277.986762668135,3480.160883157828,4489.034492819624,2134.61041332936,4472.483791783232,3842.1163772751916,1541.1140214393372,438.5807428066931,944.1650632458368
1917,1,21,1,0.0,15353.783010683846,0.0,6519.137841859904,1156.351194599283,1001.9177612961811,4025.1472212209082,3806.305685199853,4293.887513906095,1637.851756630423,5050.308573344996,3303.671318571716,1419.9255007494949,445.37269127598995,877.3928124275353
1917,1,22,1,0.0,16985.595170563032,0.0,4188.692408407075,1044.4486372021468,1616.4872992120881,3715.9343245663395,3691.855010134011,4118.752256020615,1249.6795432681758,4675.499624663329,4356.143871371997,1635.9103754012701,434.50557372507893,898.9294580929893
1917,1,23,1,0.0,14417.807322224236,0.0,4188.692408407075,943.518375716284,2306.0065251393416,4513.230644537593,3727.9675376771506,5713.9349335192455,1156.0901524777366,8537.70882412205,6074.813173989076,2824.500455545062,420.92167678644927,874.5138460247737
1917,1,24,1,0.0,14299.628573681644,0.0,4188.692408407075,873.3006355168934,1496.1962950134498,2858.117901589171,3833.814601165349,3572.8115790875004,931.7480161336435,4396.13129587129,3592.402726862111,1535.86251887614,404.6359278193538,850.1105900353539
1917,1,25,1,0.0,17896.98967932511,0.0,4188.692408407075,821.733321550373,2623.0152831808623,2113.832708880693,2946.9633761746136,3168.2609049728508,829.8967760361401,3366.054319773851,2856.8550590118166,1198.4736772755518,391.0520308807241,852.2605477783281
1917,1,26,1,0.0,51750.946701897796,0.0,4188.692408407075,830.5136350955162,4413.504918698813,1759.229734971555,2399.5019868391805,2718.32417074858,781.7325893155271,3057.6447737866088,2438.8615947869307,944.5837264302603,399.2023690439163,827.8449357099432
1917,1,27,1,0.0,37073.14613287805,0.0,4188.692408407075,850.266244552018,2852.071734896656,1461.0001162698916,2201.505715137908,2240.789572885056,769.3398153550439,2888.851220324107,2076.625765205414,825.2803605067049,458.94166085536665,804.158332301684
1917,1,28,1,0.0,36096.51695492029,0.0,4188.692408407075,786.6244514506777,2132.0041888334795,1187.0906130355293,2128.261811312472,2546.0664152333284,1216.6471131588326,3062.4168047813314,1896.7664877656957,768.2678942177718,449.43293299831504,800.562713317931
1917,1,29,1,0.0,29292.257328818225,0.0,5114.469128459185,833.8078006851929,1807.610122627202,1114.0293997955746,2072.2251306421126,1956.178429375893,2423.6254678895075,2946.3882797434803,1748.8765990380982,741.0947348008126,507.82876247519505,774.7137960877324
1917,1,30,1,0.0,26659.234811284758,0.0,5114.469128459185,874.4028187404399,1522.044873590031,786.3690791506153,2063.6215190644684,2339.6710179644992,769.3398153550439,2620.117703462773,1871.0902858077895,754.3446797295904,384.26008241139124,916.8828408538246
1917,1,31,1,0.0,24917.75277275689,0.0,5114.469128459185,1362.6204504654495,1448.0798933339947,400.74394873773963,1972.7175704216857,2374.8550242160713,769.3398153550439,2518.2689276661313,1789.1529942658622,654.9162311992018,353.0320468118067,794.1004840103814
1917,2,1,1,66729.14727710445,133305.62835630792,24609.31629357625,19559.725837619615,2688.831702309021,13595.680939656115,1433.8781441820313,7401.143654254446,7559.460317211397,4215.03985837759,9864.469784333962,6859.573562258592,2616.9987773415774,1347.746486701864,2380.5221766577997
1917,2,2,1,92229.09264842095,142759.9282397343,24979.273896776293,19559.725837619615,2664.80658485105,13595.680939656115,1510.2007185284976,8009.735967957507,8831.970342579063,4472.623964487446,9358.498155174935,6866.999522628881,2283.0570758850536,1336.565894606244,2307.7448714543343
1917,2,3,1,271435.8456980489,249593.51692244958,24503.927777531266,19559.725837619615,2664.80658485105,13595.680939656115,3252.843462305894,9520.801853989487,1668.820579058937,11051.570488699126,12988.377617073244,10952.41049982817,3758.59464224012,1785.759989856187,2585.0152838086633
1917,2,4,1,156250.8927265525,177740.83780841058,22264.42181157236,19559.725837619615,7145.490990766968,13595.680939656115,4082.6413190766607,10104.375770867846,13770.15679624909,7803.107130761986,16927.075656186462,10101.949241842914,3976.4646716580746,2315.233423277578,3545.206181494241
1917,2,5,1,118189.77783162303,192867.71762189234,22922.00223981205,135087.7033334857,6472.292338696597,13595.680939656115,2861.1439067394663,9454.123864262534,11510.401866833981,7034.844947925058,15236.413246708304,8256.53515799264,2877.554096824835,1834.2739074941862,2993.87793732074
1917,2,6,1,154247.6761531352,220285.18728382775,29220.063870550042,135087.7033334857,10643.374715514587,13595.680939656115,9207.57330103386,13628.799971484399,16532.559071484426,10873.761123179896,16261.718191811018,10089.74045953958,7055.326366740054,5487.894363209358,8355.798411527601
1917,2,7,1,166266.975593639,245811.79696907863,110877.50125579779,135087.7033334857,31694.57892280619,13595.680939656115,38755.28077678499,46642.8952923919,61288.1845705397,64346.63503706148,43220.966435853086,59401.3897744596,23600.79113479142,10863.982805462228,13877.112304601435
1917,2,8,1,134215.51041896146,196649.43757526332,120757.67463502723,135087.7033334857,40019.15828118945,13595.680939656115,34002.211205519896,65051.227906089916,65378.16180286025,49873.43163158188,43021.904571511164,33769.240123927084,17202.03724236669,9829.516807827564,17252.793082463777
1917,2,9,1,99028.00969859962,127633.0484262525,265666.8841970605,135087.7033334857,34151.58062572677,13595.680939656115,22052.853089785982,47557.5950495943,56718.18762467195,42321.02373250731,37090.951764067635,22172.15557298161,10716.835538516398,5644.482361985519,11016.680020285405
1917,2,10,1,83070.38647475651,100215.57876431613,139420.22435135004,135087.7033334857,72829.54291686429,13595.680939656115,41875.42830953721,56372.90075421677,93708.48059149599,64545.697710580585,36639.65397573106,25789.479319391045,10051.375906017225,5322.051401683807,10521.077692320343
1917,2,11,1,83369.86735248304,83692.29885805212,83596.1469616608,135087.7033334857,27513.71312186866,13595.680939656115,17986.798761903476,28145.130400452515,43162.535550553,28374.66289152901,39485.147885877006,24511.96240825468,9774.258155373047,5307.124042410571,10389.361890373113
1917,2,12,1,78057.33699978025,89411.20485753696,64968.72675068665,30988.632342166853,15913.544295630018,13595.680939656115,12333.772844086672,21761.477020670143,24980.64443878795,17707.597672205804,25106.33678075058,17452.265507207325,6984.229101268631,4033.9695699969843,7765.795640140693
1917,2,13,1,74999.42690045865,105888.15869437256,57145.825028421474,30988.632342166853,11496.390226085074,13595.680939656115,9808.291360500561,21930.153089758107,21680.672402604945,13372.222182618083,20765.152013187264,14777.661136601748,6259.521747543236,3375.9715732331324,6698.601098471602
1917,2,14,1,99568.87817342204,135196.4883329934,49825.71435145446,30988.632342166853,9035.301776380356,13595.680939656115,8407.587198706848,18699.27053152103,20228.841661359074,11208.87490213406,17415.186255052027,13209.398997413953,5572.78679696732,2949.0490980188038,5834.416934475703
1917,2,15,1,88298.78173137622,107779.01867105803,43290.52855961502,30988.632342166853,7459.179766648862,13595.680939656115,7534.6407499782,13241.637450490422,18185.814978632905,9861.684583077995,16599.850673706653,11888.584961407483,4753.283089280099,2661.9959791946267,5145.19484886379
1917,2,16,1,73549.0981013039,93381.06537858724,46784.816544735804,30988.632342166853,6881.833902787207,13595.680939656115,7318.897790188395,11788.079915530228,17176.07323787449,12109.296739645735,16715.742855001543,11513.636894582374,4862.218103989185,2447.639100031112,4861.746397018447
1917,2,17,1,68137.40852821697,85992.5300196897,124051.06576143735,30988.632342166853,6698.054138314709,13595.680939656115,7003.520808968436,11842.41851496781,19034.678177793805,13203.542759267842,21181.00042842202,15833.657873984232,5835.631232952527,2993.8311758384757,6077.584568839975
1917,2,18,1,62704.68518110927,76503.24922669547,86669.97867964333,30988.632342166853,6829.944602710381,13595.680939656115,7308.923180618834,13383.144219859487,19908.392533786533,12786.409171976504,25756.696433428664,17211.865773190402,7147.698950288112,3275.2118981388426,6526.728039833122
1917,2,19,1,80758.6745490334,134251.05834465066,83419.40163787687,51390.52656453235,6182.628680272587,13595.680939656115,5928.168237964244,12309.956880963653,17811.739670528106,11477.83401815945,20377.93578391964,12929.98150552011,5056.389044916629,2652.5917428525263,5662.420315047233
1917,2,20,1,74295.29627490239,105888.15869437256,70757.41055387312,51390.52656453235,17924.719076649693,13595.680939656115,39465.83161578101,29586.235339708302,44813.17554645575,36036.330754264236,28964.86469915624,28438.910942979364,9006.865511582459,4004.114851450548,6408.9746071352465
1917,2,21,1,89769.14269626433,138978.20828636334,94310.64609291434,51390.52656453235,37289.70679266274,13595.680939656115,33315.19596213743,45000.28471355446,56906.53323434702,30056.96698953924,37873.564847164744,26012.258130495768,8492.891529945535,3592.1197355094555,6802.392161919788
1917,2,22,1,82293.13844427057,104942.72870602981,69497.13954950053,51390.52656453235,20316.08514940161,13595.680939656115,16868.29759894127,23516.160960847872,33396.030915523195,20034.984569364173,29365.71530269404,21450.956370931242,7578.726122208413,3359.103657254378,5891.625580161983
1917,2,23,1,81367.6523873518,92923.47726422928,54166.40385606246,51390.52656453235,13076.351300977196,13595.680939656115,11949.358115733916,17816.26829065727,22834.289261865117,14220.259106045638,21960.886636665175,16060.212597141488,5878.316523017723,2839.0344601751235,5250.468641789818
1917,2,24,1,75214.77268210074,87708.48544853182,51921.40890489331,51390.52656453235,9872.341822249306,13595.680939656115,9257.334274616605,13891.436535433675,27775.74560459193,11370.669451061862,18953.1436727063,14143.307911761514,5160.611172709997,2546.308944827137,4550.37320667389
1917,2,25,1,63934.66015718757,74355.23229318112,56648.52296833354,51390.52656453235,8012.500513052632,13595.680939656115,7913.003468030367,13770.306740853677,31668.221537878107,9932.32938149986,17428.820629321803,13121.29438285258,4940.452026790091,2320.7565462086773,4102.836025948575
1917,2,26,1,58490.91911892578,61202.41029535853,52468.11183187729,15967.123132750698,6821.894949953863,13595.680939656115,7073.231001690037,9431.143164916997,19825.991329553854,8669.403938527288,15734.06790756291,11479.276094903336,4345.955005850309,2167.9003872508074,3625.767816456384
1917,2,27,1,54665.7770719856,55032.5341914342,47957.26378573775,15967.123132750698,6198.727985785709,13595.680939656115,6681.643520388546,12743.533622310766,15885.121038226138,8051.561294702856,15175.058562493314,11165.623667066013,4405.202727076531,2056.094466294355,3599.449368224834
1917,2,28,1,50782.54174441609,52707.72185010008,49013.34454027326,15967.123132750698,5391.657416333388,13595.680939656115,6094.038149906503,9735.439321768526,14104.993435671286,6961.955081756871,14617.412654850896,10351.91461972632,3841.5414519567444,1918.165666609721,3416.7029600821697
1917,3,1,1,11083.79730071771,17043.266399852007,12825.562843281934,23271.59516344953,1706.7740660106485,8572.10480710525,2043.1138477754803,12683.534752098396,10931.108321520784,6013.638465654169,17586.979370853598,11598.091460825988,5595.543308074687,3458.0720492358587,5415.916539357814
1917,3,2,1,11176.946871381428,21102.942769794496,19489.19088905092,23271.59516344953,3215.898196645291,8572.10480710525,2792.890679460545,11708.836124683407,15738.63000847865,7132.43055930435,18219.614336981183,12026.405751327944,5595.543308074687,3174.1536758590973,5108.867976656968
1917,3,3,1,11875.067847217946,27038.352236610062,20558.445208092173,23271.59516344953,3240.9140405963576,8572.10480710525,2359.3874231141167,10674.025421640374,13194.656322241683,6057.492122301638,17734.23061296957,12406.891822497077,5579.519492561248,2956.960598433623,5034.237259606198
1917,3,4,1,15035.14199178321,29037.936661953998,17678.9235665679,23271.59516344953,2724.62169687281,8572.10480710525,1925.8841667676886,13303.90042901288,12055.688565956034,5678.375015516976,17713.77905156471,11454.229211621245,5503.440032350368,2769.9207867400783,4815.287540046362
1917,3,5,1,67451.30685182195,88706.85951622148,18982.008655584163,23271.59516344953,3301.224515864623,8572.10480710525,2465.97004896354,12364.29548040145,13324.143928893414,7674.539584481487,18212.797149846094,12947.602428432307,6024.1467095812195,2763.2034750671182,5036.832036192423
1917,3,6,1,121194.602691749,119124.17853116887,32872.434629738294,46100.200020472446,9785.034050043698,8572.10480710525,10141.151927033357,13251.825937884954,25463.2800635805,11193.758112641253,17642.88030536068,11035.480564985775,5375.249508242858,3621.825180463182,4791.316746821566
1917,3,7,1,70163.66209222919,97379.2887992879,24853.02723693056,46100.200020472446,6458.9175310395085,8572.10480710525,5600.014790554028,10448.973055635664,15839.342591429955,7834.388408029249,16520.771302940753,10460.031568166412,5231.169822533832,2683.0435557699107,4836.6635566851
1917,3,8,1,49048.757800123254,69755.71539989415,21476.203535318353,46100.200020472446,4951.8986942028105,8572.10480710525,3645.6637605205988,9598.121152772606,15643.149248018432,6947.436976996399,17599.250307696595,10348.138707673792,4882.685498594493,2509.289093829539,4684.560224417694
1917,3,9,1,39544.49676754448,58249.83244176414,21270.915488438644,46100.200020472446,4304.4589309533485,8572.10480710525,3446.7319404546893,10695.987272246544,13397.389443766788,6693.594650463819,16137.645385954263,10447.193467187657,5014.780986146501,2412.4105321462866,4938.106965126701
1917,3,10,1,57884.94610546691,101161.00875265886,20969.021301851113,46100.200020472446,4100.493114183678,8572.10480710525,2334.5069363228117,12612.215340336234,12693.840114292947,6696.737745308984,15270.499182383342,12979.06836220417,5611.567123588125,2382.257266414358,5186.340591873603
1917,3,11,1,90189.81817668183,137087.34830967887,19944.776661537813,46100.200020472446,3815.411565790396,8572.10480710525,2476.6171041219086,11766.57088658612,13798.931819949516,6380.332864241876,15810.420403474853,11447.810161131869,5547.47186153437,2405.6932204733266,5621.39813282724
1917,3,12,1,76110.21049041812,156941.37806487337,21358.739251809777,46100.200020472446,3600.9192800313403,8572.10480710525,2128.402363308033,10245.882540237126,11740.863647561517,6182.916573736972,15472.287921579222,11297.528861437353,5527.543082576541,2398.9759088003666,6328.783654542563
1917,3,13,1,119191.38611833166,202322.0175053187,34680.5063581375,39814.36229328788,6358.977996046741,8572.10480710525,2476.6171041219086,10402.332424451606,13982.045607133507,5869.505116331777,16122.647574257311,13989.754154955124,6308.535771466696,2408.9772395134514,6803.8748913976315
1917,3,14,1,123197.81926516628,168286.53792498418,43665.9751480258,39814.36229328788,6895.951755314052,8572.10480710525,2434.028883488167,10764.589754036771,12527.991341328843,6474.326367226694,15810.420403474853,15047.009529688452,6320.5199696238205,2358.82131235539,7377.814760108073
1917,3,15,1,73127.42101259966,115342.45857779893,99967.59425104434,39814.36229328788,20550.14428339958,8572.10480710525,9458.843802773472,13465.784173171223,22868.29610805626,12268.546878460937,14924.186075925443,16316.97461671976,6929.424959134493,2288.6627237712305,8018.353894531137
1917,3,16,1,56274.359980439185,80163.00871156895,54460.613463355454,39814.36229328788,13371.092432678435,8572.10480710525,7429.963386630795,11612.611521512434,19128.850982631157,8934.32193260912,19644.40644819452,16520.873867561055,7049.53624852927,2395.6918897602777,8464.161224199137
1917,3,17,1,46416.53122265283,67238.03534093764,40012.506591794925,39814.36229328788,10513.589544916773,8572.10480710525,7081.74864581692,11176.317850193389,19059.529334625637,8398.349425938606,23686.99841924515,17876.426294451652,7458.076217166049,2328.8173202162075,9278.303268318165
1917,3,18,1,37694.52626199368,57084.117266137844,40643.739891023615,39814.36229328788,11494.037250663876,8572.10480710525,7206.039005508779,12103.923024762258,16905.32642396636,11005.621435488363,23220.702819211627,18586.29776034404,7490.123848192927,2372.255935701309,9729.423711948437
1917,3,19,1,34473.35401193889,48963.81909626365,44282.937085706595,39814.36229328788,13623.727688422223,8572.10480710525,33795.994558240316,13871.059560644395,62626.223172606726,65832.86988521474,24570.5058719402,18765.02426416808,7602.290556786998,2372.255935701309,10121.729219624594
1917,3,20,1,36343.356683223734,51961.77758929824,39136.46455217026,26008.642413872927,11968.595240865063,8572.10480710525,22935.998296613787,13223.524584011013,36529.89258761797,26307.703852959377,22657.603161861298,18484.3481349234,7854.631987645598,2459.1331666714773,9577.196818891041
1917,3,21,1,53328.63000922928,59972.40588052476,32546.388908224053,26008.642413872927,8581.92056496944,8572.10480710525,14881.220883578728,20606.7817826174,23090.648563922852,18339.210064875115,23969.229966633702,23033.063520978703,9937.458696568681,2459.1331666714773,10914.495247104884
1917,3,22,1,46878.272642825825,55445.687096340174,32395.99071345112,26008.642413872927,7753.5493759151805,8572.10480710525,11885.47578478317,22665.98829047801,25469.81984169445,18732.845276420252,29106.662191564308,23794.53911825723,10085.712653545945,2465.850478344437,12131.692587614434
1917,3,23,1,38136.23551643195,48768.11508867661,49484.29947135019,26008.642413872927,12832.384902048103,8572.10480710525,21398.339383202896,16604.970344857073,31227.440493013517,31396.524078257273,22372.644739618394,18152.067874292574,8671.711924919051,2709.763528868968,11152.102645927413
1917,3,24,1,33883.40673106712,44397.39225256812,48046.185346150545,26008.642413872927,13263.350926552319,8572.10480710525,20836.847316425235,14826.513267425145,30921.37887729138,22738.04613609598,18645.006814204575,17004.19061029658,6532.869188654839,3177.437694899186,9780.083635774241
1917,3,25,1,32097.53915586538,41387.143169685776,50318.62522337381,26008.642413872927,14455.937942637278,8572.10480710525,18967.448579129825,13355.974920140588,28676.927028662598,20259.49134400953,18593.196191978626,17365.419529997187,7594.345975986187,5342.651157480853,9796.146538450708
1917,3,26,1,28139.183206792728,41154.567392553436,42663.68644855492,26008.642413872927,11133.908170417224,8572.10480710525,15179.338428015459,12930.322557878138,25924.988398409067,19600.938138382793,19533.968016607538,15632.275897844625,6472.813543957397,6729.253560370955,9425.093486623466
1917,3,27,1,25696.26059551062,33036.16008265567,33974.6228600439,12698.244113347399,7970.023114660343,8572.10480710525,9586.832613204702,12793.344005128818,19759.285592794058,14317.994388607956,17272.025325217186,14986.594936846806,6733.099555616915,5232.337972451716,9334.27630610641
1917,3,28,1,24601.50273813825,31544.27156105097,30395.804502678424,12698.244113347399,6560.838519018553,8572.10480710525,7095.982077449722,11812.98510693904,19238.719254941774,12791.947005751017,16640.75379651678,14517.123204970945,5707.710016668758,10631.71309517081,9526.536895065068
1917,3,29,1,22450.048138288115,28580.348547597037,27768.77618084562,12698.244113347399,5763.675214497356,8572.10480710525,5333.502188798136,11651.101362780695,20408.03158167484,12632.09818220348,15487.285733276172,15092.32047431998,6272.583176995428,7186.926395688123,9099.387244659927
1917,3,30,1,19808.80708623708,37783.16405412382,30361.772794371922,12698.244113347399,5526.396219396764,8572.10480710525,3794.9466812686987,13198.619392602202,18791.398431963233,12732.3778748784,16110.376637414312,16460.459274719015,6937.369539935198,5122.024787422544,9905.497837440806
1917,3,31,1,18593.856234459134,27432.596541748775,34303.96197268458,12698.244113347399,6011.356837775666,8572.10480710525,3013.2286841082605,12806.928654988267,23261.99075050254,17032.580636438328,18809.982742871456,15239.581044372158,6592.92483335228,5656.722796589543,10164.481252901904
1917,4,1,1,12623.26923738923,26166.66578735792,11891.337560423577,9575.527554938391,2210.806169381958,5329.059333910903,7217.582654785823,7912.039694385105,12327.350948800098,7289.585301556031,11892.85564447968,9668.977993142682,3124.7786790321607,1341.5367052442264,5941.544139249036
1917,4,2,1,12220.622706132297,25675.98762340851,9611.981561835424,12236.998711875343,1910.3683603453976,5329.059333910903,3701.7008929335366,6110.828328438564,9408.778772208965,8173.992322476279,10291.498386470052,10532.277352106692,2545.0935883989346,1029.1966398111888,6151.103238782531
1917,4,3,1,31704.9087074758,31428.929102473012,23400.64175018399,12236.998711875343,3195.58830353645,5329.059333910903,13554.26158804039,14808.400400945951,26101.562407479843,24529.610197767095,11635.165970777125,11515.021395668382,5453.618084955688,1262.7053209222997,6832.046751476485
1917,4,4,1,32033.436225516318,28809.14260477552,39374.68651031385,12236.998711875343,2812.6725139481755,5329.059333910903,35811.08983980939,29091.527673993776,42702.13517134693,29317.59134504,14100.669870018606,12079.520247534858,13608.12433435283,4836.6136781184305,7092.142214045965
1917,4,5,1,26011.767205823577,24604.815446615474,28941.223421847084,12236.998711875343,2281.023909581349,5329.059333910903,21724.47549384616,17752.87325797977,27024.97907713698,21292.22250737898,14546.513908646863,12884.670560888582,11727.413147158108,5800.4732663907325,7214.343835177202
1917,4,6,1,21266.1471433983,24089.55610296954,17493.395866446805,12236.998711875343,2070.494529794846,5329.059333910903,9689.940936844492,10185.204437531558,15887.736949471495,11619.871970918548,14731.941398719013,13628.525235254518,6560.6078945016625,2819.9274403053937,7434.405601845421
1917,4,7,1,18095.055307678278,22386.836693964397,14194.515754826429,12236.998711875343,2201.5181085090067,5329.059333910903,5880.536675413255,8401.653116402365,12203.225960201517,9099.409247565114,19356.721151097652,20007.29932947966,5300.112625415228,2135.8065648133606,7856.85994223739
1917,4,8,1,17837.641977994637,23934.505584880644,13836.633919089494,12236.998711875343,1905.6624095030875,5329.059333910903,4907.619982459914,8478.066771861791,12619.02505267184,7869.411464873788,26776.547628823875,26133.087316179455,4742.6454302417815,1833.826086715984,9655.287238056779
1917,4,9,1,15331.618044649535,24148.172762246726,11877.066198875691,12729.88627809207,1720.3965552909885,5329.059333910903,3605.877396507417,7778.230893269564,10955.959478352988,6978.418911897382,18006.918098369082,16771.342700384717,4332.624268574485,1612.1548015085616,8736.859887330284
1917,4,10,1,15032.137166923672,23168.70729432333,12344.727738826183,12729.88627809207,1611.788163483444,5329.059333910903,3854.4581158911365,7492.953246221347,11002.261107398168,6454.420099874964,13913.878942519681,14527.192303778082,3993.296410642841,1457.537214156461,7626.419069224437
1917,4,11,1,15759.304783074182,31017.66705754347,13076.958365931265,12729.88627809207,1616.4941143256692,5329.059333910903,4367.309951734327,8003.170053858811,10945.103446684248,6356.086132580081,13423.586843771196,13560.558818307421,3623.6714225387896,1310.2937422853527,6893.0857816471935
1917,4,12,1,21187.02008874821,46740.16776368128,13948.609217387824,12729.88627809207,1730.6753426570356,5329.059333910903,3999.2580660462604,7751.740826043649,11593.980231127465,6156.275103145605,13449.083123655895,12559.564533158116,3264.145477825469,1177.9328476096496,6797.079047957685
1917,4,13,1,18469.656806907285,35401.62591348894,13452.404954342039,12729.88627809207,2642.3913979443487,5329.059333910903,3372.874999934379,7722.307418014879,10120.306630981686,5895.847244556864,13399.999376283904,12922.42968141466,3478.24519771085,1171.9768312596368,6594.562913443777
1917,4,14,1,16767.924327789315,28049.01689414848,12653.20870766658,12729.88627809207,2464.555992430594,5329.059333910903,3059.627429746173,8420.784831621142,10716.080417141642,7174.937175303892,14896.917327385492,11607.782968427637,4330.604459896274,1551.2511756737927,6948.935258645451
1917,4,15,1,19182.80190704417,29023.755212129814,13947.51142034568,12729.88627809207,1975.8801497024779,5329.059333910903,2912.8101428242294,8305.994540308915,10823.725164893462,6911.366221869988,12982.787523622374,10707.35380761297,4405.337380988348,2254.7776182210114,6536.983585388036
1917,4,16,1,29446.282020947652,29401.927207465902,17479.124504898915,14943.620803890624,1717.5482166232857,5329.059333910903,5316.69104907424,10921.832076159695,13525.569094795654,8989.550599171898,12089.599665195721,11634.591944001222,3958.9596631140125,1716.347769235686,6798.808899015
1917,4,17,1,22817.63837950998,24250.279200987705,16340.708972203474,14943.620803890624,1568.69156103298,5329.059333910903,5661.319413413816,10374.823508486323,15598.678756845113,8689.908890611581,12866.758998584924,13563.076093009107,4251.831921447888,1723.8114488723038,7018.870665683219
1917,4,18,1,19362.089790365128,22267.712515432588,13072.567177762683,14943.620803890624,1478.9069725945908,5329.059333910903,3406.161056587767,8336.899618739113,12126.972147395481,7014.489667023792,22994.372206329754,22459.124888980907,3557.0177361593437,1424.81644262956,8316.011837205811
1917,4,19,1,18600.86749246628,21662.63732289344,11555.41166552955,14943.620803890624,1435.8103701442117,5329.059333910903,2658.401561669521,7742.910803635082,10197.99919497265,6421.642110776519,27110.589798438374,20615.221169951405,3506.522519205154,1328.1468639761376,9426.452655311488
1917,4,20,1,17692.408776421347,20452.486937815138,11222.779161762437,14943.620803890624,1434.9434844626999,5329.059333910903,2231.6227612126236,7432.614759762166,10413.419486038727,6585.382385084811,19092.21429026001,16237.680463614684,3799.3947775390284,1261.2125849949834,8642.583004698092
1917,4,21,1,17501.101593660234,19729.232996733394,11173.378294866385,14943.620803890624,1486.337421292935,5329.059333910903,1889.0117336400017,7598.800309709332,9771.344070833591,7247.078685556488,17162.950331057382,16111.816728527232,4100.346270585531,1298.3966369445805,8424.374649877345
1917,4,22,1,18034.95881047616,19400.223360790365,11691.538498754591,14943.620803890624,1641.7576399000732,5329.059333910903,1564.1084399096815,7576.725253687914,10976.363586067599,7122.552261219772,18481.39432296487,16931.189643945716,4255.871538804201,1298.3966369445805,8705.475446716104
1917,4,23,1,17687.40073498834,17733.430291342305,11140.444383602027,11877.738441388574,1829.0049470984482,5329.059333910903,1558.1685038740254,7042.961719627179,9986.764361899666,6678.777203337292,19266.734280915938,17668.751131557437,3617.6119965042653,1307.323197789973,9283.369260700796
1917,4,24,1,17757.51331505781,17486.67306438478,10771.804136852455,11877.738441388574,2032.9707638681186,5329.059333910903,1429.0589507945183,6873.9460342928305,9200.15985038134,6110.4757211178685,20249.772665781747,17998.514117486182,3609.5327617916378,1149.6753565054087,9091.23223253179
1917,4,25,1,17181.588550200337,16923.196791331986,10993.339579956013,11877.738441388574,1870.1200965626363,5329.059333910903,1313.5103837591432,6948.8880193506175,9985.325610714739,6436.309886720019,17622.428743955814,16525.908416964427,3413.6113200096147,1105.0574796377357,9857.803372570519
1917,4,26,1,17419.971322436675,16856.071262159883,11126.17302205414,11877.738441388574,1703.554204908024,5329.059333910903,1248.9556072194569,7288.50426583663,14016.052453325019,7112.673963135421,15927.67602219652,16923.63781984066,3645.8893179985685,1157.1091814234849,9073.8101611673
1917,4,27,1,17312.79923575933,17405.36608538749,12172.373603210346,11877.738441388574,1617.4848408188495,5329.059333910903,1196.0565542216154,9007.415294718032,12976.227733243313,8028.212590139904,16383.064122814223,18383.657146853202,3684.2656828837103,1105.0574796377357,10831.956639505617
1917,4,28,1,19087.64911980698,17567.034613393866,13008.894949318741,11877.738441388574,1618.3517265002765,5329.059333910903,1100.1546058101349,10141.054325488296,14067.06272261192,9818.279939979833,17153.40626906834,18079.066907942102,4465.931641333268,1134.7927793100037,11161.987509112865
1917,4,29,1,20399.755975394917,18427.375902785454,14534.832837888554,11877.738441388574,1669.8695041421804,5329.059333910903,998.357551068784,10146.94100709422,15358.014922260272,12119.324708913116,16527.588490075843,17706.510252083517,5534.410432082285,1313.2792141399855,10517.741550995195
1917,4,30,1,21175.000789307385,18280.834254592482,14533.73504084641,14276.701331577393,1709.127041431761,5329.059333910903,890.6878048505234,10618.894384294133,15538.5127981989,13049.531111861097,16410.332871354174,17843.701723328948,6863.579196226269,1418.8753536388003,9981.73484475924
1917,5,1,1,7320.654806724776,16771.92799319695,21292.87142928155,15005.68812704382,1397.4197185360576,7488.590580449349,6462.762481183643,11227.939519659254,10944.711059997317,15826.23090067646,27722.773203160694,24352.11546469407,6850.517766774184,1269.1390127690563,62109.06661055087
1917,5,2,1,7222.497194627381,16413.610027615323,20510.142138238265,15005.68812704382,1400.3918980154294,7488.590580449349,7426.152861626759,10000.906021105196,12046.925263283658,15574.783313073454,28720.809399723457,27637.158950473076,7053.979827621246,1211.8776625969529,61396.1208532938
1917,5,3,1,7030.989690208253,16325.685038699537,19437.594428070577,15005.68812704382,1432.83819066484,7488.590580449349,10790.958514493728,9636.49778862562,12106.175652993938,14433.839884325222,27263.294790262258,31389.15689342586,6651.095323283434,1218.5651195513706,6974.759463717719
1917,5,4,1,7702.668207275627,15073.935734133873,17978.622159071136,15005.68812704382,1486.8327845395252,7488.590580449349,8893.653285256714,8870.210331137574,10976.363586067599,13556.467409010444,24905.91147898188,35867.38858783278,6191.790829868831,1246.2404436439163,7037.528344945911
1917,5,5,1,9053.837786045573,14433.87963202585,16679.92825822346,15005.68812704382,1542.9326722120704,7488.590580449349,12687.927520936339,8213.392510433567,15768.712987801939,12846.876329947738,23247.971567751578,37712.55094421273,5513.000460093725,1571.7016578780922,6608.154600324007
1917,5,6,1,10114.240479183922,14566.23983039464,15949.893225202666,15005.68812704382,1509.4956530694792,7488.590580449349,10879.833406500715,8164.374565524174,14480.376699398947,13356.207366026656,23021.640954869705,35648.38568878059,5521.0796948063535,1329.251488562336,6622.61121273281
1917,5,7,1,9337.59341367002,15215.750232385788,16064.064117584807,13310.398300525529,1353.0847079692453,7488.590580449349,9041.815463356403,8089.20616963525,12161.240584711493,14155.451483764791,24331.90432221533,28806.43304943419,5795.100405477359,1226.1930001399878,6814.0068761628945
1917,5,8,1,11273.101266906018,17740.04830125979,15841.211318031252,13310.398300525529,1248.934585380758,7488.590580449349,7944.944633505739,9131.601635516348,12182.429465799973,15486.477315046403,26280.256405396445,24295.47678390456,6371.1498404898275,1191.8451464522773,7257.71367240378
1917,5,9,1,19439.213628441743,17735.32115131873,16437.31511191129,13310.398300525529,1175.1502298060877,7488.590580449349,6818.486197740925,11123.33771574156,22869.604063679126,15561.312906594856,28288.599735364976,23571.760307152505,6683.277608222128,1227.1483511334761,7899.241293145406
1917,5,10,1,13757.089817942942,17542.45343369633,15491.014061589336,13310.398300525529,1128.9204548212695,7488.590580449349,6744.293034426213,11301.409834315611,18150.5001768189,16309.668822079828,27043.781364515475,25522.648201006028,6997.559838544563,1137.4498492606385,8097.0621176461445
1917,5,11,1,12971.828921163788,18666.569689836277,15023.352521639325,13310.398300525529,1120.0782208702067,7488.590580449349,6462.762481183643,11677.138608344763,13409.161044371456,16929.307520101273,29469.336547145933,29408.061703151714,7126.423632211369,1082.1141284348003,8791.59731722016
1917,5,12,1,10933.556057711412,19018.269645499415,16087.117855469856,13310.398300525529,1129.911181314365,7488.590580449349,11739.779240509504,12579.385769842547,13549.112296005364,17144.83402376112,28340.410357590925,32578.56919000085,7360.182823230947,1369.3314482109759,8526.312301478229
1917,5,13,1,10702.184543481553,18210.872435454738,15716.06245522766,13310.398300525529,1066.975280839299,7488.590580449349,12569.128800220931,12746.929784775682,12908.083245298221,17873.732685443443,28285.87286051102,29532.666800887928,7630.029262633715,1355.016110667941,8921.830389689714
1917,5,14,1,10507.872535860235,19290.55348214168,15761.072133955133,13563.535618483711,970.6023612217267,7488.590580449349,10005.317918064453,12809.192763298139,13083.480094308201,18524.802331915405,30945.93928058522,26138.121865582827,8240.415445175011,1145.0926572085446,9489.468658119324
1917,5,15,1,11413.326427044964,19884.28351482128,15328.540099353288,13563.535618483711,873.2510991921918,7488.590580449349,8463.736405384587,13166.921876263345,14448.985764453162,18855.57564655973,32873.83980236107,23768.10773388874,8488.043989118001,1062.0666849308357,10127.78369832562
1917,5,16,1,16714.839088593675,21930.194009594645,16161.768054334765,13563.535618483711,801.4605806850152,7488.590580449349,7366.865575533923,13633.328188104357,30191.53963980041,19768.569863451386,31019.564901643207,20871.983189529677,8103.337762883547,1061.1113339373476,9576.20833257248
1917,5,17,1,13568.787460042038,20717.207334550698,16597.593480063046,13563.535618483711,803.4296495900735,7488.590580449349,7233.4972003910425,14040.867683887402,26643.05603529574,19928.7180293652,30331.02900100894,19119.959997114078,8433.778462631237,935.154276389859,9807.761252693814
1917,5,18,1,30186.470544825723,19651.707737688947,16214.462312357738,13563.535618483711,780.8039333036032,7488.590580449349,6937.060769926597,15338.20174546425,27248.639488626068,19684.7540009172,33147.89072518776,18957.595778851395,7773.031717047781,954.2463689003353,9608.457698715232
1917,5,19,1,52010.51350392093,20589.574286124982,17636.109481924235,13563.535618483711,742.4504339389329,7488.590580449349,5691.915687711309,15273.67465863171,27248.639488626068,20093.35633077189,33747.803193067084,19926.74653902374,8161.77756063844,945.6482099589409,9997.550625856235
1917,5,20,1,29614.55221311519,17983.02380826447,16335.219986992748,13563.535618483711,718.8587593217177,7488.590580449349,5514.053829432669,14176.714182481892,27248.639488626068,18843.601951912085,36432.41148682727,23342.688309293568,7702.6077211357615,952.3356669133588,9737.084480917123
1917,5,21,1,20746.31244259667,17593.50665306682,15331.833490479725,8362.780740777958,726.7226508608178,7488.590580449349,4980.4682545966125,14272.938785652865,27248.639488626068,21546.663518643672,30017.438392799308,27536.467962403272,7511.129858445824,939.9310313573003,8860.791359519006
1917,5,22,1,17667.368569253627,16625.386345003975,15013.472348260018,8362.780740777958,726.7226508608178,7488.590580449349,4787.70051909623,15168.393622221032,35402.43484081249,17424.719136152507,36208.80774879936,31995.82009654676,7104.340390663514,879.8036282047319,8603.537795115224
1917,5,23,1,16064.795310519787,15844.461174633256,12609.296825980773,8362.780740777958,734.5865423998329,7488.590580449349,4446.770605495889,11485.821456157648,36868.65309390839,11681.38682717143,24083.758710501817,36910.79895170644,5458.600279695145,868.3543436421618,6989.216076126521
1917,5,24,1,14391.107863429736,16367.283958186901,11332.558865975996,8362.780740777958,770.9709728594449,7488.590580449349,4417.1829995818725,9755.816296557807,35662.71800973845,12242.20475023585,21209.632614388745,39517.43690536492,5446.61608153802,896.0296677347433,7395.978196211654
1917,5,25,1,13380.48510214113,17849.718179908476,11513.695377928512,8362.780740777958,770.9709728594449,7488.590580449349,4965.56237737487,9781.966747537123,35361.888216507396,13264.608601971411,22739.409407481155,37411.73661735416,5982.403996899059,970.4574810710577,6764.211877865661
1917,5,26,1,12940.779064275659,18347.95978376458,11230.463741057454,8362.780740777958,743.4411604320284,7488.590580449349,4313.402230353143,9528.726233074149,34196.49975664255,13485.8226105888,27707.77539146374,35172.620770150505,6346.912136351838,980.9514146401395,6715.8996090462715
1917,5,27,1,12289.733677915036,19183.719893459645,10602.08471413854,8362.780740777958,704.1093186554804,7488.590580449349,4283.8146244391255,9458.425670051356,34405.77265628161,11423.9523922446,27781.40101252173,33499.89173084038,6000.44762109071,880.7589791982201,6958.696561041253
1917,5,28,1,10731.231183796212,26467.31252365057,9594.087470048602,5358.84400079549,674.5980532418727,7488.590580449349,8552.723371656373,8190.525016503491,33253.463752643926,8579.900571035338,23336.595000506517,34599.94077550355,4614.724213958011,869.3096946356501,6233.518285591978
1917,5,29,1,10731.231183796212,32016.98655522234,8827.825134637018,5358.84400079549,641.1610340992814,7488.590580449349,9842.249862742752,7236.316569293244,31993.902487941363,7893.209182986274,21051.47387285695,35872.42313723615,4326.699496451777,869.3096946356501,5707.767124910936
1917,5,30,1,8729.817505295028,27073.333146178935,8953.632675666091,5358.84400079549,606.7456725448126,7488.590580449349,6492.35008709766,6837.720301334229,29245.88772455642,9154.039229395328,19938.908932426068,36922.12668786442,4566.383459593955,961.8742494889524,5511.67615146785
1917,5,31,1,8032.597976916906,23418.300811246496,8556.010587004077,5358.84400079549,606.7456725448126,7488.590580449349,5751.202973804146,7220.014989462075,25401.806149311793,10927.942091461027,21696.37977582713,38212.229972509216,5160.476518798073,985.7281696075449,5646.728094740227
1917,6,1,1,6210.071538421986,14662.673689205338,9604.51654194874,9018.868856697867,608.7642777744874,5513.915835246759,5747.616597329711,5004.811419049045,15262.534161800053,8628.992719091038,16543.949739199972,26790.096013335256,4319.832146946033,901.8364104920099,8476.270181601354
1917,6,2,1,6335.973700061616,14618.23847975334,9913.436629605803,9018.868856697867,586.2624022996858,5513.915835246759,5887.8215026269245,6492.55698948889,12630.27347102751,8995.98646004503,20072.52580027187,28744.759819241306,4615.936099165002,891.9246439345872,8889.210341177331
1917,6,3,1,6001.13604981433,15253.567431919297,10052.41773514062,9018.868856697867,559.6490118783976,5513.915835246759,5887.8215026269245,7112.922666403373,14796.901960102892,8213.355843630883,21016.024499755134,31634.591176846156,5596.21657763409,866.4436416551853,9546.924425385243
1917,6,4,1,6061.232547017117,13482.777063753842,8766.458279981534,7925.6320647656585,545.333014052916,5513.915835246759,5887.8215026269245,6528.895927862953,12889.248684330974,7141.111487923801,20612.447021363376,33211.66377749024,4306.366755758285,794.2400048505924,8999.17944411653
1917,6,5,1,7797.320190369113,13201.038927227444,9350.04718758131,7925.6320647656585,531.0046321463017,5513.915835246759,4299.056724455405,6343.239046450625,18610.9005560246,8618.964749823659,18811.346180298235,33732.739640751846,4022.3816556083643,771.5802734738243,8802.347105934354
1917,6,6,1,9385.169807288281,12749.123392799756,9414.158534842396,7925.6320647656585,496.21774815682625,5513.915835246759,7079.395086255564,6822.777186488814,16056.463224805459,11217.705501936767,20647.896394465595,32710.72611184291,4645.694613689929,713.5427006195204,8977.926988267613
1917,6,7,1,9448.671772665968,12333.134197929154,11972.574541541844,7925.6320647656585,457.34411738329993,5513.915835246759,8387.750053832657,10472.632987474186,15770.020943424435,11646.214099143635,28816.25001961349,32335.65218128264,5101.363451483775,679.5680309136751,9614.265055836784
1917,6,8,1,9318.663017051056,11746.967605156251,12071.376275333949,7925.6320647656585,437.90110995597024,5513.915835246759,8971.881122105064,9740.533565465792,17399.733649363574,11646.214099143635,25154.05709069539,30998.979314655076,4638.961918096002,635.666667291118,9454.748076180163
1917,6,9,1,9024.39050241622,12051.396061402755,11114.097254591024,7925.6320647656585,447.11486634195444,5513.915835246759,7827.042506908873,8724.062139733089,20292.931486873505,10325.365908312431,23262.969379448532,29095.919640135166,4726.756268640266,594.6164292897367,9376.657657014426
1917,6,10,1,8999.04981276215,12681.997863627652,11296.331563585685,7925.6320647656585,490.08762798074974,5513.915835246759,9789.574958274648,8181.128967017401,25540.449445322465,10742.200153237713,23958.322467217884,28403.66909715458,4810.645655740034,604.5281958471595,9539.757899575836
1917,6,11,1,9223.309908156521,12725.48764309144,12116.385954061421,4529.69758384881,454.2728652546952,5513.915835246759,11635.550174221571,9241.071272300385,27120.459837597202,10393.915310171005,24980.90053746664,26218.674656038747,5583.963071653225,608.7675658807367,9672.709309421267
1917,6,12,1,9786.514247772791,13491.285933648756,11170.084903739948,4529.69758384881,449.15823973397994,5513.915835246759,12102.89985854539,9204.73233392632,30366.805693247952,10276.722773806037,24425.981504678177,20733.533080933797,5351.415765840531,604.5281958471595,8988.553216191987
1917,6,13,1,9268.582602715624,13331.508265618802,13835.536122047348,4529.69758384881,417.44260787319433,5513.915835246759,11775.643005253849,8865.116087440309,29969.187183933813,10533.857866366585,24425.981504678177,18982.76852586904,4749.782087571372,591.780231027814,8956.674532418694
1917,6,14,1,9110.929458387483,12607.308894547843,13905.79513274416,4529.69758384881,375.4853408898453,5513.915835246759,13317.78488925772,9573.668783025641,30377.26933822976,12969.756371270245,22237.664434345817,20943.725518529307,5090.456484621717,625.7698280929484,8572.029793711392
1917,6,15,1,8725.410428833393,15727.227856078876,14111.083179623873,4529.69758384881,342.75421437361337,5513.915835246759,13270.713698030868,10492.557140601406,31396.166768347477,15025.490071107595,29871.55058811051,25153.867457200366,6399.292508072207,596.0345284206802,10202.661536956199
1917,6,16,1,8246.942150272933,12658.362113918329,13790.526443319875,4529.69758384881,323.3112069462837,5513.915835246759,13574.434955709117,10120.111323621706,29665.741479457032,15047.940748572153,33100.170415242945,29131.16148595956,7209.235788016177,594.6164292897367,12039.021995250076
1917,6,17,1,7915.009164057514,11144.728702581737,13193.324852397694,4529.69758384881,313.0819559048532,5513.915835246759,13294.249293644294,7054.169055761294,28109.274288391633,13164.029566930209,32815.21199300003,32464.033191071776,6783.325464747259,553.5661912883555,12580.959619397403
1917,6,18,1,7920.317687976876,11916.19957306933,12169.080212083909,5153.65673248918,308.9828250395843,5513.915835246759,1939.22100428195,8848.588096778003,27769.205826478355,13106.855174987168,28017.27568739224,36817.65978774169,6504.726521072459,529.4883607806439,11959.325285816674
1917,6,19,1,7967.994242424813,10594.488449366927,11672.875949038607,5153.65673248918,303.86819951895404,5513.915835246759,1214.99710497713,8382.068579521743,27635.794352958397,13311.156339914513,29484.334358842887,42424.889185881955,6545.392002459444,509.66482766579855,12017.769539401157
1917,6,20,1,7993.935897050256,10216.316454029835,11381.95973287205,5153.65673248918,285.45307082820364,5513.915835246759,1214.99710497713,8050.716328366777,25353.411791270253,13311.156339914513,28622.64190497988,42025.901145655276,6676.544912628307,460.12092223793803,12221.644842602918
1917,6,21,1,7404.188937836502,9242.050851042606,11869.381619580672,5153.65673248918,264.99456874542767,5513.915835246759,373.8237103266552,8031.924229394598,25592.76767023223,13960.878945738545,31316.79426072871,41628.171742779436,6518.326566172023,448.79105654957186,11659.690370504875
1917,6,22,1,7227.004431917355,9590.441801747,12532.451033031572,5153.65673248918,245.55156131801306,5513.915835246759,817.7498733018497,8627.724331146654,25739.258699979717,12495.747734402146,32258.929522784794,38364.52509196516,6130.253992140767,437.46119086120575,11819.207350161496
1917,6,23,1,6447.25238071491,9126.897478462697,12375.466056005765,5153.65673248918,228.16431136392677,5513.915835246759,23.364121988248566,8946.171164934942,21943.571482776257,11339.088831428542,33164.25197431189,32713.243386544596,5702.99712975304,411.9801885818038,10996.78673312451
1917,6,24,1,5960.570914203219,9058.542890305314,11387.448718082776,5153.65673248918,211.79255606520186,5513.915835246759,140.18249044411849,7584.196811110516,20372.716779860835,11164.871574303563,31851.26173211231,28676.793402294206,5569.15114134667,402.06842202438105,10514.652531249856
1917,6,25,1,5250.831282241238,8538.74548271435,10862.591952237528,4231.774432713141,198.49205289516667,5513.915835246759,140.18249044411849,7820.343307833878,17841.82264985103,11309.154594808982,31181.813955456135,25426.991762339596,5890.973990734252,386.4991863024018,11110.215538178678
1917,6,26,1,5701.555011260131,7971.4874897087075,10824.169055762446,4231.774432713141,184.1636709885523,5513.915835246759,257.0087040986269,7939.095788688328,14963.012324191495,11247.789409739355,31151.818332061826,27153.84220773755,5936.890974684434,349.6883183345978,11466.564856017307
1917,6,27,1,6195.34789660731,9186.648653726143,9979.633791247017,4231.774432713141,174.96229868370102,5513.915835246759,257.0087040986269,7644.082475907638,13543.880473514277,10977.932266615348,30249.22275538909,26510.678521441416,5943.623670278362,351.1064174655771,10676.022922753784
1917,6,28,1,5447.346828093373,7102.542787423182,9927.268872337027,4231.774432713141,165.74854229780183,5513.915835246759,257.0087040986269,6999.038018415053,23265.914617370767,11364.832274921067,29278.455307365875,21550.388721650204,6107.22817320966,322.78921692425234,10732.737325280781
1917,6,29,1,4622.221921502818,6949.194043314681,10019.264264467927,4231.774432713141,156.5347859118177,5513.915835246759,257.0087040986269,6591.272111800871,22190.77509547505,11603.258469594784,27912.291005513576,19525.24122409537,6280.393103884317,325.62541518617513,10886.941190975302
1917,6,30,1,5271.965217091019,7271.680212338244,9236.754532832982,4231.774432713141,148.34890826249773,5513.915835246759,46.72824397649727,7652.346471238685,20202.682548904006,11015.050720023404,33820.065376698294,20034.989351198998,6295.205034190872,318.54984689063923,10665.396694829238
1917,7,1,1,7364.2247671967625,15516.396968678437,2336.880563595889,692.3427346788119,170.03343438048898,1154.010350046567,1030.959954706617,3595.4039961321146,8563.839439916288,5249.118062394742,14708.762962459792,15618.43088698496,3475.4174655614197,365.182917260204,5948.463543478971
1917,7,2,1,6322.051344876329,14252.357074264004,2195.5940842730993,692.3427346788119,165.69900597310033,971.0449351953743,0.0,3793.287062417925,10267.059251853674,5166.94858287454,17210.670641002194,16133.213563492349,3595.5287549563022,351.2258363397452,6076.225400151951
1917,7,3,1,6840.784276562884,11295.052070728565,1934.318388244464,692.3427346788119,176.52269291035415,1050.5265168532244,1219.3680013054395,3372.389327606142,11473.909904959544,4497.619052064606,16501.68317896307,15795.898753458156,3618.150612151745,344.89663600790345,5967.9861482704055
1917,7,4,1,5076.050636210257,13283.29133621295,2045.8545677256477,692.3427346788119,172.18826450305045,1066.8077643982836,1285.9401146119449,2918.548816885424,11361.294925841134,4123.740436688402,17083.870960291082,13764.458069148714,3455.354032691667,334.74603170210867,5826.879726296666
1917,7,5,1,6085.471467555446,11974.816232347528,1822.78220876328,692.3427346788119,167.86622017679466,957.6394818902891,2183.879124396832,2615.271508773262,11590.579546508241,3878.7287099585265,16029.933829221238,13204.364448010187,3507.8690583239604,308.1156227586774,5354.753948397285
1917,7,6,1,5468.480762943156,13335.28998557165,1510.4589502756144,1175.433399888346,163.531791769406,926.9904530065553,1053.1282442892034,2843.8332426585607,11735.108642821431,4008.7929680699813,17044.331274908134,12703.426782362856,3342.6487084501155,310.65327383510805,5252.692736006584
1917,7,7,1,5828.859424500522,12513.711325702787,1921.474162851702,1175.433399888346,157.03014915840794,971.0449351953743,2361.1806113513344,3056.999040036172,9987.941521960096,3929.1678986623815,16631.209734527736,13318.900446939659,2935.72458675599,289.09816704457415,4898.0732692252695
1917,7,8,1,548.2803761443251,11343.269000134418,1737.8127177019146,1175.433399888346,150.52850654732495,719.1835470555433,875.7595127756864,3222.9581791524156,9569.395722681982,3703.164412185844,14813.747644338866,16367.320110754663,2676.6504603033554,262.46775810114286,4952.810699115313
1917,7,9,1,549.882949403059,10719.285207828008,2539.753456982977,1175.433399888346,144.0392480174598,936.568973899005,864.6753679844604,2610.8564975689783,8552.852612685487,3333.027576386916,13406.543875933474,16231.387276860072,2377.449468111323,248.52560453993706,5361.9204742068605
1917,7,10,1,4912.988807134414,10728.739507711134,1999.0884137305502,1175.433399888346,138.6150204676575,838.8926784897106,942.2755889499258,2442.746455558536,7850.218852147208,2989.532211179356,11934.71317348851,14811.644345075298,2132.110040670285,232.04579990230053,5250.592202579639
1917,7,11,1,4941.734964962718,10706.04918799103,1457.3255734359782,1175.433399888346,134.29297614148672,895.3902859500257,953.3597337411517,2618.554465822716,6531.799584421293,2918.7377415744613,9828.338692518557,12004.127870217471,2132.110040670285,232.04579990230053,4796.135617624388
1917,7,12,1,4180.01186292084,10247.51564364485,1686.7651552428845,1175.433399888346,128.86874859168444,830.2764856308502,1064.2235965069094,2397.690700191367,5656.777272805327,2872.0403324481076,9747.48685309781,11088.217469987201,1840.3150136314764,204.14656542063588,4345.632977943386
1917,7,13,1,4447.841918786531,9478.8810631229,1601.7956641815188,1575.1713011215866,126.71391846912299,802.5032509870906,897.9390097847529,2155.997138108679,4944.203049534611,2812.7705439417737,8666.553660973128,10881.549216973895,1745.249351845911,191.45831003841042,4503.2965457528735
1917,7,14,1,4530.073959125835,9940.250897433714,2094.706536100869,1575.1713011215866,124.54670426542864,904.9688068424754,676.2224916797176,2060.338562015227,4907.31870097324,2404.766898819423,7838.5381115570835,10147.511913944769,1650.049036148422,196.5336121913078,4216.759074161854
1917,7,15,1,4496.520081521202,10455.510241080658,1886.4544372072212,1575.1713011215866,119.1274303481475,751.7460421456618,997.7075203328046,1932.8692641674577,5312.915739586256,2152.1219417515167,7423.9167900069515,9919.320962231184,1509.8743138837867,188.9355863212327,4209.592548352447
1917,7,16,1,4250.424925476667,8511.989814044331,1862.0833428716935,1575.1713011215866,115.87908585882407,842.7196109023464,997.7075203328046,1994.4530101969315,5177.41153706994,2035.9771036684224,7482.271911882471,9919.320962231184,1488.598995807151,185.12910970653272,4209.592548352447
1917,7,17,1,3985.800016127862,9486.444503029601,1574.2409584237218,1575.1713011215866,112.62950296141285,842.7196109023464,920.1072993673394,1722.9864238390876,5102.596475448832,1975.3602745141607,7215.992582389575,10416.608579561147,1429.755236316593,176.2473309389713,4069.3510519076194
1917,7,18,1,4203.249175172433,9231.27294917518,971.9126553146582,1575.1713011215866,106.13157557467821,833.1410900098969,920.1072993673394,1927.4354042235932,4106.980655415946,1849.0377959802072,6223.682823019834,10416.608579561147,1393.3986801096617,161.03635183956808,4069.3510519076194
1917,7,19,1,4109.698961194022,9600.841531618338,1671.9448951736829,1575.1713011215866,105.04920688096134,798.6763185743207,942.2755889499258,1824.078859876404,3550.9687201875895,1828.8321862621954,5926.9988389049595,10493.007866759444,1313.279602542468,155.96104968667072,4215.770587843292
1917,7,20,1,3782.0728906118993,8996.900855065443,1629.460149643,1409.049936211658,101.79962398355012,832.1899518371009,487.7696153751091,1370.2383491554733,3484.1321878653625,1576.1872291942889,5500.379267997346,9171.31278460723,1317.0364466838494,147.08524186279607,3724.122205152477
1917,7,21,1,3870.715223985642,8982.246690246147,1683.5815438206153,1409.049936211658,99.63364818802854,833.1410900098969,576.4539811318003,1281.2588925761777,4573.397630486605,1482.7774438235733,5393.0767424923915,10036.625963332666,1329.5592604884544,139.4782595771548,3837.4274494168235
1917,7,22,1,3658.975232175128,10000.758416687326,1528.4628217666032,1409.049936211658,96.38530369870513,779.5192767894214,554.2856915492139,1315.3337226403685,3692.4895185684886,1836.4654166000005,5639.449885551055,9368.163666284116,1253.1835616714495,133.13861009384314,3718.9326519801944
1917,7,23,1,4440.630339122705,9174.16897787933,1805.7663546102701,1409.049936211658,95.30169659690044,813.0329100522017,620.7905602968387,1402.1622763252528,4359.154499480958,1624.23167896857,5839.46615609168,9377.855173885764,1229.4036808338926,134.4059428961368,3928.24462993388
1917,7,24,1,3380.828610956397,10836.518526382388,1688.8509696225265,1409.049936211658,93.1357208012939,832.1899518371009,620.7905602968387,1227.3731148004415,4013.33103282759,1124.0754864133435,6744.3795763907,8663.200886059936,1206.8626159854964,128.06629341278918,3697.309513761815
1917,7,25,1,4246.418492329726,10836.518526382388,1716.51545508449,1409.049936211658,90.96974500568736,831.2276238035118,665.1383468884915,1372.5024574655586,3848.9210110487843,1199.8540064153447,6957.62118997343,8663.200886059936,1075.413467210615,112.85083610556691,3708.6771064251116
1917,7,26,1,4018.552607103775,9027.627329686356,1565.6781414948925,1409.049936211658,86.63779341455927,797.7139905407315,631.8747050881991,1015.3393715776602,3299.7104450585084,1058.399771270348,6950.940346580899,7826.962230139839,1017.8219891005176,114.11816890789655,3305.621810034757
1917,7,27,1,3505.5288426512766,7618.4639320622755,1695.3279721712315,2302.819389617846,81.22347312976551,859.0008584474057,875.7595127756864,1252.7311278713137,3569.8032811552084,868.9459877062274,6907.310348917219,6550.452228883989,1016.5697077200571,97.63388606244096,3305.621810034757
1917,7,28,1,3403.1644757495937,8560.39582944722,1786.664686077136,2302.819389617846,77.97389023235436,826.438363357287,465.5901183660426,984.5701396461008,2935.9679863734523,802.013034625166,6374.751689931428,6254.420723958861,1002.7946125349918,103.97502828172827,2839.6740716262207
1917,7,29,1,3203.3436225515647,7754.700393381928,1794.0199262596536,2302.819389617846,75.80791443678574,842.7196109023464,521.0220497489215,1171.336434130294,2977.822566301041,924.5188979899906,6585.402772402759,6025.22286236476,1160.5416702996508,96.36655326014731,2505.8128175345437
1917,7,30,1,3265.743818813509,8507.640836098353,1950.2364453553287,2302.819389617846,74.72554574305958,833.1410900098969,421.2535392008698,1176.8834994894078,2739.6438473994936,502.6706684311322,6815.823697565364,5989.729289070041,1397.1689896422356,96.36655326014731,2444.8973481536555
1917,7,31,1,3905.070388219663,6259.124694823404,1869.4385830542112,2302.819389617846,74.72554574305958,809.2059776395661,399.08524961841783,1315.3337226403685,2830.4159676179925,891.6810404186059,7528.628784400105,5487.0295311316095,1050.3678396014052,114.11816890789655,2315.0349580535612
1917,8,1,1,4462.36523894386,8095.622447178644,847.1589994462579,1242.8068706677057,65.0907305975342,370.11583766255325,5.9188660739837164,754.6272996918711,1684.646842094264,1423.8968003931564,2982.2466840737716,5784.067945937647,1019.451301434257,175.9786384720572,2735.759447388215
1917,8,2,1,3888.243369002508,5994.120669090773,820.5154652336198,1242.8068706677057,60.67828247883149,183.77108483287103,94.7027537778581,598.4264673914914,1664.3735299417165,1155.9255141762478,4173.345620299517,5072.308524018601,953.8613809586863,182.63624070793298,2506.430621483645
1917,8,3,1,3543.5899575465533,10119.882595219136,513.6153241339877,342.29520215834407,59.57486084712674,60.111932516734534,0.0,665.3648295738152,1093.320105051529,1068.4876090111193,3220.9845775412,5050.408234113617,913.1285726157394,186.6367729931381,2866.857445386512
1917,8,4,1,3756.832361786836,9559.242612131982,525.3397965438672,342.29520215834407,57.36801758371717,50.66545198236617,0.0,554.8084208010905,1294.3790433798422,975.377166006459,3205.0323596451412,4556.7706651010185,954.8578199065992,171.9781061868521,2611.086610460572
1917,8,5,1,3995.7159381668757,9740.76516989383,959.0464739806774,342.29520215834407,57.36801758371717,36.067159510040796,14.797165184959256,632.9088369511742,1852.3267529298603,919.7443872493037,3535.8022794350554,5113.3401016573425,919.0937409119172,167.977573901611,2511.743735445917
1917,8,6,1,3472.7762516760317,7948.1353689974585,1247.8658977965006,342.29520215834407,55.16241272842403,40.36070912036665,23.67568844446449,692.7492195821544,1320.5119967222743,849.3390627203262,3774.540172902484,5119.759152146721,886.3055133696744,157.3194393805301,2510.384566757894
1917,8,7,1,3496.714689728005,9524.26170256311,955.8409066176713,342.29520215834407,52.955569465014456,226.70658093605573,0.0,612.6224264946039,1495.3856634828846,848.2015617288182,3799.900109044626,5304.401251519878,855.4966983320649,151.9754447607186,1931.1315840851803
1917,8,8,1,3060.814763352795,7299.854025990582,931.3380766372405,342.29520215834407,50.748726201604875,170.8915549878876,65.10730266529117,596.4000904540245,1590.6048328189747,798.2413208111944,3963.9216315124045,5306.918526221565,815.7603289370311,133.9820058927539,2185.666811112917
1917,8,9,1,3284.2735721171102,8146.297494554048,954.7760434868723,342.29520215834407,48.54188293819538,130.52972688155424,0.0,859.0932571109257,901.7830836568249,703.9933768150261,2887.624126639888,4697.73804839898,759.1248936012695,148.6466436427987,2449.345536587185
1917,8,10,1,3602.4845248045885,7912.776287432496,758.7094917609882,776.632593533855,48.54188293819538,191.50327868409786,17.75704651901047,745.4916226613657,1239.6541801243184,753.9685848511109,3547.800528792537,5306.918526221565,812.7710120932924,133.31624566919152,2257.20850841818
1917,8,11,1,2439.7174647645566,8568.715613345095,701.1629708125163,776.632593533855,45.232856451197414,157.15040585712543,17.75704651901047,830.6900183632182,1412.1996858767043,684.7007613136415,3607.7917755807507,5306.918526221565,812.7710120932924,133.31624566919152,2257.20850841818
1917,8,12,1,3551.3023413540814,8806.869427408685,959.0464739806774,776.632593533855,43.02601318778792,179.47417826423407,17.75704651901047,875.3269136929874,1297.9497622297135,649.4980990493789,3128.952551218715,5306.918526221565,812.7710120932924,133.31624566919152,2257.20850841818
1917,8,13,1,3997.418672253992,8419.71584718257,978.2249883066315,776.632593533855,41.92259155608309,159.72407385393663,17.75704651901047,919.9524884812743,1119.4922970625435,596.1253551570048,3298.4278233948053,5306.918526221565,812.7710120932924,133.31624566919152,2257.20850841818
1917,8,14,1,2453.4394982924973,9012.689535870999,1078.3879904311714,776.632593533855,43.02601318778792,367.54216966574205,17.75704651901047,796.2076488033229,1445.4217586943507,615.4329377763981,2579.4872681381617,4266.9064831949445,612.0693564396978,131.31597952655298,1846.368882269148
1917,8,15,1,2718.6653726126756,8253.792884228234,1083.7123060856482,776.632593533855,43.02601318778792,419.92190833118616,53.270018814383135,538.5860847605112,1237.2737008908234,639.2755572438151,3038.2839623234086,4259.228795354723,612.0693564396978,131.31597952655298,1846.368882269148
1917,8,16,1,3032.6695704958647,6935.7689374796555,1011.2577013045452,776.632593533855,43.02601318778792,420.7835276170991,38.47285362942388,851.9952775593694,1551.366164136373,597.2628561485129,3475.811032647244,3988.6217649167825,612.0693564396978,131.31597952655298,1846.368882269148
1917,8,17,1,2894.447626930392,5347.44655706426,741.6607036966318,813.6904364751873,45.232856451197414,383.8569867933154,38.47285362942388,638.9992883048444,745.9270916507976,537.0800734250992,2808.9537871020634,4259.228795354723,595.1702904990774,130.65021930299056,2065.0714802493435
1917,8,18,1,3055.706561090779,7398.178744777703,569.0321188208616,813.6904364751873,45.232856451197414,303.9949498663471,0.0,712.0281018410512,1101.6517823683905,560.9226928925161,3555.8448096118445,3649.9224537969753,478.9235683751152,109.31902290153973,1662.13974464864
1917,8,19,1,2505.4229683730614,6693.077059472046,847.1589994462579,813.6904364751873,41.92259155608309,243.88301734954192,50.31013748033192,605.5244469430477,1252.7337363514812,557.5251570362268,3918.519165193473,3320.4111953381644,442.16305043252044,111.98504926774068,1504.352616049502
1917,8,20,1,3057.409295177895,7958.913270863879,884.4511649673673,813.6904364751873,40.81916992437834,212.96543180529358,32.55421170396973,703.9112735499141,1884.502461249512,465.5522150230747,3402.4580990747722,3234.4462642737753,406.3855060466462,109.31902290153973,1752.2155604269442
1917,8,21,1,3299.598178903828,9730.365440021484,995.2737763714699,813.6904364751873,40.81916992437834,239.5861107810392,38.47285362942388,742.4577175260131,1167.075722617953,346.3241505679815,3014.2874636080423,2865.036201792296,384.53117614884593,113.98531541034323,1340.0167655898892
1917,8,22,1,3411.377663700824,8978.937685287405,999.5332288946656,813.6904364751873,39.716986700789946,217.2623383739306,38.47285362942388,761.7252792434274,1411.0225258159032,221.4235482736994,3746.5897056489434,2865.036201792296,384.53117614884593,113.98531541034323,1340.0167655898892
1917,8,23,1,2590.7599944002427,7198.503931239773,927.0786241135627,813.6904364751873,37.51014343738037,221.5592449424333,41.43273496347496,633.9276856907551,625.7782881453402,0.0,3661.1021789760302,2865.036201792296,384.53117614884593,113.98531541034323,1340.0167655898892
1917,8,24,1,3094.0681584717418,8309.100538546681,631.9029554238101,759.4484640647105,36.40672180567562,218.12395765984348,41.43273496347496,624.7920086602496,1080.2274692680485,182.8083830346738,2914.2111564662496,2398.207608353678,328.89217976099724,99.32067766033441,1173.0120020700908
1917,8,25,1,2925.0968405038266,5740.650889215734,598.8702424258964,759.4484640647105,36.40672180567562,232.715536215591,41.43273496347496,634.935213888641,781.621200595421,164.63830140669822,3831.9408885793,2236.7244362363463,318.95472106446755,111.31928904414228,1280.3369041072037
1917,8,26,1,2805.7051327283098,7849.81065020933,1145.5512134691442,759.4484640647105,34.19987854226605,316.0128604252834,41.43273496347496,646.0972678564007,1362.2357810877995,380.3893118409622,3398.3677867936385,2481.6552647163808,307.024384472112,95.9873983346314,1032.511027966657
1917,8,27,1,3324.337903585858,6060.2062252756405,1178.5949044376673,759.4484640647105,33.09769531867765,390.7275613587636,41.43273496347496,643.0520421795655,1069.5283922740095,372.44177201841455,3042.2379308615828,2472.5930757901533,307.024384472112,95.9873983346314,1032.511027966657
1917,8,28,1,3136.7366714853324,7980.374531599711,1109.3239110788336,759.4484640647105,33.09769531867765,322.033005565612,2121.9020559481037,742.4577175260131,1238.463940507571,193.03092484019868,3194.397547714436,2132.7609910542724,282.1807377306804,94.6543851515309,1244.6278358493134
1917,8,29,1,3265.5434971561617,8869.83506463185,995.2737763714699,759.4484640647105,33.09769531867765,240.44773006681785,2121.9020559481037,714.0544787783056,992.2020558573431,311.12148830371893,3969.2390374777574,2243.143486726118,281.1977641739598,121.98339450894599,1151.8089705372022
1917,8,30,1,3252.7229110859485,6258.368350832231,1028.3064893689016,759.4484640647105,30.89085205526816,224.1329129392445,2121.9020559481037,715.0620069761915,1313.4490363593245,373.57927300992264,2972.9753095702445,2243.143486726118,275.23259587778205,142.64883068679848,1216.75252166613
1917,8,31,1,3321.833882868685,6909.675069801788,637.2272710782868,193.86910937859705,30.89085205526816,212.1038125193807,0.0,540.612461697978,1019.5644874851049,261.16124738586905,2515.4057090692168,2223.88633525759,280.2013252260469,77.32372103528519,962.2667189544227
1917,9,1,1,6303.922234886752,11199.56364190608,397.35861737176833,1662.4306554370683,49.5771921234986,199.5375987784876,238.61731724063648,1083.6814809120924,999.8143575815548,281.3967913405769,472.5810465716319,1940.8187950463823,308.4517159380732,116.63939988913454,1203.7539265770708
1917,9,2,1,5743.822880959027,10377.984982036209,469.83517809362746,1662.4306554370683,48.450240737582384,209.64204313117318,169.6804369462951,1139.4125069605145,181.5442404368712,318.82955423315093,430.6553456917243,1734.7798607081054,293.63978563151784,109.28468997521463,1187.3944780051033
1917,9,3,1,6075.755867174446,11775.330504806634,460.3062997678821,1662.4306554370683,48.450240737582384,218.8960580588734,360.58773965071475,1045.452012099414,1265.656337904316,216.72387312445358,810.3044972391908,1731.3815398610657,293.63978563151784,106.13203169670336,1230.1959355984407
1917,9,4,1,6075.755867174446,9297.831220355161,537.8656607947395,1662.4306554370683,46.19633796574997,225.63235429399717,185.59498255151405,932.8465853062577,1037.4311612915221,284.7943271968662,1389.3427381111194,1649.9477032593966,272.6741715520916,92.47200522576095,1091.6966462900612
1917,9,5,1,6075.755867174446,10186.062694403026,600.8023652203807,1662.4306554370683,48.450240737582384,222.2642061764353,265.1340882984377,793.3888339574112,1037.4311612915221,237.13902249872845,1255.6849671427542,1738.304045290702,280.06667131423063,111.38646216088881,1401.4264781300585
1917,9,6,1,6075.755867174446,9143.8206752535,632.5945675606364,1662.4306554370683,48.450240737582384,229.000502411559,238.61731724063648,944.2124090219762,1037.4311612915221,271.17424953501313,1685.2086597698478,1677.7635887138933,270.19653957355536,134.50446346732903,1475.6865128113673
1917,9,7,1,5925.714945825496,11179.70961215061,456.48596606124653,1662.4306554370683,47.323289351666176,234.05831951829848,275.73631375101996,827.4749845630841,1037.4311612915221,167.93106743483216,1491.4642013936802,1668.4496723173402,268.9711889754796,150.25879844428317,1303.1956502236164
1917,9,8,1,5288.992557964853,9788.036669310462,447.58283204951863,1299.275964673818,46.19633796574997,265.21089214054746,275.73631375101996,866.7346226568259,1233.2451975728009,276.8467873743185,1546.956104672285,1540.5721174684616,246.75329351570022,150.25879844428317,1303.1956502236164
1917,9,9,1,4803.8135038829305,11041.67683385255,471.7453449469451,1299.275964673818,45.069386579833754,47.14735972933911,275.73631375101996,809.9168246197161,396.82065638395005,137.29187954304558,1559.3633852578398,1673.1066305156166,247.99210950496834,129.2500330031436,1223.9066913967408
1917,9,10,1,5014.451726577701,10308.023162899472,557.5711177007882,1299.275964673818,43.943673602033975,69.87956205766115,159.07821149371281,890.4964393693261,1211.1930657732908,351.74224739616244,1560.5904789424617,1470.7177444950999,238.1219777642931,110.33557606805171,1368.682868827855
1917,9,11,1,5584.166520058086,10587.870439448438,666.2969367541574,1299.275964673818,42.81672221611768,226.48278371898257,164.37932422000392,939.0502420753899,1211.1930657732908,342.6572065821067,1495.9635449024843,1679.0222260647363,254.15925866892422,115.58851379629746,1128.2088596816989
1917,9,12,1,6452.360582976927,9874.070798249822,548.0422393751992,1299.275964673818,52.956807873130884,301.4100920086084,153.77709876755614,848.1462934326071,1211.1930657732908,394.86251524627676,1796.1924663274597,1697.6500588574493,249.23092549423646,113.48823434656296,1029.990387854391
1917,9,13,1,5501.233353918401,9578.151211898234,442.50003174442577,1299.275964673818,52.956807873130884,215.52790994131155,344.6731940453613,686.9870639333869,1211.1930657732908,263.24167683092656,1657.939911229897,1691.7344633083296,273.8995221502747,109.28468997521463,1079.1058018075275
1917,9,14,1,6246.5300800584855,10491.436580637741,347.13440269401855,1299.275964673818,49.5771921234986,177.65023094473204,201.4983207303874,831.6069822286072,195.81403628100858,334.7246338780201,1288.5438091331716,1638.2423758963205,265.26820639886756,141.85917338124895,922.9620317129484
1917,9,15,1,7213.683041704109,10813.828206662283,473.01878951582404,1568.7211675392016,51.82985648721459,175.12132239136233,233.31620451447978,865.7044533759752,859.7715490545368,360.8123210917571,1602.4480079512925,1500.9250409161195,259.1010572349117,106.13203169670336,871.3383337263418
1917,9,16,1,5716.679296389501,11201.454501882503,246.68597333851847,1568.7211675392016,50.70414350941481,171.75317427380045,249.2307501196988,767.566678682997,112.82032815103177,289.3293640446636,1812.1446842235182,1163.5347126409054,230.71601261106906,113.48823434656296,1056.4323968755916
1917,9,17,1,4395.257483734595,10709.830907944883,272.7476751188413,1568.7211675392016,47.323289351666176,265.21089214054746,169.6804369462951,925.6240797975447,206.18612436936874,258.69167286466813,2034.2486410817019,1468.3263335285767,227.01303003445707,113.48823434656296,1056.4323968755916
1917,9,18,1,5360.80787212211,9881.634238156525,499.0804912958112,1568.7211675392016,47.323289351666176,196.16945066092572,190.8960952778052,849.1764627136704,1665.0275077531487,226.9314478116257,1776.9679986068165,1470.7177444950999,210.97574912982594,108.23380388237754,911.6315072863782
1917,9,19,1,5148.466915339554,6430.436608710951,606.5328657801763,1568.7211675392016,46.19633796574997,404.9610643671135,37.11899651032728,882.2324440382799,1665.0275077531487,237.13902249872845,2084.1504509098404,1520.6856473249059,207.27276655321396,105.08114560386629,808.3841113135037
1917,9,20,1,6291.201809645548,7162.293962686628,466.6625446418528,1568.7211675392016,46.19633796574997,355.2892720288051,270.4352010247288,1075.4174855810463,1665.0275077531487,206.50133131892864,2059.1995459957707,1483.555845473856,201.10561738915072,105.08114560386629,833.5658002785714
1917,9,21,1,3720.173498492989,12195.101419631093,455.84924377680716,1568.7211675392016,42.81672221611768,388.97075320442383,201.4983207303874,916.3185946439529,138.7610120169141,213.31137014984205,2162.2754154766317,1511.3717309283525,206.04741595513818,105.08114560386629,706.3846793176277
1917,9,22,1,4206.85496500468,12883.374451143962,307.0757886264535,1792.2852315241587,41.68977083020155,273.6256675039213,63.632405340182885,850.206631994521,395.51270076145636,139.56089467879602,1744.1091566163996,1448.5657271197904,197.4026348125387,104.0302595110292,841.1153645365731
1917,9,23,1,4158.978088900066,12975.081160013598,352.85392528354987,1792.2852315241587,41.68977083020155,172.5924138379926,159.07821149371281,856.4102887636532,20.748100043588533,216.72387312445358,2112.5099493914536,1325.2192667340253,191.2354856485828,113.48823434656296,818.4543156837715
1917,9,24,1,6037.3942697934835,14880.122586524267,352.85392528354987,1792.2852315241587,40.56281944428525,230.69017140073657,132.57264786251872,1004.1320354435456,123.19503215063726,276.8467873743185,1543.5475111047408,1331.1348622831451,186.3071524737877,111.38646216088881,793.2726267185348
1917,9,25,1,2617.3026139983963,10186.062694403026,524.5164487621378,1792.2852315241587,40.56281944428525,131.33539686316337,153.77709876755614,996.8982093933504,400.70528458359104,280.25929034906886,1562.771978825384,1390.4166815095043,165.32807300327644,110.33557606805171,809.6444313696367
1917,9,26,1,5303.315556464835,2175.5289461745247,521.3328373398684,1792.2852315241587,42.81672221611768,111.13434106039698,169.6804369462951,1058.8894949187415,400.70528458359104,68.07793763166966,1034.6853946002877,1421.882615281367,830.3433475933164,121.89383035331997,611.9471676587187
1917,9,27,1,4317.0318765429,3529.195603484126,380.189071632752,1792.2852315241587,41.68977083020155,141.4398412157436,196.1972080040963,1177.6759373980651,400.70528458359104,273.44925151802926,1223.9441438421084,1398.5978242899841,177.66237133129556,120.84294426048288,745.4298889004963
1917,9,28,1,4194.134539763475,6908.351467817485,289.9172208578581,1792.2852315241587,42.81672221611768,153.23395455760678,63.632405340182885,1122.9297984643517,386.4354887396807,234.86402051571233,1095.890100698264,1348.5040577254085,169.03105557988843,122.94471644612108,703.8763952843268
1917,9,29,1,3646.755611076956,11649.588316357344,210.4367150071675,3417.353792436267,40.56281944428525,196.16945066092572,408.30896161354605,1238.580450934556,168.58240021547792,167.93106743483216,737.7696261228651,1290.3550121151227,156.6967572519767,116.63939988913454,735.3473284512634
1917,9,30,1,4656.977729051533,11956.853062568482,223.7969050099698,3417.353792436267,39.435868058369046,196.16945066092572,408.30896161354605,1183.902235250162,1199.526101618421,207.6388323104659,329.7882448424022,1343.8470995271318,135.71767778135805,116.63939988913454,735.3473284512634
1917,10,1,1,2489.69771827165,14823.3967872235,558.5371790980304,337.8409589673481,7.087161968484946,541.2759493110897,178.87052666198304,677.9532717768608,1938.1286417817698,0.0,1325.6838446447048,1487.0800300564526,18.739784916009228,168.15670221289903,1128.7154589199451
1917,10,2,1,3378.5249118965708,10644.596238749204,741.9241749869203,605.6553733416455,6.201328642830151,525.9794095213402,178.87052666198304,662.5233736449388,2014.9056368371748,0.0,1647.0324118140777,1379.9699914972712,23.20221555563366,166.64903892629366,934.5643898769199
1917,10,3,1,4364.007305189119,3686.6096965425418,690.5802073262556,605.6553733416455,7.087161968484946,592.2457655086641,178.87052666198304,688.9794792461939,1489.892249867669,0.0,1351.3437370208744,1471.2211994353581,24.093624452263523,156.14017799795874,885.0782935543225
1917,10,4,1,3280.3672997991766,3252.940960889961,873.956225244536,605.6553733416455,7.087161968484946,573.8943937054431,0.0,740.7935979183213,1495.7780501698182,0.0,1280.4722595653527,1495.6387640424211,27.663299656139394,169.64943814021547,1760.6176941345536
1917,10,5,1,3302.8033254213806,9596.11438167728,906.4510176917455,605.6553733416455,7.087161968484946,423.03268964902657,74.5293861092019,768.3477960499594,1508.7268108349172,0.0,1196.170923454093,1272.859952937696,23.20221555563366,175.6651639273121,2008.1099561425349
1917,10,6,1,3738.8034126255984,10329.768052631363,994.4723845304774,605.6553733416455,7.087161968484946,373.0811507892761,81.98232472012212,671.3420755120238,1514.743406699501,0.0,1284.1399062439561,1205.988550485966,28.556055091888066,163.64863971237182,1617.90498189332
1917,10,7,1,3950.443243607105,12453.203806448168,869.7736185141603,605.6553733416455,7.087161968484946,434.244930226419,67.07644749828168,619.5279568396838,1850.888001744932,0.0,1498.0087010432524,1046.5695436242058,28.556055091888066,163.64863971237182,1467.531500683229
1917,10,8,1,3532.6724272214715,13645.39102174843,1471.2675958713673,605.6553733416455,6.201328642830151,448.5120028174172,81.98232472012212,406.76969895777745,1114.783656820824,0.0,1256.0394608738047,1120.8039745790368,30.3402194242666,148.6361944912928,1461.8477043516655
1917,10,9,1,2503.720234285277,13937.528888146164,1628.4721323050212,931.1680581217229,7.087161968484946,504.57320570437923,447.176316655092,417.79590642711065,1087.6566572049258,0.0,1276.8046128867493,1219.3804518991246,29.448810527636738,133.6222565342741,1387.5876696701878
1917,10,10,1,3846.676625103992,1544.4544289555201,1283.654081370146,931.1680581217229,6.201328642830151,505.60267290313055,894.3526333103184,424.41842323342996,1169.0507356085677,0.0,1267.0424009096153,1140.275094396791,31.23297486001527,147.1359948843139,1477.0456814993904
1917,10,11,1,3309.8145834285287,2591.0454260510214,892.8273563992101,931.1680581217229,6.201328642830151,471.95476131016005,89.43526333104234,404.57351389722425,908.335941326724,0.0,1164.4028314049356,930.9637029466372,30.3402194242666,147.1359948843139,1625.4421900723569
1917,10,12,1,2671.9904264521433,7329.918699619344,823.6551647739334,931.1680581217229,7.087161968484946,92.7605895353638,141.60583360735842,374.8118101633381,366.8815521797002,20.774360213863368,1148.518785380357,1182.8673823504523,32.12573029576394,147.1359948843139,1549.328743543744
1917,10,13,1,3217.2659777368526,6247.495905966787,696.8596064073649,931.1680581217229,6.201328642830151,46.88999292965838,0.0,354.96690082713246,917.7793809231689,0.0,1122.8588930045898,1215.7304035817585,49.972759776024496,147.1359948843139,1555.0125398753075
1917,10,14,1,4480.394188105097,10371.36697211772,633.9887698039342,931.1680581217229,6.201328642830151,428.1240763384143,0.0,530.2428456384506,336.20999282635256,0.0,935.917987388651,1293.6274692273932,6567.87920574307,157.64784128452817,1488.4132741626865
1917,10,15,1,2892.043767042227,10894.189755671365,1358.0847208267244,931.1680581217229,7.087161968484946,68.29619674658193,96.88820194196254,526.937247506032,454.17451044152085,0.0,1408.7035495747223,1159.7462142149386,1184.1868972253912,142.63091785566607,1381.9038733386242
1917,10,16,1,2660.7724136413754,9592.332661723425,971.4186466454277,1419.151088803295,7.087161968484946,48.92878557756391,96.88820194196254,639.3728661761021,20.054883563534208,0.0,1203.5062168113,1311.8777108150107,739.7751264643902,165.15630299897722,1408.469443149645
1917,10,17,1,3894.353179551929,10735.357517629624,1050.0099368921271,1419.151088803295,7.973119134951384,167.17652118385558,29.811754443680734,531.3409381688333,539.1000690260815,345.09684686661166,1055.6550622276714,1296.0188801939162,571.1211018376732,159.1405772118446,1419.9605966029308
1917,10,18,1,1735.486678379954,10693.758598143268,915.8810942837778,1419.151088803295,8.858952460606202,187.5644476628585,171.4175880511119,571.0307568414573,922.501100721206,252.76469401401212,1086.209694966664,1164.6171407628349,472.06968426056346,148.6361944912928,1223.8819792386414
1917,10,19,1,3562.1197108501547,10926.334375274595,617.2254089706033,1419.151088803295,53.15371476363705,0.0,67.07644749828168,281.10036721633867,441.1995906637865,936.0286119703162,1137.5158453445465,1003.9772556709379,378.3640269848901,156.14017799795874,1269.58711539284
1917,10,20,1,1169.1773530744701,10530.199210159462,225.3008869576972,1419.151088803295,136.42303810161243,613.6519693256251,0.0,465.20633443643675,1715.2530036661813,2050.944221977977,1142.410585707772,1204.7676722554356,306.9839882985349,154.64744207060636,1256.2425500924194
1917,10,21,1,3958.856753215682,9719.020280161936,652.848922987999,1419.151088803295,178.0707030558744,257.8927231408187,126.69995638564329,404.57351389722425,280.7657539782332,679.8065136263967,624.3589009453261,1322.8278557675023,296.26553691306276,142.63091785566607,1235.2989962179672
1917,10,22,1,3147.153397666712,9858.94391843642,1068.8700900761917,1419.151088803295,86.81736259145354,74.41257469029877,0.0,353.8574877552672,0.0,445.5112436063255,757.539468814541,1141.4959726273212,253.4321275448586,138.12733356292193,1252.4121656079908
1917,10,23,1,3810.2180834681612,11402.831089399819,633.9887698039342,2546.342357519257,54.92587677819328,80.52895263401561,141.60583360735842,454.18012696731614,254.80283486676439,325.4749547627017,784.412820500473,1175.5672857153265,229.3425427098773,147.1359948843139,1050.6744640700683
1917,10,24,1,15811.388413982415,13332.453695607013,1359.1825178688698,2546.342357519257,47.83846712808504,54.025767197328065,0.0,372.60430456130257,81.39669431460635,295.46588255173924,686.6679913590191,1377.5785805303544,214.1670468413428,147.1359948843139,928.8558813872571
1917,10,25,1,8936.849938157553,8565.028436390263,1814.987849764097,2546.342357519257,46.953005324865146,95.8187785072223,365.1939919349716,447.55761016078424,89.65381816098945,639.4102613086079,700.1114843892137,1377.5785805303544,197.21411933595297,147.1359948843139,1221.9791430754767
1917,10,26,1,3817.2293414753085,11751.69475509832,1220.8600905600174,2546.342357519257,77.95902933495769,369.0080414378465,871.9938174775705,351.661302694714,460.07339029998764,1278.8055554989808,629.2400069336918,1335.0366380708372,170.44492165465732,175.6651639273121,1016.411057053126
1917,10,27,1,2708.348807259635,11448.211728840028,845.6659954689211,2546.342357519257,125.79749646299473,291.5294448731302,521.7057027643413,330.70698028643045,0.0,870.2331598807631,597.471914884937,1411.6876527390664,167.7653088082356,184.66636156907757,1037.354610927578
1917,10,28,1,2663.5769168442343,10030.066746325921,1359.1825178688698,2546.342357519257,93.90477224157536,216.0985928448548,1773.7993893988946,443.1539194979829,469.50375034011483,560.9226928925161,565.7038228357795,1339.8194600042768,149.92366548447174,177.1578998546285,1037.354610927578
1917,10,29,1,4942.936894906799,10771.283857186709,1242.8160314024399,2546.342357519257,64.67091024607747,159.01911262006894,1304.3202940433207,394.645398958274,527.3153888654657,483.58759258639344,737.9877761113588,1027.0984238064516,138.31649828062558,174.15750064074268,1025.925237869287
1917,10,30,1,3584.5557364723595,10896.080615647788,1252.2570859650816,3178.3337479794095,52.268252960417236,162.07394463367467,670.7644749827053,358.2724989595509,0.0,432.8041601615519,714.7684367295732,1150.0043611191459,137.4277824622516,177.1578998546285,845.1063780477174
1917,10,31,1,4536.3840913319345,14186.176975080112,1455.5690981688351,3178.3337479794095,45.180843310309,121.29809167561488,290.6646058258569,466.3044269668196,0.0,432.8041601615519,999.4541714869658,1125.674901126933,105.30070562742209,196.68288578401786,919.3417005710959
1917,11,1,1,2217.3604251153156,5686.194121887484,208.2191649820515,956.6400007414034,42.01051853234687,34.04291368124745,40.315354543161035,238.78418290427936,169.7203216072652,176.28271945164462,1204.7333104955194,915.7090182540892,58.54482780615408,177.51615647720462,137.2142570942919
1917,11,2,1,2217.3604251153156,3344.647669759599,514.8119229096897,955.4716746585409,40.29532329114478,155.87476171958022,34.01566011729909,145.23122753897778,501.1301172981336,167.34734982075386,1301.4691959412478,840.618713901173,54.47289351097467,167.41033424924083,122.05334818346829
1917,11,3,1,2482.7866210928414,3529.668318478232,483.29416982984964,955.4716746585409,39.43834487460183,93.1690194565963,20.157677271580585,132.80127291758873,223.6211728205467,219.7172967863937,1238.2602368254716,871.9965430581855,50.908604463573916,165.96238039971945,137.2142570942919
1917,11,4,1,2136.9312796928034,4402.016568721521,194.84799700882724,955.4716746585409,43.72571377354904,65.39802278495974,37.795925069875516,119.05813547645397,752.2837559774154,112.41652891232438,924.8332411073065,840.618713901173,48.872637315984264,163.08140006000164,102.11063670663928
1917,11,5,1,2035.869003563542,4705.877766974895,272.20975456819446,955.4716746585409,48.01184426437983,64.50171493041942,22.677106744866105,158.64606927517613,0.0,99.64209343499574,820.3530310762982,773.3697202439537,51.926588037368845,155.8714855310087,106.8961460963393
1917,11,6,1,2534.669930344398,5841.339182974393,319.96392590113726,955.4716746585409,48.87006108903913,51.96011888336879,56.693887604813334,113.17485003316091,516.0408113971586,228.66763353547074,260.5528922994171,859.6618970196877,51.926588037368845,155.8714855310087,133.2232435831298
1917,11,7,1,2494.9060813620054,9768.182639554992,363.9087414978655,955.4716746585409,50.584017922124865,50.168622160373815,56.693887604813334,176.30611409244983,0.0,166.0751447644293,1226.6573843220087,626.5370868910173,51.926588037368845,163.08140006000164,177.89046910277852
1917,11,8,1,2725.6766306198233,5900.239471247642,340.9867392580535,955.4716746585409,46.297887431294086,54.64792346090408,40.315354543161035,152.10279625954504,510.31196576970876,21.717288667374472,825.5068245501802,561.5284677182829,45.817340055480976,157.3045120212411,6725.6609114420735
1917,11,9,1,293.9219517346588,5906.573852170071,536.7788417227216,949.2649423433849,45.439670606634785,113.7785051805952,47.87476370566587,112.84768638237931,525.2226598687338,160.95639030251203,555.9279764841883,599.6400067029746,51.417596250471384,200.60878127288595,8221.487832994146
1917,11,10,1,2226.8757038389676,7747.609668469332,530.0932577362935,949.2649423433849,43.72571377354904,80.62742340954566,49.134478442308634,107.6142000240297,0.0,103.47367572227883,380.50811712674704,646.7130436256056,49.381629102881725,199.16082742340052,2558.3261532078222
1917,11,11,1,2018.541180203354,6284.745847507167,342.8969061113712,949.2649423433849,44.58269219009192,90.48233386514664,42.83478401644656,148.17456834185654,616.9626672480632,5.109774190931522,428.2284270713944,416.94879522366244,47.854653742189434,200.60878127288595,1520.539079515789
1917,11,12,1,2286.5715577270603,4871.800729929232,373.45957576445426,949.2649423433849,47.15486584783695,77.0444299635557,51.653907915594026,110.55754082690848,0.0,91.9774321485984,459.19209103846,698.2668295172062,45.308348268583515,264.1097676212053,934.9474283253458
1917,11,13,1,2035.869003563542,4409.296379632163,468.0128350036808,949.2649423433849,50.584017922124865,68.08582736249502,36.53621033323275,128.87304499990046,586.0033576577945,155.85260295890436,419.20247130487246,931.4042260193143,45.308348268583515,233.79230093727801,768.2144985432874
1917,11,14,1,2548.4921247013463,4070.1706428128473,384.9205768843608,949.2649423433849,48.01184426437983,35.83441040424256,37.795925069875516,157.00459075049352,410.54111086659856,157.12480801522895,443.7170762423571,1248.593424813065,42.763389334096395,207.81869580184292,690.8407319583724
1917,11,15,1,2034.0661086474183,4158.095631729639,310.4130916345485,949.2649423433849,45.439670606634785,182.75280749491296,64.2521760246699,120.37131829619992,0.0,157.12480801522895,394.70150074180174,1170.1299723595903,44.290364694788686,189.05500519540078,564.0055812089594
1917,11,16,1,3036.8763253001534,4914.439622402821,468.0128350036808,903.1404021961383,44.58269219009192,286.67304526174314,70.55187045053184,116.11479467357498,504.5831201418879,113.69472081597279,392.11096963050437,1112.975250256384,43.78137290789122,189.05500519540078,505.7590248880877
1917,11,17,1,4314.628016654735,6630.3005082459185,522.4525903232326,903.1404021961383,44.58269219009192,251.73829967029997,313.70707467402445,116.77138608344806,541.2712753599775,130.30073858058475,390.8293384491259,1107.3743140451718,920.4268146394245,176.0682026276832,505.7590248880877
1917,11,18,1,7864.127463092693,4858.186538097169,348.627406671324,903.1404021961383,47.15486584783695,275.0244001109977,313.70707467402445,71.96128646792567,435.7715748294175,154.56543078427023,398.5736630344776,935.8849749886774,920.4268146394245,202.0418077631183,452.3189832912415
1917,11,19,1,8662.91007174311,4239.686239722993,537.7339251493541,903.1404021961383,64.30186462739287,250.84311080173885,279.6925352994317,118.41286460813045,0.0,154.56543078427023,488.8604894502294,802.5071749164813,230.62175487272253,206.3707419523575,452.3189832912415
1917,11,20,1,8315.351996255287,5992.79706710647,656.1752480257809,903.1404021961383,61.72969096964783,304.5880124916111,214.17392008218908,100.74489541177209,428.89172825380217,88.14435314948435,392.11096963050437,935.8849749886774,244.8681387494133,178.96411032669002,465.8736019344073
1917,11,21,1,5149.668845283637,10141.627484951028,523.4076737498652,903.1404021961383,59.15751731190278,288.46342299859697,264.5737169742989,84.71727268594127,439.2114981172251,141.79847886609616,559.8001387768284,931.4042260193143,649.5974016799354,178.96411032669002,414.02749452625966
1917,11,22,1,6353.902488393177,7626.027371968978,542.5093422829993,903.1404021961383,52.299213163326954,306.3895800893923,842.8433011964112,122.65806768920604,417.4209574422138,19.1624015719087,402.4321909528833,953.8205572383873,2057.781081313875,168.85828809872623,399.6697307493467
1917,11,23,1,5743.522398473341,23452.336290826148,911.1935009140443,838.7364268772172,50.584017922124865,238.29927678256647,614.8057945552623,127.57118272170386,0.0,75.36991767215548,386.95717615645003,536.8717620147249,649.5974016799354,168.85828809872623,420.40323128105354
1917,11,24,1,3415.484257676105,14273.156534007685,600.7804092796438,838.7364268772172,49.727039505582,150.50362850888465,282.202998831509,101.39922271333509,456.4111145562633,209.5097220991783,393.4062351861531,514.4554307956519,380.8012627898492,164.52935390948707,350.9991356394617
1917,11,25,1,3464.7633853821485,11834.892594072036,486.15942010974743,838.7364268772172,48.01184426437983,193.50626377723154,142.3679386082732,89.29643174272788,448.38026703285357,38.32330643198635,415.3303090122325,643.3524818984848,284.5775773621698,174.6202487781978,418.01850803740376
1917,11,26,1,3318.7288971801395,13155.658287787235,386.8307437376786,838.7364268772172,47.15486584783695,165.73302913347192,142.3679386082732,83.40975013696989,0.0,31.9368370492374,724.8987768122147,513.3352435534093,284.5775773621698,173.18722228796543,303.9348307974094
1917,11,27,1,2916.6833308952487,12509.929605748934,505.26108864336373,838.7364268772172,47.15486584783695,139.75017222656606,94.48869193204071,75.55895457236787,454.1221922166211,113.69472081597279,751.9902784866402,724.0437224630067,194.97886439877192,170.29131458895864,319.88652876302086
1917,11,28,1,3120.710938897566,10821.391646568985,478.5187526969282,838.7364268772172,50.584017922124865,144.2373064297622,85.66956803289312,87.6617455429751,306.1924112843772,157.12480801522895,828.0973556615781,437.1247519582507,173.59582319259707,161.63344621048026,316.69866038562395
1917,11,29,1,3169.1887799748906,14130.396605768568,478.5187526969282,838.7364268772172,49.727039505582,126.3111493389613,110.86722499369301,89.95075904429088,710.991596967406,235.05859305367096,1000.9266839077874,795.7860514630269,159.34943931590632,170.29131458895864,330.2656351077548
1917,11,30,1,3282.3705163726477,35067.88912760384,564.4872390666408,2508.615161092636,48.01184426437983,138.85498335813918,75.59072939710288,100.09056811020908,866.9522254232328,132.8556256760506,950.6294772260333,841.7389011434154,143.56800084382274,238.1212351265172,329.4624899740076
1917,12,1,1,3062.317175782564,26706.50631070139,591.7345616521935,209.21555927981538,50.476276415998754,298.67976595988625,7.189115791520097,282.65128140856854,154.5872750521169,172.01709073338014,115.49269412876382,803.3001164477722,83.30768220044945,162.03648491085139,374.7722316006458
1917,12,2,1,2716.9626385255597,22548.505221970776,422.89337657186576,209.21555927981538,49.71217860818531,332.2157789443873,46.214943843594746,305.2357618000965,254.6720393044898,156.88533412227358,86.94367784484152,586.5250055066234,84.56938935474288,147.30915225191512,512.2953906695972
1917,12,3,1,2624.7145153195697,29889.769081450675,316.96693997610436,209.21555927981538,48.18274458444183,328.3105175056619,46.214943843594746,275.12312127813004,236.88384283517107,183.03288980931939,75.26447284517224,609.6335872686997,85.832443048155,116.37518563000357,369.261420374763
1917,12,4,1,2721.970679959237,19257.463432550237,522.4416123526231,209.21555927981538,47.41740836851196,304.92370831728795,6.162067228655851,294.2887981215652,731.7750118126334,79.81664852196737,94.72890555300333,495.18569295368627,89.61891105015377,104.59003548377287,284.68405974354584
1917,12,5,1,2314.1157856112804,26548.619502648868,429.26059941625846,1804.2118936204217,45.88797434476847,305.69580871631786,0.0,369.5703994259498,473.7676856700007,114.22156338047432,80.45507912975556,906.7475203157563,176.7197939481521,128.15884304029458,380.95027109165954
1917,12,6,1,2074.931726745554,5082.064359336544,452.3582491828128,1804.2118936204217,45.88797434476847,308.8177798950859,45.188343577789816,284.02106693622966,437.06645089596446,155.5083592377812,116.78932312183925,761.4881836515705,233.51681397811473,763.0567513288389,477.9084228628344
1917,12,7,1,4285.881858825764,11469.011188583709,558.2846857783514,1804.2118936204217,45.88797434476847,244.86772510485181,0.0,456.489517443331,83.4096380180096,83.94607646361354,163.50341624566244,880.3287223210968,265.0662255310895,402.1579861800071,407.08337813839404
1917,12,8,1,11074.78282613776,9033.016280620575,568.6369118856701,1804.2118936204217,45.1226381288386,231.61892985167745,0.0,342.19732995930565,492.6676444188372,79.81664852196737,89.53829926841999,664.6486258753154,171.67027225273304,570.0907780038231,396.7660521884856
1917,12,9,1,7536.701714167918,9052.303052381907,348.0345962685704,1804.2118936204217,49.71217860818531,216.02026381889934,57.51202973804212,417.4789312636902,262.4674548160443,100.45929809470535,838.2958676156995,972.7756357428389,155.2559603948231,369.75068919781523,570.0600599101529
1917,12,10,1,5574.851562991113,6957.513827211549,370.330854194365,1804.2118936204217,68.83196151715275,199.6383075261638,5.135018665791604,367.5213814055181,391.4711178871162,108.71665726616672,779.8998426172121,855.0301115682863,186.80537194779782,237.16588413302892,1017.0288610022272
1917,12,11,1,4437.625514262498,8642.459152435687,446.7814402087589,1804.2118936204217,120.07357414906268,240.19036326723068,528.9120779926504,318.24306404032916,212.41199313363032,107.33968238167435,1042.0206879574946,1155.4416744748823,161.57122886189498,185.60678520327684,3852.872548144189
1917,12,12,1,4323.542330406346,8302.009813634086,607.6635967336678,739.952022556482,94.83481673700929,225.37498749427579,1860.9931674334655,381.2079161389465,647.254919470953,103.21175115185913,805.8460568529525,840.7194048890673,148.94069192775117,160.57360370207698,2154.4059312885565
1917,12,13,1,3857.1935121150477,8294.91908872149,618.0158228409864,739.952022556482,105.54209331129103,189.5002935909642,410.8082177191433,339.45775890419594,210.18846857496553,110.09213543882815,2008.7523611965998,1138.928352431491,184.28734379568448,131.1055037608192,1492.2436586471151
1917,12,14,1,3132.730238338391,8563.515748408925,568.6369118856701,739.952022556482,123.9027320449038,134.13286207708438,186.91745887656765,378.4683450838368,423.7253035439319,97.70684503755156,822.7254121992028,1136.7383234407569,131.27275215028297,138.47066282620904,1107.7966172034232
1917,12,15,1,2198.029385181657,7270.829325348049,562.2696890411313,739.952022556482,120.837671956823,74.86464506886844,91.40328742138456,321.6618675884219,769.588008866253,97.70684503755156,484.0339209584837,1196.1585927757167,143.89117023233214,154.67729678914836,947.5753410449441
1917,12,16,1,1598.666986415242,8885.529202438382,521.6511984822399,739.952022556482,121.6030081727561,149.73152810985474,143.78007434503306,340.82754443164447,700.6456679913478,136.2396911258737,624.181654079801,517.1992602207887,141.3731420802188,135.52400210568442,796.2875099900817
1917,12,17,1,4133.036434274622,8614.379881782374,348.8250101389087,739.952022556482,117.01346769341806,219.13104513673983,119.13494350989718,393.5246653447137,422.6135412647195,93.57891380773634,519.0606284581717,534.8075967591535,147.6884105472907,119.3203536145885,697.9578334519188
1917,12,18,1,2214.8564043988117,7477.027605805445,327.31916608345244,739.952022556482,94.07071892916399,230.05234933189683,108.86333713860644,245.01048075637624,422.6135412647195,61.926452006382966,541.121046026815,698.7702844574649,152.7244668515174,125.21367505567368,695.2147839179424
1917,12,19,1,3179.405184498923,5777.995373755137,299.44609918360396,495.9179119939718,79.53923809147314,232.39103025084162,182.80433335743464,333.29938430120603,737.3338232094372,148.6249815271503,1199.0477764250618,741.6772317490337,155.2559603948231,119.3203536145885,614.0724132437628
1917,12,20,1,3212.1577754741675,6409.920777963331,421.3015708607678,495.9179119939718,70.36139554089615,187.16161267215364,486.80577669755274,305.92631483456194,660.6091463793033,127.98233195441232,822.7254121992028,583.2273756474777,155.2559603948231,109.00853382863806,574.8665746340093
1917,12,21,1,3045.38999573707,7647.299546706765,522.4416123526231,495.9179119939718,69.59605932496628,106.0586201762588,302.9703601036812,323.0316531158705,645.0313949121572,309.63974359099836,785.0809048400082,461.0766207453681,236.03484213022804,111.95519454919865,642.2566294014124
1917,12,22,1,3561.4185850497743,6922.438374643653,464.30228100125885,495.9179119939718,123.13244219653453,92.80199202052987,167.40532937029963,330.559813246309,1070.980223015256,439.0005471417935,891.4971960169337,474.2797265557822,198.17016211028877,139.94399318648934,1046.596958005999
1917,12,23,1,3077.140978426248,6783.74379535445,289.8952649170152,495.9179119939718,163.66801666229264,81.884044783639,119.13494350989718,349.03493705506605,677.2855805689729,378.44358646069753,776.0004115760607,330.1279907605248,292.84532755138304,144.36398426729423,823.1125574598775
1917,12,24,1,1778.2553522225526,5886.814365413625,280.3334526800055,495.9179119939718,112.42516562216781,85.7825923057593,96.53853023570585,294.9680306145483,642.8078703537325,377.06661157607374,738.3695385909205,450.0761302987324,292.84532755138304,136.99733246596472,644.3200945914617
1917,12,25,1,2779.4629956165113,6647.696420031836,225.38871072106787,495.9179119939718,94.83481673700929,68.62629764182458,77.02527998687398,307.29610036201046,1524.683869432679,897.2488084298145,700.7386656057803,474.2797265557822,709.3837385536368,129.6321734005389,675.2720724411869
1917,12,26,1,3139.7414963455385,6502.005658828052,254.85358333201484,1656.223923121912,87.18640821011444,48.35026977132508,67.78251536668472,293.5982450870997,1086.5448949257132,521.5591717379124,779.8998426172121,418.1570870803616,709.3837385536368,125.21367505567368,614.0724132437628
1917,12,27,1,3141.6445520900015,6090.459984902447,343.24820116485483,1656.223923121912,165.19125864537716,52.24993627953103,60.5929512781053,252.53864088681468,647.254919470953,327.52544997106327,763.020487270962,520.4968900799345,709.3837385536368,126.68551268001428,1377.3321241152742
1917,12,28,1,4823.645347959623,6230.005451181848,477.8490965012249,1656.223923121912,269.97296937325626,35.87245593115185,45.188343577789816,301.8169582520037,206.85318173696814,352.2960307735685,782.49037372861,421.45471693950736,324.3947391043578,128.15884304029458,1283.7966062220023
1917,12,29,1,5276.171971894641,5124.230536816028,504.9207715602553,1656.223923121912,158.31809359945768,49.130203072966275,44.16174331198489,281.972048915798,647.254919470953,339.91822393154644,783.7856392843091,441.2656688424377,326.9262326476635,128.15884304029458,887.0676222704121
1917,12,30,1,7487.021943147178,4976.838001633865,286.71165349481913,1656.223923121912,123.9027320449038,46.7904031680427,31.836936409084174,296.3378161419969,648.3666817501654,393.575343071741,727.9937797712741,294.9113176830932,326.9262326476635,134.05216448134382,1048.6604231960487
1917,12,31,1,5696.947613141148,4187.876676362339,312.99291468356955,1656.223923121912,108.60096135876286,49.130203072966275,31.836936409084174,310.0243508754252,650.5902063089611,298.62394451491286,866.8462473368922,276.207966649118,359.74139097218375,136.99733246596472,1238.4497963584688
1918,1,1,1,180604.72422961396,532177.0401277016,3353.652805325021,11549.67303641862,253.67913553375985,6663.195956741874,66.54514197658595,818.9360982014917,1028.149644839991,16854.88832820458,0.0,6197.087493080237,1477.4316312221554,1412.806008892442,1145.8750830115991
1918,1,2,1,120403.14948640893,294621.70301334054,3790.4511115540918,11549.67303641862,250.73489384203404,13093.78493697934,60.75880106804593,926.7111064251509,857.2190859292557,28551.366417087866,19442.65069869687,26558.697499408543,13536.613187384697,7897.004692481466,4570.269077128056
1918,1,3,1,66181.59783436208,173853.3472736371,4658.433349896663,11549.67303641862,411.0324970550445,7426.95681039891,125.13128829345999,1153.7314630331355,1254.9164827761026,10902.71222953419,27825.33667748422,22986.989566598717,12706.457935592622,11664.081338490996,10497.871280820393
1918,1,4,1,46395.34693542861,140675.227564927,17427.952985261494,11549.67303641862,3150.7475325417554,3915.1551810655496,1821.2830131242904,2320.3959270533855,3591.4858972583966,5016.956179901788,2511.6087982011427,8822.118594040247,4335.9140571772805,4072.066723695738,4880.477462270731
1918,1,5,1,27194.389124276866,108083.6970126686,22458.432193249027,11549.67303641862,5258.08852335308,2722.821907050214,2831.7822201621752,3757.1137688221547,9039.566955315262,3344.922212320531,5724.261313306231,6022.160919200156,3056.0443163759833,3260.790071717579,3154.363444032528
1918,1,6,1,19941.214211697825,87412.40130935302,13769.252519630698,11549.67303641862,2702.2413815110463,2001.7847837714814,779.0159503178833,2293.067264253856,9046.56593179466,2520.4023752818407,3724.5816558983515,4409.31700046758,2279.9150412878457,2389.2158307410596,2331.5246091640392
1918,1,7,1,16844.177644352614,72322.99246583274,12966.397021034696,11549.67303641862,1893.392761216735,1658.8081704559622,628.5592385444972,2689.602312367717,8373.108861655162,2175.843921537506,4032.312960067792,3707.519949084135,1906.627543713233,2013.1172326956896,1927.9713341357806
1918,1,8,1,15305.692956470817,51944.99134074305,56617.22004436252,24095.844711466227,6838.246682372943,1435.769529400642,3706.99034913633,13914.523383149699,22302.627383989176,1897.776706594326,3418.0799653575355,3308.098464402947,1656.1691395162086,1739.4940826197455,1676.4161339082752
1918,1,9,1,13717.04028963614,53550.81233464498,86044.02624465941,24095.844711466227,14856.152869207472,1329.4052423128119,4634.996802499842,17197.042205044712,26382.25300749095,1711.1883373248813,3426.7692350010707,3039.8719101314564,1483.4554335027535,1586.4661105405235,1510.9447690377938
1918,1,10,1,12637.871320165905,45958.33142050236,66786.72302658185,24095.844711466227,13547.601006243993,1329.4052423128119,9243.039060711018,12547.320421685065,17584.539572745278,1502.5311414725413,3566.945188685347,2798.9994117361275,1372.6739446864892,1415.2118217867537,1385.7319176096019
1918,1,11,1,10816.662199785436,40909.94872562527,68549.63649902372,24095.844711466227,14270.575910531306,995.2552330164018,8090.806343320733,11207.061212276229,15804.466554789633,1445.0098128309621,3422.424600179303,2540.3554885038902,1270.834037380528,1348.9149272164002,1106.7460669404313
1918,1,12,1,10353.110074263086,38051.321931524435,68549.63649902372,24095.844711466227,6310.246005667181,998.0738124510344,2833.9296975918305,6563.882911558837,9247.203257540667,1412.6896603516705,3247.409593679229,2521.9742598741454,1254.2685811088832,1561.037581846734,1404.1265890822922
1918,1,13,1,8981.406045299473,31529.830721579343,0.0,24095.844711466227,3969.083153842531,888.1492144982964,2137.406500948173,4470.507341113435,6411.529053664216,1284.9040354610318,3092.9701219010253,2563.789377136243,1476.6786559370169,2272.275052077538,1197.347891781753
1918,1,14,1,8694.779658882997,28814.533404619673,0.0,24095.844711466227,2811.0147551199025,791.7983017177796,1524.0425164915862,3554.5737355106507,4986.226376814157,1217.202570686021,3228.801440763159,2185.9723697070835,1138.8751186715758,1356.1475925634013,1019.6134125960183
1918,1,15,1,9089.768879836953,22101.93622515221,0.0,6652.704366525069,2211.0437259511405,785.0485457031753,1270.8623326383479,3160.1941875610796,4843.4472566323275,1387.1325353735426,3540.8773797543668,2822.4333003684796,1514.421542101349,1981.750305085427,1283.9964758241485
1918,1,16,1,8046.943824007867,24865.0100344931,0.0,6652.704366525069,1822.0766846852418,784.6035068450987,1101.581870430438,2617.777967601664,4320.001582370088,1079.5927584777912,2965.090304505252,2372.31098600674,1277.6108149461368,1634.582368428062,1062.0502423970083
1918,1,17,1,0.0,22473.53116588974,0.0,6652.704366525069,1542.6190774511033,0.0,870.1726646562917,2415.2379342899303,3711.323927868698,1323.2041280466394,3104.692438495669,2277.8785128561694,1158.452476083392,1371.815829704653,1041.396576182074
1918,1,18,1,0.0,26474.812402761174,0.0,6652.704366525069,1531.5781711073244,784.6035068450987,805.0818832562863,2887.908327499112,2780.6933553097265,1148.2196901739862,4118.549862567999,2258.190561812063,1116.9447134938775,1285.023845540265,1013.9659257404093
1918,1,19,1,0.0,24481.470970662136,0.0,6652.704366525069,3478.703343197036,0.0,1522.561497574628,3097.6846827914032,4112.054214523184,1142.6668886466787,3782.865341903813,1993.8841747840195,1069.4131486236374,1221.132763864223,967.0111064547425
1918,1,20,1,0.0,25318.886712108426,0.0,6652.704366525069,4747.017236374328,797.4354605871922,3683.1459445732908,4369.891672721864,5391.622647788492,2501.252328989037,4681.303033352188,2715.2820623839707,1317.6126269656293,1489.9595148153303,1101.7440071539265
1918,1,21,1,8698.793097200025,37529.76188970217,0.0,6652.704366525069,3978.651939340502,865.3780595917542,3465.4361637810434,4779.436703971539,5157.234702130361,2311.6739896665354,5210.528739190487,2575.201419555819,1177.276858210197,1448.9693356275413,1010.0933633250261
1918,1,22,1,17220.99490848599,41517.77187868896,0.0,4274.570849089201,4425.031693593896,1396.161071029022,3199.223013458603,4635.711032290504,4946.876575718438,7059.461675021349,5268.238605502839,3540.085250380185,1409.5697336549606,1594.8407756791614,1278.4296673522724
1918,1,23,1,13886.496574098224,35241.79875459104,0.0,4274.570849089201,5636.0146582751995,1991.7714094640205,3885.6752814668284,4680.9765357442575,6862.729737376515,5080.386258886516,8999.952020448342,6590.149595344456,3172.190754098301,5246.194776136206,2005.0998689073738
1918,1,24,1,10509.634168595523,34953.81267551751,0.0,4274.570849089201,3127.19359900839,1292.2444976607605,2460.7129305192802,4813.924706602927,4291.228012398935,2826.5895466773995,5506.455752523625,3860.232241918625,2218.076946001249,3014.879449918604,1659.6350301087243
1918,1,25,1,23976.949407445434,43746.014398325446,0.0,4274.570849089201,2173.5046443823803,2265.544480343761,1819.8760451531875,3700.377925207276,3805.3435119100177,6790.293180474373,9695.913334352972,9622.703859955345,5530.509346944261,4960.542561588424,2585.258125750055
1918,1,26,1,39592.56898944735,126496.22632621226,0.0,4274.570849089201,1755.913031114076,3812.0545122704284,1514.638046368998,3012.927337038465,3264.789228475873,7798.838555308256,11278.835945837433,10296.10147753143,6738.752313753181,6810.886757316233,3383.490053604684
1918,1,27,1,26568.96165333427,90618.73479800203,0.0,4274.570849089201,1492.6487531841537,2463.438425915983,1257.8293661691462,2764.3519787857485,2691.4175219933486,3533.5750847218483,11278.835945837433,5909.26010259224,3746.0520432339436,4325.133877522221,2438.826859421368
1918,1,28,1,24341.50338783514,88232.56442855354,0.0,4274.570849089201,1319.1020623585425,1841.4966217095348,1022.0511545899809,2672.358311052023,3058.0083567091183,2583.8324542665678,5683.274192346184,4613.427041603421,2798.0561593280836,3192.1178175805803,1969.2786665658384
1918,1,29,1,20498.63620006112,71598.38233139466,0.0,5219.313356874057,1193.3992990226764,1561.270487387241,959.1078506194839,2601.9966271117296,2349.4786377664104,2145.1611336110786,5323.407270315157,3987.071430947239,2371.2132946027605,2676.086178399971,1656.2465379953587
1918,1,30,1,17595.58248466651,65163.15423269352,0.0,5219.313356874057,1106.6259536098707,1314.644786852091,677.0255826017624,2591.219126289364,2810.0890565235004,1866.2396415098824,4630.397029119604,3510.988897952025,2054.3989434086907,2328.9182417426987,1582.5064953373208
1918,1,31,1,15811.832121904208,60907.065036458924,0.0,5219.313356874057,1038.9901791930074,1250.7075375705135,345.01816689354473,2476.977617572377,2852.393981022139,1704.8524484027253,4348.077739945251,3310.0149906105075,1862.1078799834197,2098.691083748949,1485.2083646528115
1918,2,1,1,33195.5942509937,148637.9762950184,7819.606695942682,7424.85286868221,982.3953111198126,3576.777302617117,376.0158928254079,2318.7793019299966,2390.0727013477463,1284.0497583030156,3406.1937002792,2760.843117234314,1511.3155190504554,1775.7335426743373,1311.991874951564
1918,2,2,1,45880.289018181444,159254.97460180364,7937.321406576389,7424.85286868221,973.6443705362526,3576.777302617117,396.0392685826693,2509.4640843368747,2792.4360825140675,1362.5008773165991,3231.506590746509,2763.805021373799,1318.4597241612346,1760.9636787024594,1271.8947182763607
1918,2,3,1,134896.12118384748,280023.33034150954,7786.201169952062,7424.85286868221,973.6443705362526,3576.777302617117,852.9928452196369,2982.9042990332864,527.6372835091448,3366.7062798505513,4484.89274971066,4408.097392880819,2170.639503041731,2352.976370686468,1424.6995769136831
1918,2,4,1,77618.78219159451,197741.5934639089,7074.67282364394,7424.85286868221,2610.806320086406,3576.777302617117,1070.6285750661762,3165.736902269777,4353.907735093149,2377.097382019967,5844.927397413197,4065.8232351243882,2296.386375648768,3050.509843417725,1953.8690952882287
1918,2,5,1,58611.807232393345,214994.21571243618,7283.808259467123,51063.10631962296,2364.798569849302,3576.777302617117,750.284183328985,2961.965154578384,3639.312236535161,2143.096630479206,5261.270794939379,3323.082214755207,1661.8164541541735,2416.776092379231,1650.034302454189
1918,2,6,1,76885.21485490937,246845.21063279692,9284.771194429672,51063.10631962296,3888.7707832531764,3576.777302617117,2414.5051403103066,4269.968843668821,5227.224466925471,3312.530870078071,5615.317545793911,4060.9448047769806,4074.4433894359818,7230.68588072158,4605.202817249477
1918,2,7,1,82543.0480367928,274714.8311881144,35243.29778453174,51063.10631962296,11580.683987226943,3576.777302617117,10162.751808139623,14613.521293628333,19377.832879606536,19602.10128894721,14924.230484040696,23907.793294642302,13629.793878912395,14313.977655002815,7648.31077022575
1918,2,8,1,66601.89401358858,220302.7148658313,38432.262282452146,51063.10631962296,14621.431378788448,3576.777302617117,8916.47438952272,20381.02387656374,20671.088200209895,15193.319255809223,14855.372120827557,13591.655406756003,9933.626448314448,12950.886703706316,9507.947513408282
1918,2,9,1,49261.61079959221,143329.47714162327,84529.08096234307,51063.10631962296,12477.859858271375,3576.777302617117,5783.00861597682,14899.894886908147,17932.93306861409,12892.466110144633,12807.655557654134,8924.042942366947,6188.986233739931,7437.007176410545,6071.693796895047
1918,2,10,1,41323.92168530273,112000.0422630848,44389.11321958947,51063.10631962296,26610.21997827712,3576.777302617117,10981.014759756821,17662.014383380676,29628.222765877617,19662.61258764185,12651.904498005273,10379.731712055986,5804.686472621172,7012.0309872830885,5798.516789848762
1918,2,11,1,41473.310778184365,93618.03681967159,26563.475401106687,51063.10631962296,10052.949687217042,3576.777302617117,4716.749046715663,8818.305137149668,13646.448806940096,8643.861044139943,13633.955916212537,9865.75422904176,5644.679224543329,6992.388590866974,5725.986922945389
1918,2,12,1,38830.0157093668,100014.77829951003,20644.05362474314,11763.760230099679,5814.223065112536,3576.777302617117,3234.471263682029,6817.924002371551,7897.956125101746,5394.475493993927,8668.776083089613,7023.9814369395735,4033.5003583101616,5314.867030273298,4279.9882527476675
1918,2,13,1,37309.368525112586,117923.0001934822,18158.757349368392,11763.760230099679,4200.4514801128435,3576.777302617117,2572.0855530742624,6870.887720698522,6854.797564032997,4073.620628131832,7170.368915025285,5947.851971232416,3614.940221720725,4448.013055102217,3691.8428359232107
1918,2,14,1,49531.40304195889,151292.2258717147,15832.535007282031,11763.760230099679,3301.2309967826036,3576.777302617117,2204.7188107238367,5858.726429181673,6395.820239787741,3414.616990464246,6013.302490317945,5316.6179302288265,3218.3104903089866,3885.54009106187,3215.5176588407603
1918,2,15,1,43924.852683004196,120521.51052907002,13756.152313359713,11763.760230099679,2725.3863925872065,3576.777302617117,1975.827337108475,4148.491012971277,5749.81471072906,3004.2080057872695,5732.048866288525,4784.956137206017,2745.065523641067,3507.309760072025,2835.683828606439
1918,2,16,1,36588.06447216996,104455.33784132343,14865.926930300677,11763.760230099679,2514.4641891757396,3576.777302617117,1919.2524144809418,3693.3725496728184,5430.583616857994,3688.9111479595217,5772.05229634605,4633.986140923888,2807.938959944714,3224.8551449407696,2679.490477855751
1918,2,17,1,33895.71626837769,96190.0046594901,39310.911831615624,11763.760230099679,2447.3191217074786,3576.777302617117,1836.5375079690025,3710.308622393712,6018.031042704783,4022.2216191229045,7313.741864143986,6372.972330064279,3370.129132161665,3944.4672803102117,3349.524454087107
1918,2,18,1,31193.33446879345,85575.6606022798,27539.44076828132,11763.760230099679,2495.490187162812,3576.777302617117,1916.6606313761542,4192.9097127891,6294.490613645524,3895.1478918639464,8894.205248370823,6927.37109309828,4127.8105127655035,4315.388812633564,3597.1264135156866
1918,2,19,1,40174.51754529799,149965.1010833653,26507.331659946354,19508.419638621268,2258.9694379321722,3576.777302617117,1554.5515061808633,3856.5747049827673,5631.454241820031,3496.556407873265,7036.423003727293,5204.152687759273,2920.132277420405,3494.976162322405,3120.801236433236
1918,2,20,1,36959.307516420595,118038.46005006786,22483.696876771737,19508.419638621268,6549.2202896408335,3576.777302617117,10349.360191675898,9269.420528714118,14169.039050743684,10977.461480863038,10001.677256716237,11446.017202241092,5201.459147367806,5275.582237440978,3532.180314675614
1918,2,21,1,44656.19033173646,155273.60023676042,29967.65757347647,19508.419638621268,13624.47842819313,3576.777302617117,8736.530591112683,14099.280540104379,17992.813200716693,9156.427338966263,13078.170555991434,10469.45998451435,4904.692763138652,4732.9039364556365,3749.043809932706
1918,2,22,1,40937.07082537854,116917.03960391418,22083.20485649267,19508.419638621268,7422.9240116432975,3576.777302617117,4423.433250212845,7367.807490757855,10559.12251542267,6103.525535170248,10140.213725562096,8633.776336705427,4376.762966392506,4425.782125825047,3247.14358523255
1918,2,23,1,40476.64026299114,103943.06767301967,17211.79958179352,19508.419638621268,4777.768205154048,3576.777302617117,3133.4657735457536,5581.821640195867,7219.36647221034,4331.968278676864,7583.273171578762,6463.745980454204,3394.694950837157,3740.582250843504,2893.691586452315
1918,2,24,1,37416.39354687812,98110.35422822986,16497.838340034657,19508.419638621268,3607.1049947503266,3576.777302617117,2427.6121577253634,4352.26276066244,8782.160153679759,3463.8803065781335,6544.495577962418,5692.431296622463,2980.2761783155356,3355.0431211872583,2507.887555827643
1918,2,25,1,31804.268968039505,83173.56473536922,18000.619145099274,19508.419638621268,2927.557655415003,3576.777302617117,2075.0556045445182,4314.387543486874,10012.424685967404,3025.70731426482,6018.056996349129,5281.075080556099,2853.1174770489433,3057.818642084125,2261.173058619366
1918,2,26,1,29096.312948571347,68461.05933173881,16671.88393763255,6061.316082536688,2492.5459454710863,3576.777302617117,1854.8280915933392,2954.8058147465267,6268.672167076918,2640.997834092307,5432.842883278928,4620.2219981583885,2509.7607470561325,2856.3698788395823,1998.3228846804534
1918,2,27,1,27194.389124276866,61560.01043232641,15238.34707999925,6061.316082536688,2264.857921315514,3576.777302617117,1752.11942970254,3992.448197493186,5022.621054507704,2452.772100269998,5240.121440524026,4493.905498095736,2544.02112252681,2708.9757723991443,1983.800775623146
1918,2,28,1,25262.364512611115,58958.84584716368,15574.27379794331,6061.316082536688,1969.9430452000624,3576.777302617117,1598.0934623393425,3050.186697024431,4459.670046339184,2120.8142346068075,5047.399997768747,4166.440861036366,2218.453433643754,2527.3216722096063,1883.0334744415384
1918,3,1,1,16805.15810516756,48908.529825001984,13197.522088812184,24698.37877203235,1866.8128015002467,5923.244681993706,1407.2641748897588,10063.106482131898,7391.307994390289,3679.6564787472744,10615.664328700768,7152.47580769295,4457.801931448414,5853.738665286549,4099.268673366662
1918,3,2,1,16946.743290211245,60556.704092335814,20055.48007157659,24698.37877203235,3517.305623154398,5923.244681993706,1923.6954712316683,9290.20570887139,10642.332569123395,4364.21724139319,10996.844553630839,7416.607965065793,4457.801931448414,5373.032886327277,3866.9149284484165
1918,3,3,1,18005.84506810103,77589.023625999,21155.897398323614,24698.37877203235,3544.62164329379,5923.244681993706,1625.0480066278617,8469.57600339758,8921.362019216795,3706.495019462629,10704.196509974909,7651.2953106997165,4445.001351602206,5005.308953420545,3810.3593815082145
1918,3,4,1,22797.44448006943,83327.5112108176,18192.443594065124,24698.37877203235,2979.981514425076,5923.244681993706,1326.4745929699097,10555.792234011124,8151.474606470585,3474.487581290573,10691.080631267574,7063.792913166148,4384.386841153848,4688.594344540189,3644.6459814867244
1918,3,5,1,102271.32704893658,254807.95936288833,19533.343278783574,24698.37877203235,3610.6217278819418,5923.244681993706,1698.506544908923,9810.605034293874,9009.238057237368,4695.89034800371,10992.745841534796,7984.422411554894,4799.182101317975,4677.326613262713,3812.3763410996394
1918,3,6,1,183949.25615979137,341071.0706055347,33826.604049246474,48926.64855175486,10702.318549212645,5923.244681993706,6984.929518030983,10514.221873696119,17218.259803651006,6849.238304379515,10649.27376788794,6805.497449244673,4282.264568115976,6130.863948056801,3626.493345165043
1918,3,7,1,106382.87163510262,280023.33034150954,25574.409827661068,48926.64855175486,7064.13544771701,5923.244681993706,3857.09161636964,8290.977418341427,10710.767005811764,4793.7050825996,9972.166529625107,6450.591641482267,4167.4358371424905,4541.50477137744,3660.862336600904
1918,3,8,1,74369.01199943777,200395.8430406052,22099.11224982144,48926.64855175486,5415.932591822968,5923.244681993706,2511.067573695708,7615.613027523341,10577.786452701315,4251.025517952401,10623.042010473644,6381.596697999571,3889.7762007720526,4247.477891690927,3545.6536047455324
1918,3,9,1,59957.42391230156,167217.72333189507,21888.573220469694,48926.64855175486,4707.924249468363,5923.244681993706,2373.999272931599,8486.512076118473,9058.230892593909,4095.7606444778953,9740.179424990229,6442.751306995374,3995.0986187715407,4083.4867216120115,3737.5874794540227
1918,3,10,1,87766.09206775436,290640.3286482948,21576.975457028424,48926.64855175486,4484.816156833008,5923.244681993706,1607.9422381370618,10006.909513558148,8583.078156040492,4097.682768083432,9217.183761537466,8004.110362599363,4470.508389384026,4032.4773975856347,3925.4874349798533
1918,3,11,1,137125.80913729948,394156.06213946844,20523.344581247795,48926.64855175486,4172.89010649915,5923.244681993706,1705.8375885477105,9336.394998110001,9330.413311241766,3903.9754224969824,9542.621501961736,7059.785631095464,4419.494313820386,4072.066723695738,4254.816597048057
1918,3,12,1,115943.77357950492,451222.42803845037,21979.33893534536,48926.64855175486,3938.4139695543176,5923.244681993706,1465.9865749470948,8129.314906006167,7939.17231992533,3783.166394397012,9339.325381998779,6967.182569325216,4403.587710923159,4060.798992418262,4790.198350963961
1918,3,13,1,180604.72422961396,579953.5325082426,35686.833339700155,42253.528653873895,6954.8713671595515,5923.244681993706,1705.8375885477105,8254.025986950492,9454.06189571289,3591.4523621792678,9731.162258378938,8627.155609805295,5025.827662124646,4077.85285597332,5149.862585285366
1918,3,14,1,187293.78808996998,481746.29817046167,44933.70750884675,42253.528653873895,7542.24758464722,5923.244681993706,1676.4393630462623,8541.169401717532,8471.09453236824,3961.496751138562,9542.621501961736,9279.471439095314,5035.333975098771,3992.888071475625,5584.235002868654
1918,3,15,1,110876.80770528477,329126.9475103975,102930.19212772141,42253.528653873895,22476.01393622684,5923.244681993706,6515.002215681468,10684.352422392054,15463.072035400222,7506.960526310077,9008.149444640429,10062.633739484632,5520.344180595846,3874.1200931455037,6069.1120886180615
1918,3,16,1,85324.58375872417,229592.58838426962,56040.81096844769,42253.528653873895,14624.702758445872,5923.244681993706,5117.512765643427,9213.993381627599,12934.886198189746,5466.733103611893,11856.754351376414,10188.950239547285,5616.066163710616,4055.1651267794773,6406.509089051582
1918,3,17,1,70377.87056275914,192433.09431051378,41173.94830912709,42253.528653873895,11498.899495791782,5923.244681993706,4877.6617520426635,8867.573712337658,12887.448690939947,5138.833054449279,14297.127533348827,11024.381436514313,5941.633852593672,3942.0310140880474,7022.649905003075
1918,3,18,1,57152.47646685868,163236.34896684936,41823.344248550944,42253.528653873895,12571.094178507523,5923.244681993706,4963.338696388519,9604.292875694462,11430.883919148251,6734.195647096153,14015.955883561817,11461.697871214514,5967.140890375491,4015.5758006694678,7364.161503002799
1918,3,19,1,52268.34500482129,140675.227564927,45568.13178396175,42253.528653873895,14900.316494582587,5923.244681993706,23277.17431776902,11006.137804088114,42346.14069320301,40282.7274899247,14829.960105832093,11572.333702303744,6056.462583567157,4015.5758006694678,7661.1386332263755
1918,3,20,1,55104.50808161245,148637.9762950184,40271.90553448074,27602.901935786773,13090.425699121122,5923.244681993706,15798.028787150353,10492.666872051617,24700.16566024838,16097.429248072389,13675.762779591796,11398.975195321187,6257.506984681415,4162.665373832124,7248.952771147427
1918,3,21,1,80857.4039439834,172526.2224852877,33490.67733130242,27602.901935786773,9386.406082020017,5923.244681993706,10249.391414781448,16351.00839048979,15613.16119768295,11220.93047090555,14467.633956543443,14204.072644991484,7916.782147248644,4162.665373832124,8261.466485982162
1918,3,22,1,71077.99258014314,159254.97460180364,33336.282043111,27602.901935786773,8480.233916917836,5923.244681993706,8186.332063464306,17983.799765076736,17221.370459864112,11462.975665684498,17567.899785975686,14673.621565914531,8034.905145094339,4173.9331051096,9182.813627290014
1918,3,23,1,57822.49769687024,139348.10277658005,50920.50177460309,27602.901935786773,14035.036575197873,5923.244681993706,14738.359752069726,13175.494755330976,21115.13437463186,19211.269489142047,13503.616871558765,11194.255350391786,6908.454118626338,4586.8802297651255,8440.572497690027
1918,3,24,1,51375.354979463715,127405.30680623163,49440.17846600274,27602.901935786773,14506.115245864743,5923.244681993706,14351.813814744555,11764.411969089648,20907.49807240645,13913.327314006987,11254.243673261179,10486.01180176377,5204.471048508105,5378.666751965969,7402.483735237586
1918,3,25,1,48667.398959996724,118765.72443408336,51778.56528534017,27602.901935786773,15810.577884256494,5923.244681993706,13064.067866452826,10597.362594325898,19391.053168512524,12396.273460847562,11222.273718912047,10709.025760495317,6050.062293644053,9043.572483283855,7414.666171169107
1918,3,26,1,42665.07898930404,118098.180665545,43901.598400511786,27602.901935786773,12176.892929789788,5923.244681993706,10455.253044238032,10259.410961396174,17529.325424962524,11994.05129893511,11790.355215420903,9640.12682548149,5156.657117905954,11390.610455053944,7133.824717675788
1918,3,27,1,38960.452454643826,94801.83213087733,34960.70762069023,13476.457779547563,8716.591097165572,5923.244681993706,6603.1228412402525,10150.866131685287,13361.046099386997,8760.612255739337,10425.48408744515,9242.012063214663,5364.00768703272,8856.893584011097,7065.086734804255
1918,3,28,1,37301.56461727464,90519.20043887595,31277.67820055598,13476.457779547563,7175.689494034577,5923.244681993706,4887.510527840531,9373.34642950094,13008.764283251523,7827.3144605764755,10044.303862515078,8952.790835484706,4547.123624640079,17996.394049792434,7210.549860529096
1918,3,29,1,34038.4162973984,82014.98479514153,28574.35706367473,13476.457779547563,6303.78503084373,5923.244681993706,3673.5933725589925,9244.786241120008,13799.648625436303,7729.072587401373,9348.342548610073,9307.348183936712,4997.026357470743,12165.49538033862,6887.352255618521
1918,3,30,1,30033.896732997895,108422.11383369577,31243.056226840647,13476.457779547563,6044.282839519834,5923.244681993706,2613.850286532362,10472.651513381345,12707.030630579327,7791.007681359572,9723.78457660606,10151.490863666633,5526.74447051895,8670.214684738337,7497.442192796119
1918,3,31,1,28192.17448344711,78722.38819524861,35299.44152569207,13476.457779547563,6574.655266477213,5923.244681993706,2075.4258592736473,10161.643632507652,15729.033141621492,10421.469430502812,11353.43250598503,9397.947604671439,5252.379101020722,9575.135319630706,7693.409986687268
1918,4,1,1,24634.70735371449,87311.53982543823,15276.711969792286,10090.79020112886,3459.974694658299,2500.1541317099577,4576.718708117638,4538.0976676993805,6958.304649524576,3575.9329938082356,5549.000384080433,3764.318816698493,2053.9283338554633,6282.826053663879,3557.2712919914925
1918,4,2,1,23849.857194099455,85675.19496140587,12348.815868268388,20001.703017875905,2219.303959586098,2213.17824137306,2347.340932426501,3504.99723172786,5310.823352653161,4009.7634105680963,4801.805168975085,4100.407821693155,1672.922839609042,4063.5397919181155,3682.64550018696
1918,4,3,1,61872.72586431673,104870.72790007602,30063.101933449103,20001.703017875905,6540.796487022972,3953.7252154349912,8595.093284543556,8493.44046950423,14732.84548937123,12033.205668678936,5428.744171182886,4483.016144642122,3584.8212103178626,4176.521637970655,4090.313372781231
1918,4,4,1,62514.87599491106,96128.95691922674,50585.51078567829,20001.703017875905,14800.539415031591,8718.31123034352,22708.463053658743,16685.880737470132,24103.697331383395,14381.755955667719,6578.924759569175,4702.719739923784,8944.781655193361,3818.2382366747984,4246.103331613634
1918,4,5,1,50762.190792264795,82098.59365680555,37181.19258359075,20001.703017875905,11158.676011421216,6224.461815790089,13776.43796550789,10182.428812665154,15254.65806912126,10444.962052349065,6787.303282531073,5016.420234217655,7708.678602836739,3399.96177965827,4319.278625586111
1918,4,6,1,41501.18187760159,80381.29418068411,22473.40385755854,20001.703017875905,5422.148213172117,3968.337324609539,6144.525333605416,5841.944320758409,8968.021862413783,5700.093147284142,6873.54018503128,5305.989921258012,4312.383579518838,4025.016332280251,4451.026426090215
1918,4,7,1,35313.7978067721,74701.20008655146,18235.48712895447,20001.703017875905,3784.3319876903465,3323.7727117825743,3728.9094291072806,4818.928546270495,6888.237118323998,4463.669340542148,9031.921974797096,7789.285197664744,3483.9225221182282,3738.907317815795,4703.953158839661
1918,4,8,1,34811.00317326859,79863.71551322799,17776.04418045728,20001.703017875905,3586.086380451481,3201.4611989456716,3111.9909992499356,4862.808371047187,7122.936129603628,3860.336097673571,12492.874468679576,10174.140718850223,3117.505924019947,3411.83857749131,5780.606188677899
1918,4,9,1,29921.297491348458,80576.38152457013,15258.933118424991,15081.00818991989,2981.698988745185,2921.0867183375003,2286.5451058855124,4461.346465414459,6184.217850890576,3423.3021415709463,8402.35979684798,6529.169216003853,2847.9407719640785,3190.74741783056,5230.78300408842
1918,4,10,1,29334.88955959092,77307.67317086905,15858.735419823342,15081.00818991989,3756.607045093859,2996.817497358845,2444.1995695953233,4297.759399360781,6210.347363080681,3166.1647169997705,6491.704166165692,5655.668839362974,2624.8718437615285,3164.2530226646263,4565.993122794577
1918,4,11,1,30754.085941963513,103497.15374413661,16800.07881328265,15081.00818991989,3886.8897399501634,3024.484079704672,2769.3572728125177,4590.3685466878205,6178.07430486983,3117.9692473336063,6263.159979691341,5279.5070136585755,2381.9431924151236,3279.671134939331,4126.941358959337
1918,4,12,1,41347.33340881424,156600.72502510736,17920.146449436153,15081.00818991989,3511.9078467196587,3554.6737059978373,2536.0227424464288,4446.180982114355,6544.276307559007,3019.9409434480085,6275.046244770052,4889.66816001664,2145.6030748130115,4395.328798048131,4069.417671415478
1918,4,13,1,36045.13545550437,118128.70453567545,17281.9792582441,15081.00818991989,3088.4277500681233,2781.937902035519,2138.8134689192757,4429.321891542391,5712.486836171766,2892.226508320538,6252.093457032214,5030.794180776354,2286.315331210949,3500.9145612388784,3948.1580607862124
1918,4,14,1,32722.900404861448,93592.82144869101,16255.484524024707,15081.00818991989,2851.4162938888812,3090.7206964197926,1940.2088321557733,4829.86001139026,6048.748772809268,3519.6930809036803,6950.677946678536,4519.081683280811,2846.623065215246,3806.2091722028667,4160.422888175085
1918,4,15,1,37435.34589448272,96844.27718014631,17918.274991397626,15081.00818991989,2794.576072341385,3371.8369084582396,1847.0527422794198,4764.117256374035,6109.562101775992,3390.3412812231427,6057.486606712794,4168.531616899489,2895.7547025662298,3253.1767397733033,3913.7083909668077
1918,4,16,1,57464.63278034147,98109.02710344114,22454.68927717198,12298.97821430203,4043.507041048654,3682.103165702769,3371.4655135002818,6264.422352994739,7634.639076661527,4409.849879585307,5640.811535031033,4529.5354625960645,2602.2825852092856,2945.44586258715,4070.4664904028664
1918,4,17,1,44527.98327441347,80917.45259517722,20993.080548958187,12298.97821430203,4109.425341145408,3614.383086127245,3589.915803751082,5950.720096915398,8804.71241122507,4262.843018638494,6003.383607045409,5280.291047107337,2794.8560143664677,2741.104033203769,4202.214290906971
1918,4,18,1,37785.40690317472,74301.73552526091,16794.464439166415,12298.97821430203,2980.308652390774,3130.106635362374,2159.917988485965,4781.823150582159,6845.15452977255,3440.9572028372218,10728.78878255079,8743.715249173858,2338.082382059599,2659.336848122695,4978.905090326362
1918,4,19,1,36300.434726175685,72281.8515973926,14845.340891874934,12298.97821430203,2539.490243554913,2910.109093170726,1685.6957312771397,4441.100160298087,5756.347088776398,3150.147020286562,12649.445270747647,8025.889069506591,2304.857347605843,2774.7549603973052,5643.694971620204
1918,4,20,1,34526.7179592042,68243.41086644965,14417.71273003529,12298.97821430203,2270.5828357159508,2840.237992447684,1415.1135751496809,4263.194414580464,5877.973746709469,3230.4490731427168,8908.140869497367,6321.400352107728,2497.4307767630253,3022.340515223989,5174.388813915494
1918,4,21,1,34154.360070977724,65833.3522508093,14354.0831567202,12298.97821430203,2166.6347471017234,2873.6900799489495,1197.848100032418,4358.421332560968,5515.504531476021,3555.0032034360283,8008.145667452607,6272.528933807502,2695.275032915795,3488.8854967669467,5043.689832398969
1918,4,22,1,35195.624345239914,64733.165801267554,15020.322218492089,12298.97821430203,2125.0064409612387,2942.8936223847286,991.8383686841247,4345.796260169112,6195.7272788792625,3493.9935763992166,8622.870507613938,6591.71766224198,2797.491427864262,3936.0926151715735,5211.9849406974445
1918,4,23,1,34516.684363413384,59172.51293808919,14312.911079869378,16303.732986819108,2043.9580099489804,2821.323840978101,988.0617704459479,4039.638254665358,5637.1311894087185,3276.224090861168,8989.295368998632,6878.848134108814,2377.895950257775,3936.0926151715735,5558.014528181655
1918,4,24,1,34653.81017255135,58349.69556931127,13838.496467062017,16303.732986819108,1950.3965517470251,2753.5295882595647,906.1614243384171,3942.7177294129947,5193.08501498638,2997.4449782861057,9448.351123753133,7007.255390034589,2372.625123262316,3662.012665178956,5442.967153093559
1918,4,25,1,33531.162287987994,56469.159744222954,14123.893817961978,16303.732986819108,1881.7793634329564,2693.078476699882,832.9250388949214,3985.6737684048285,5636.353525355535,3157.337186366734,8222.016464622864,6433.691364922082,2243.8663495149794,3286.8276669668394,5901.865799307165
1918,4,26,1,33996.05222628229,56244.87565499271,14294.196499482161,16303.732986819108,1827.7198145941716,2730.239221351933,791.9748658412295,4180.515586843345,7911.954078060545,3489.152672503589,7431.7027982676,6588.4944136196955,2396.532088563391,3000.718652502384,5432.559641602454
1918,4,27,1,33785.346714681116,58077.63498769981,15638.83910027832,16303.732986819108,1881.7793634329564,2969.8184733002804,758.4297873721808,5166.425965642694,7324.506652213754,3938.2888883451815,7643.770162116123,7157.180008385157,2421.7567606133,2943.009596365079,6485.170513112393
1918,4,28,1,37251.39663832293,58617.774776559076,16713.056014483373,16303.732986819108,2010.6717219348495,3202.8704886630617,697.6265557366653,5816.6171938257685,7939.949983978888,4816.34342728784,8003.555109904739,7038.529613153834,2935.5682707644055,3041.6783783624137,6682.751874676492
1918,4,29,1,39809.963564908285,61487.01856896712,18673.408310007315,16303.732986819108,2199.921035115854,3414.8573314087416,633.0763462412267,5820.004408369947,8668.621201901142,5945.12831211635,7711.644834425984,6893.309195495475,3637.9059679154725,3135.474627915419,6297.028522435552
1918,4,30,1,41323.92168530273,60998.63664685522,18671.53685196813,16449.40056190108,2272.7092324932655,3280.084730544957,564.8013741695922,6090.673643308525,8771.272856934069,6401.454694038115,7656.5581438557,6947.0590441427485,4511.54554242044,3209.933014330094,5976.08991226722
1918,5,1,1,77685.67283019796,57866.62214635422,42555.0843416771,33059.918290181064,3508.145760113632,7546.375570658021,6491.9723715228365,12807.520084396305,8381.663166241302,9117.98486685432,19422.976880635866,15184.985604099671,6369.700302157233,4915.471636478521,66557.24616153131
1918,5,2,1,71934.19275426853,56629.7418436124,40990.54542133592,33059.918290181064,4540.266042026093,7546.375570658021,7459.892284698214,11407.984620464571,9225.428664048914,8972.75774998691,20122.2171642177,17233.926349945687,6558.885342531611,4693.7714102623,65794.02865218183
1918,5,3,1,65877.24542871605,56325.8302670818,38846.790238021465,33059.918290181064,6119.442787148751,7546.375570658021,10839.577453187694,10992.281017316369,9271.310843192347,8315.676235924859,19101.63785230764,19573.830620074383,6184.280138208166,4719.656738872669,7474.287496687932
1918,5,4,1,62580.65178953751,52008.69333058383,35931.058613748624,33059.918290181064,4946.326042002016,7546.375570658021,8934.24661652607,10118.533629218187,8405.77075189298,7810.228917415544,17449.856877610415,22365.860845599982,5757.343151572249,4826.852452647533,7541.492590270248
1918,5,5,1,60013.16611113718,49797.70343319564,33335.346314091075,33059.918290181064,5322.371133621122,7546.375570658021,12745.648799307723,9368.7275005771,12075.567419316596,7401.599676817971,16288.28186959724,23516.647718586006,5126.161618860586,6087.163422696918,7081.464446685521
1918,5,6,1,58009.79148496109,50255.56148517461,31877.480501954993,33059.918290181064,5205.746448834515,7546.375570658021,10929.179097663437,9313.300353490811,11088.711735705658,7694.901501079714,16130.071582690754,22229.090566221712,5133.597249800611,5148.287327333327,7096.954696346864
1918,5,7,1,56433.40210187009,52497.07525269574,32104.86265365543,29324.427823118447,4540.266042026093,7546.375570658021,9083.089017679988,9227.080346911884,9313.304702069487,8155.49926879156,17047.363349780546,17963.077457204567,5388.385261886895,4749.196466816333,7301.9584692069875
1918,5,8,1,55564.93864400102,61206.99523862588,31659.45564044849,29324.427823118447,4151.053647285894,7546.375570658021,7981.21094346613,10416.454544807597,9329.635647188208,8922.213018135999,18412.23447775668,15149.268524771742,5924.033055305105,4616.1154244310055,7777.557540836412
1918,5,9,1,55828.04182250794,61189.74261637759,32850.63868207184,29324.427823118447,3957.4697560587524,7546.375570658021,6849.342236183832,12688.19775386305,17512.994479843426,8964.926876038022,19819.732211530896,14698.884865926842,6214.305027700434,4752.8508661495325,8464.776012785604
1918,5,10,1,54431.14231966983,60524.853097414176,30960.466062999138,29324.427823118447,3901.0384569684616,7546.375570658021,6774.846984661092,12891.430626513084,13899.967288309308,9396.336840850172,18947.526277497196,15915.007859634916,6506.459438308417,4405.53066285337,8676.960161790932
1918,5,11,1,54349.75870936867,64404.038853756385,30025.67277267533,29324.427823118447,3446.0713311143018,7546.375570658021,6491.9723715228365,13320.221194945572,10269.05382354935,9752.997554333473,20646.85231250851,18337.671216011444,6626.370752456173,4191.139235303548,9421.62164290044
1918,5,12,1,55690.91601337115,65617.03091030884,32151.649104622487,29324.427823118447,4231.938509315358,7546.375570658021,11792.613126247783,14348.702701993254,10376.371462901752,9877.579639881553,19855.80087797607,20314.306654925243,6843.604122199569,5303.599298995822,9136.826948608194
1918,5,13,1,52019.734798012076,62831.39597956482,31410.551721303047,29324.427823118447,4690.667721775545,7546.375570658021,12626.426776492966,14541.15807382115,9884.887781229614,10296.887344954734,19818.09272669248,18415.20341260183,7094.5331359498205,5248.17424244179,9561.195246618661
1918,5,14,1,51145.6971202591,66555.30813566993,31499.44597814085,29883.923736501525,3902.919500271475,7546.375570658021,10050.93487990951,14611.981650653644,10019.423662446801,10672.769294494008,21681.367245544745,16299.18424948104,7662.088257072955,4435.070390797032,10168.703475519465
1918,5,15,1,48600.508321393274,68603.06168409127,30635.76809328688,29883.923736501525,3438.5471579022483,7546.375570658021,8501.789092775492,15019.98703892863,11064.60415005398,10862.845962158888,23032.302752394327,14820.845624608412,7892.404572394341,4113.483249472348,10852.856168889844
1918,5,16,1,54950.65961282508,75663.3655581044,32300.430018698327,29883.923736501525,3209.223443917964,7546.375570658021,7400.281273290761,15551.163865173481,23120.729968038748,11389.650209619214,21732.19127553567,13014.955247848447,7534.647190074451,4109.828850139147,10262.290400556058
1918,5,17,1,56071.07780943441,71478.94110044287,33170.658006687125,29883.923736501525,3231.7959635540137,7546.375570658021,7266.249061306424,16016.905864996677,20403.571765881883,11482.196901740674,21251.002475462537,11922.535309374667,7841.861106383929,3621.966539152273,10509.97303836818
1918,5,18,1,56596.16932247241,67802.80543671647,32405.23166886424,29883.923736501525,2945.959165987931,7546.375570658021,6968.416157107025,17496.50276360881,20867.059541636052,11341.241170663345,23224.12247848799,11821.482109324328,7227.527395675695,3695.8158590113835,10296.175321689901
1918,5,19,1,54081.08131097784,71038.33567071219,35247.97642962805,29883.923736501525,2804.962702753657,7546.375570658021,5717.695681739101,17422.599900826935,20867.059541636052,11576.167389125492,23643.830597120857,12426.059013072918,7588.9555325103,3662.621731734521,10713.282565171621
1918,5,20,1,54414.419660019266,62045.73810486338,32647.58548487419,29883.923736501525,2742.970058245723,7546.375570658021,5539.010749408603,16171.639983946177,20867.059541636052,10856.438883473564,25525.13944919571,14556.016548614769,7162.018545874383,3688.5070603448903,10434.135357735175
1918,5,21,1,48012.98554565872,60701.36069426569,30642.318196422373,18424.741163390878,2650.798936398289,7546.375570658021,5002.95595241711,16281.724456631757,20867.059541636052,12414.070901639972,21030.49176469621,17171.203674052358,6984.034012865468,3640.390802457351,9495.038972023925
1918,5,22,1,52950.6295185777,57360.987601991525,30006.022463269506,18424.741163390878,2522.9697762849983,7546.375570658021,4809.386779971176,17303.27757029368,27111.70188946676,10039.180402278213,25368.56864712764,19951.90897198634,6605.758054027307,3407.575111602546,9219.925683769949
1918,5,23,1,46437.71100654473,54665.59715685758,25200.118219923974,18424.741163390878,2419.594179110881,7546.375570658021,4466.975206371325,13102.361714036564,28234.64878240163,6729.9954510692405,16872.758214490266,23016.608607992475,5075.524030939452,3363.265519687005,7489.777746349276
1918,5,24,1,43365.20100668804,56470.486869011664,22649.32091319495,18424.741163390878,2357.5197501115504,7546.375570658021,4437.1326751947445,11128.539420570518,27310.783887106027,7053.054596336025,14860.290575342431,24641.30014328299,5064.323523573989,3470.461233461962,7925.683053221781
1918,5,25,1,41070.85210258545,61583.89867851827,23011.448043680986,18424.741163390878,2697.825018973513,7546.375570658021,4988.071712301674,11158.562458575696,27080.595327335308,7642.221076333559,15931.693917243047,23328.479690906384,5562.510796559905,3758.7019808708,7248.549379229142
1918,5,26,1,37506.695908993075,63302.525279428424,22444.39625795878,18424.741163390878,3032.487157926436,7546.375570658021,4332.942994386987,10869.109579346736,26187.83699417116,7769.65075240856,19412.320229186156,21932.900152281585,5901.537918663585,3799.3571734530474,7196.915213691902
1918,5,27,1,36336.109733430865,66189.02169408726,21188.647914001078,18424.741163390878,2673.371456034339,7546.375570658021,4303.174514156262,10789.048144666334,26348.035789146765,6581.635984622236,19464.7837440155,20889.264517280073,5579.358618563334,3411.229510935746,7457.022322586365
1918,5,28,1,34807.658641338705,91316.8024366733,19174.023335355327,11806.798377282717,3224.2717903420703,7546.375570658021,8591.390737251235,9343.32339149599,25465.387088674746,4943.061205730958,16349.762551037504,21575.729359000496,4290.829661983645,3366.9199190202985,6680.00880963242
1918,5,29,1,31750.75645715674,110464.55888296475,17643.17065971087,11806.798377282717,4795.924362252675,7546.375570658021,9886.541780127605,8254.79580843795,24501.083662609115,4547.459691793536,14749.625348750038,22368.474290429065,4022.9587043192428,3366.9199190202985,6116.550978205556
1918,5,30,1,30887.867219170425,93408.3511031122,17893.94603689418,11806.798377282717,3154.673188130687,7546.375570658021,6521.740851753561,7799.831309436891,22396.724734435968,5273.880035183461,13969.230565666934,23023.577794203007,4245.839388700604,3725.5078535939374,5906.3837887916525
1918,5,31,1,31158.774305515293,80798.01136422543,17099.51209947219,11806.798377282717,2831.297308995844,7546.375570658021,5777.232642200698,8235.550271255137,19452.488628721498,6295.880275256504,15201.303421731662,23827.64765322319,4798.335004122242,3817.7814367581254,6051.120809063656
1918,6,1,1,49095.49904706,48625.85224508331,19077.643246363434,31762.152621269615,2315.891443971065,9913.240564364596,10300.486567416428,10023.075764791583,18201.227166995657,11825.331560221444,19545.938243516764,30491.931966880908,6881.158764542457,3470.765766739651,12535.807251874221
1918,6,2,1,49509.1061624244,48477.2142687898,18345.903153237272,31762.152621269615,2330.203729972158,9913.240564364596,10551.519273840158,13002.284920685892,15061.79738390821,12328.64318583572,23715.967930010833,32715.97351626221,7352.803658729505,3632.0161373187134,13146.542616121113
1918,6,3,1,49613.90149623707,50586.015557474486,19058.928665976215,31762.152621269615,2301.4973734784653,9913.240564364596,10551.519273840158,14244.776801206204,17645.97503295425,11255.81345485889,24830.8176201295,36005.42940755261,8914.19203423727,3729.923586121593,14119.523922966395
1918,6,4,1,47014.085342512626,44713.48836903325,20456.90782087492,31762.152621269615,2174.07713582238,9913.240564364596,10551.519273840158,13074.648140493304,15370.5300130598,9786.456743023657,24354.547274571243,37799.994856720594,6859.604847007265,3458.127635712249,13309.512951098532
1918,6,5,1,48190.24573795758,43776.53826845838,27881.91758936087,31762.152621269615,2072.1736594940703,9913.240564364596,7704.260405995706,12702.824362122024,22193.754416530035,11811.805505219118,22224.856469477723,38394.11798115393,6407.349066410843,3300.0748645498065,13018.263986114107
1918,6,6,1,47990.68866612423,42278.21438241231,28532.249257803986,31762.152621269615,2053.0360884982388,9913.240564364596,12686.408042629548,13663.561578286362,19147.644319836192,15373.429356630177,24394.71465311246,37230.263884023574,7400.1469797784275,3527.713489682594,13278.04838147421
1918,6,7,1,48468.956732139224,40900.65885210676,25647.396691170095,28699.822917842852,2873.3345375935346,9913.240564364596,15031.601497626541,20972.246778818717,18806.249800446785,15960.033005153662,34046.36189682855,36804.27237691535,8126.015154588065,3976.443274476039,14218.758334858407
1918,6,8,1,40128.808942252,38956.42103717766,28495.755826049473,28699.822917842852,2543.579468126748,9913.240564364596,16077.941362454692,19506.50666697833,20749.63226959077,15960.033005153662,29719.761408266037,35282.376338227536,7389.417081966192,3635.0614700963492,13983.177454594073
1918,6,9,1,8870.813522807959,39966.36300110932,30181.93951890592,28699.822917842852,2199.593897150156,9913.240564364596,14026.730162473066,17471.098654527468,24200.127673990108,14150.389225364175,27485.1435735142,33115.83057508176,7529.376363078992,3470.765766739651,13867.807365971616
1918,6,10,1,53098.90376748232,42055.257417970795,30876.250451258307,28699.822917842852,2088.1216353239856,9913.240564364596,17543.409580780946,16383.340892956887,30457.990310726425,14721.33112599009,28306.525477557356,32328.312533311,7662.935354268688,3672.97586317865,14109.035733091558
1918,6,11,1,41454.358430579756,42201.241144689375,31882.159147051963,28699.822917842852,2282.4415869740305,9913.240564364596,20851.265331798182,18506.508554961136,32341.492647768184,14244.359712748994,29515.645545884247,29841.184204488418,8894.802920646773,4700.318875734338,14305.89098920282
1918,6,12,1,54308.50948223075,44741.357989588745,30741.505472472716,28699.822917842852,2266.4936111442257,9913.240564364596,21688.781529335687,18433.375513666495,36213.48196904455,14083.470847984012,28858.21212568204,23597.664508281476,8524.433202301863,4292.54881680083,13293.377274368084
1918,6,13,1,55354.233132399844,44211.83519903671,33288.55986312402,28699.822917842852,2323.8245396402144,9913.240564364596,21103.038547680317,17753.62314037067,35739.10689654432,14435.860175677031,28858.21212568204,21605.348400394618,7565.989786315679,3919.6478181719863,13246.583811849885
1918,6,14,1,52850.293560673104,41807.0850825487,35545.538257779066,30446.730276590577,2240.9768498163394,9913.240564364596,23865.879337258455,19172.404141485218,36225.924593896976,17774.660068365112,26273.564277929683,23837.230284262445,8108.69672303141,3767.8379792038936,12677.801207101964
1918,6,15,1,51340.79481618555,52154.677057302426,36663.73443589405,30446.730276590577,2129.504587990169,9913.240564364596,23782.201768450544,21012.277496159033,37441.41350917227,20592.350894646308,35293.19011643903,28629.41695216179,10193.40292166428,4020.752866391486,15089.2780944654
1918,6,16,1,46195.78986359527,41979.61130503408,33480.384312089875,30446.730276590577,1989.3259696701957,9913.240564364596,24326.476220431094,20266.32047495455,35377.493111769516,20621.538697546206,39107.45159299849,33155.90339579114,11483.814316456752,4390.608532242693,17804.912488197428
1918,6,17,1,45747.62258495155,36959.09823071248,30777.063175207968,30446.730276590577,1834.8350653491298,9913.240564364596,23824.41080758363,14126.99411364764,33521.986680645736,18040.197884990317,38771.35720112451,36948.88299078015,10805.195340785442,4204.0818996088265,18607.662405536543
1918,6,18,1,43197.97441017882,39517.79482264885,31079.303648455298,30446.730276590577,1677.1545658620364,9913.240564364596,3475.284939578763,17720.520816416345,33115.26838078068,17962.60104313475,33101.19888748566,41903.974386346796,10361.881141699198,3979.6408738926584,17687.12204806526
1918,6,19,1,44102.11287530422,35134.30164673517,31377.801205626245,30446.730276590577,1627.7567330350867,9913.240564364596,2177.2459098143304,16785.957530820575,32956.62491391182,18242.376812393963,34834.95410410336,48286.00665848473,10425.884040930361,3998.674203753208,17773.447918573103
1918,6,20,1,36094.18859048024,33878.84159695634,32647.58548487419,30446.730276590577,1420.7601852125506,9913.240564364596,2177.2459098143304,16122.371408758185,30234.800727435108,18242.376812393963,33817.653761870504,47833.00955481111,10634.83468253787,3913.2526193388403,18075.185073432174
1918,6,21,1,40298.26522671408,30648.619862115476,34396.463022026466,19638.637622406903,1423.9497803785778,9913.240564364596,669.9240968949197,16084.650155880021,30520.981099041765,19132.248852022916,36999.89383322322,47380.012451137845,10383.529181144986,3818.39050331369,17244.197721814824
1918,6,22,1,39536.826790610554,31804.545552768224,34900.820963452185,19638.637622406903,1380.9311378835719,9913.240564364596,1465.4682183261082,17277.87346121234,30694.40018292299,17124.69753062007,38114.743523341516,43665.43620101558,9765.14822827953,3612.982807458071,17479.77860207916
1918,6,23,1,35404.10016888705,30266.407923073228,32578.341537442866,19638.637622406903,1345.845591057935,9913.240564364596,41.870626310670595,17915.28565270616,26169.173056892512,15539.30150481712,39182.867895565294,37232.8773288523,9084.364448663655,3366.463119103625,16263.955360440985
1918,6,24,1,36094.18859048024,30040.79670905178,28693.194649130895,19638.637622406903,1242.3064249009135,9913.240564364596,251.22523888289498,15187.808123162418,24295.780352543265,15300.81579819637,37632.73498084917,32638.441319671823,8871.178321077608,3208.410347941183,15550.758448955801
1918,6,25,1,33970.41081481792,28316.861608989268,26744.071101840073,19638.637622406903,1161.0944249057509,9913.240564364596,251.22523888289498,15661.24833785883,21276.888497714204,15498.723339809934,36840.863803897526,28939.545738522982,9383.766246390474,3164.100756025736,16431.76639843763
1918,6,26,1,32961.47701588102,26434.99865910974,25216.961342272003,19638.637622406903,1140.402948572604,9913.240564364596,460.57466788890736,15899.12317743811,17844.27936654033,15414.719419269042,36805.61487987156,30905.72739812116,9457.369580506229,3157.85782383148,16958.596243686203
1918,6,27,1,33059.583285832756,30465.476641325393,26702.89902498859,19638.637622406903,1094.1947109117914,9913.240564364596,460.57466788890736,15307.900275183132,16152.082386605261,15044.532650783414,35739.94973490541,30173.091697756834,9467.722990675958,3167.298355442356,15789.566464566225
1918,6,28,1,30288.081159692192,23553.81074360577,34744.55421722159,15060.040887445733,1022.5514964144897,9913.240564364596,460.57466788890736,14016.139819474829,27746.27575694223,15574.896386402143,34593.13009043798,24528.050867364676,9728.440683132247,3113.5482319160324,15873.471983564548
1918,6,29,1,27545.56497694588,23045.52194966815,33447.63379641241,15060.040887445733,958.841377586447,9913.240564364596,460.57466788890736,13199.359221437628,26463.130069031748,15901.657399353862,32977.417782185556,22222.99252828791,10004.217881289902,3043.962377945687,16100.985025463568
1918,6,30,1,28748.481627833382,24115.18452907696,28186.029520647386,15060.040887445733,904.7000442563755,9913.240564364596,83.74421465917494,15324.836347903796,24092.032370584147,15095.077382634325,39958.34422413315,22804.048428576545,10027.748358948344,2999.8050526690377,15773.43078783578
1918,7,1,1,18981.33354773679,30624.731615926117,21326.20007984446,18739.250700499626,1193.7264369883746,9778.245444071772,6297.958893401771,10594.283308376518,20569.991873283336,13051.219282014368,23156.90360011327,27145.85143763135,8007.8921567423695,2404.2902279906266,10305.0499438916
1918,7,2,1,18186.449792330943,28129.737013830538,20917.28649839137,18739.250700499626,1131.4066545147427,11391.51130471465,0.0,10399.518472086931,15665.264689252595,13395.777735758704,24366.84341085937,28039.649569110265,8146.157243463704,2396.524629407553,10526.915498935197
1918,7,3,1,19640.206337981694,22291.715069885868,20910.736395255877,18739.250700499626,1091.3322537114627,10211.41659929716,7449.525152279508,10839.086541341558,15484.846628891977,12837.649992503435,27880.259419570815,27454.237927439815,7762.0457261662605,2315.2142442430586,10338.934865025632
1918,7,4,1,17616.764520223976,26216.023069031868,20438.193240487704,18739.250700499626,1031.2206525066526,9929.558655828585,7855.324335524987,9400.290181556968,15061.79738390821,11944.21846471588,22692.109648424306,23922.60281533936,7267.05859814196,2163.404405274965,10094.4793625596
1918,7,5,1,18050.438827169997,23633.438230906133,17898.62468199115,13959.809278683086,975.525413839266,10039.334907495297,13341.018403923394,9605.062697181691,14085.051332989775,11558.36994833288,22311.749165913447,22949.5301907177,7012.647073698181,2071.7398886663414,9276.400552326608
1918,7,6,1,17708.181726315954,26319.538802524086,17711.47887812227,13959.809278683086,922.038356440591,10353.087302461721,6433.398073357211,9538.858049273036,15996.5495759495,11467.247051474782,22522.4229676489,22080.12421097547,6618.370390052325,1948.5561778085644,9099.71489212826
1918,7,7,1,19586.69382709893,24697.792311162586,17794.758760843837,13959.809278683086,866.3431177732043,9846.484735648386,14424.383741675352,10016.917192893285,18762.7006134629,12346.440626628331,22426.513104601883,23148.1519977133,6430.597178337503,1883.0815230880924,8485.75239253528
1918,7,8,1,17087.213631279086,22387.268054648306,16491.288236899163,13959.809278683086,815.1460261347482,9053.573836785119,5349.884633713544,10460.334369584518,22022.668324808736,12098.700250795537,21915.81357743762,28448.218110692345,6630.323872702799,1851.7145954778293,8580.14610140825
1918,7,9,1,15617.849269953605,21155.696251061338,15761.419601812186,13959.809278683086,770.5980136499896,7229.211211112861,5282.128018262896,10079.272733365333,23602.88168107156,11994.05129893511,22893.76628354847,28212.13692781646,6831.744761459689,1812.429802645509,9289.309093710774
1918,7,10,1,14947.828039942046,21172.948873309622,14243.667132437398,13959.809278683086,732.7399725646821,6291.736856507535,5756.202173580012,9352.561249343666,26896.2889467084,10814.436923203017,24227.487199594678,25745.04500934875,6271.813515097899,1725.9423517589967,9096.487756782171
1918,7,11,1,15021.40774240526,21130.480880080762,12695.971334444248,13959.809278683086,694.8737530301137,5198.424728421175,5823.884738084803,9441.090720384513,25020.563250199222,9307.349636887317,21092.792188556054,20864.001217267396,5597.524147315722,1613.4173056231302,8309.066732336933
1918,7,12,1,13817.37624754191,20225.38177442754,10858.199540454834,8134.761588759632,661.472966727983,5104.447356217215,6501.080637862004,8004.603825061615,19419.049074430495,8992.69088367456,17089.17021316018,19272.41331647609,5513.849768762149,1566.2146475688453,7528.503370502159
1918,7,13,1,13140.665953669415,18707.15101655826,9744.682007436822,8134.761588759632,621.3822090264015,4717.115203376964,5485.323813668983,7301.602842849199,20089.395488356884,8672.336949408163,18072.041373786655,18912.629078366277,5293.604497878454,1492.8830342819278,7801.680377548443
1918,7,14,1,14937.794444151234,19617.55862136384,9712.867220779279,8134.761588759632,587.9732442751201,4872.9529768578495,4130.932014114436,6786.4383035403835,19529.477369996006,7944.065672175667,19131.968321818353,17637.26800187032,5097.360314206557,1450.9792552607921,7305.26628293662
1918,7,15,1,13652.379338986722,20635.46333402779,9134.77383262912,8134.761588759632,554.564279523839,4336.606979694182,6094.763097995684,6898.678276390481,17656.084665646755,7417.973322347019,16493.217474398236,17240.024387879857,5046.1579948216,1372.4096695962442,7292.761133470547
1918,7,16,1,12531.961142376224,16800.07269570066,8974.296305812177,8134.761588759632,523.3880313887215,4004.237125830225,6094.763097995684,6175.738917656493,16033.877450506794,7764.667468986597,16780.127321120082,17240.024387879857,5046.1579948216,1372.4096695962442,7292.761133470547
1918,7,17,1,11004.84786305719,18721.749389229117,7690.943955783282,8134.761588759632,496.6608595877406,3972.1943280464975,5620.762993624424,6492.135548941485,16033.877450506794,7764.667468986597,17165.406258146195,18105.074626241007,4965.872005050833,1314.791973442311,7049.919198677465
1918,7,18,1,13405.9988201292,18218.769094446357,8755.148569481902,8134.761588759632,469.9336877867597,4501.642222909388,5620.762993624424,7204.066460406776,16033.877450506794,7528.317455261089,16851.444911590846,18105.074626241007,4965.872005050833,1314.791973442311,7049.919198677465
1918,7,19,1,13660.183246823497,18947.360603248067,9130.188760434408,4010.82425481196,449.8883089359689,3866.7201186748202,5756.202173580012,6918.924581506623,19366.167918807663,6674.040297217358,16830.951351110634,18237.489164237828,4619.3151300964055,1244.0641196803288,7303.491358496394
1918,7,20,1,11317.89605172206,17756.929668101246,9460.220385556786,4010.82425481196,427.61839191816495,3513.73013105184,2979.6619590201217,6155.492612540121,14309.796244387086,6412.489107329562,16621.917034213595,15940.27115964759,4276.240765835378,1123.5907549946453,6451.6889838966445
1918,7,21,1,11888.696167806043,17727.732922757026,8253.597815113968,4010.82425481196,407.5730130673741,2936.143866370124,3521.4186788418815,5458.265291482504,14560.981733596374,6898.216861440527,17570.359013233312,17444.74423280926,4004.793175566854,1052.878127896543,6648.140848089811
1918,7,22,1,9116.079197688465,19736.99985231564,7835.60766217371,4010.82425481196,394.2094271668837,2947.6407035378406,3385.979498886442,6039.557496551045,15180.779984059858,6946.269951580558,18681.10999125556,16282.63243223162,3704.3560368231124,1060.7350864629884,6442.814361694946
1918,7,23,1,10473.401739352425,18105.963487435634,7442.414328245543,4010.82425481196,398.66668195006065,2663.40921949271,3792.2970387529094,5198.835450258492,14532.20816362522,5652.751954775791,18681.10999125556,16299.18424948104,3349.328189911483,997.8794179314247,6805.302339444155
1918,7,24,1,12041.429792617559,21387.94308902136,7080.942208073325,4010.82425481196,403.1157582840869,3229.572820149575,3792.2970387529094,4405.99630047687,12227.211909706064,5209.666868803885,15473.457904907757,15056.926807484295,3050.5852455592076,997.8794179314247,6405.298913296728
1918,7,25,1,6030.302554507962,21387.94308902136,7910.185265015152,4010.82425481196,380.84584126628295,2849.0645964669407,4063.1753986637887,4405.99630047687,9057.453228540724,4547.815640609376,15473.457904907757,15056.926807484295,3053.9736343420122,1000.4984041202399,6424.903760524273
1918,7,26,1,9436.819809792058,17816.650283575895,7690.943955783282,7668.625348497327,363.0250005826155,2560.2343775545764,3860.053654203557,4770.198846123633,11380.335755684971,3841.399620670272,13639.694113146623,13603.851482623977,2797.8679155067666,903.5806884700129,5726.713028398225
1918,7,27,1,9202.256637089511,15036.323851986714,7029.009247499999,7668.625348497327,363.0250005826155,2312.718599303273,5349.884633713544,4347.1049566974725,8724.613013737078,3850.298341066679,12293.677060812664,11385.036822900489,2470.135422679145,851.2009646937099,5726.713028398225
1918,7,28,1,8622.872222384723,16894.29855567438,6852.71790025588,7668.625348497327,363.0250005826155,2154.5814583886963,2844.2227790646816,3620.4704548245063,8724.613013737078,3850.298341066679,10450.896102440613,10871.05933988626,2381.378460951302,845.9629923159863,4919.606478341899
1918,7,29,1,7646.157414375064,15304.403059232025,6922.804003804204,7668.625348497327,309.5788354296942,1826.8103393919744,3182.8577544262093,3451.18670976473,8554.30458606934,3432.2008619673534,10489.423996143036,10472.073429343072,2287.444794138465,793.5832685396833,4340.9811107886235
1918,7,30,1,6659.8549481656355,16790.78282218216,5601.086763982272,7668.625348497327,289.5334565789033,1989.54621517349,2573.3444191536546,3243.334908190628,8704.393748352068,3127.935814177331,9545.900471638568,10410.221901726107,2173.086672718208,759.536448084993,4235.695820122529
1918,7,31,1,9209.391638540314,12353.14295490393,5223.707250481281,7668.625348497327,291.75799474591645,1691.5185265269524,2437.9052391982145,3947.8755333779627,6350.404659076369,3010.543894709425,9545.900471638568,9536.46018060243,2007.526231912995,730.7276000080263,4010.683808116575
1918,8,1,1,9748.864638877963,14919.536870612346,3159.1147422036433,3921.878750633084,271.9743262677284,1051.9976874251508,25.359486915006624,2384.9069676899517,9950.989225758432,2228.6667258099965,11416.55267226371,11534.874326423092,3530.8893555245186,788.0103095565112,5912.353989182003
1918,8,2,1,8494.553680663676,11047.119450688833,3002.1929856592333,3921.878750633084,263.59959434477116,1038.4240022529295,405.75475267787886,2198.148274868382,9950.989225758432,2228.6667258099965,10059.059226060832,10114.902636062345,3303.77318516462,817.8545707778628,5416.827356790292
1918,8,3,1,7741.699543179773,18651.411775447257,2862.0207785619223,1080.1912817664304,251.05385335869187,1023.8118930782344,0.0,2737.7161553247483,13011.097275411446,2228.6667258099965,9588.527077437035,10071.345222247523,3162.6844411243046,835.7611275107483,6195.938507719394
1918,8,4,1,8207.592841054211,17618.908690112446,3048.885863724692,1080.1912817664304,236.40625094263984,800.550732593876,0.0,2562.581766961475,9733.243290840148,2228.6667258099965,8316.286842831465,9086.947670033887,3307.2556958581463,770.1037528236257,5643.130222934644
1918,8,5,1,8729.339822162328,17952.017011987264,3584.122862788694,1080.1912817664304,223.85233150729957,974.1900603991535,63.399457796975256,2410.619005366092,9971.986155197004,2228.6667258099965,9230.299640244803,10196.790574033814,3183.29713955317,752.19719609074,5428.283687268976
1918,8,6,1,7586.959199210332,14648.80341378711,2314.7128751484515,1080.1912817664304,215.48577803349303,957.2785837910625,101.44239071677765,2234.2529026231587,9971.986155197004,2228.6667258099965,8484.334038768455,10209.857798178515,3069.7861153285176,704.431151472623,5425.379265457438
1918,8,7,1,7639.133897321144,17552.552450694227,2897.578481297174,1080.1912817664304,207.11922455968653,923.4556305748808,0.0,2026.9399760901865,7633.472580581377,2228.6667258099965,8690.909128407868,10578.35351905122,2963.0518686694745,680.5557424955044,4173.573464710451
1918,8,8,1,6686.834172401951,13453.063979485429,2655.598956894929,1080.1912817664304,196.65898810505794,923.4556305748808,278.95731810289436,1480.905595140492,7633.472580581377,2228.6667258099965,8996.67305077151,10583.580408709027,2825.4456353225582,599.9610105337329,4723.5580060672055
1918,8,9,1,7175.135834207755,15013.76273058357,1948.4685369776673,1080.1912817664304,192.47162214363448,918.931068850807,0.0,1491.2212030704284,7633.472580581377,2228.6667258099965,8693.368355665494,9368.328563277317,2629.2955735612545,665.6336118847354,5293.631464953524
1918,8,10,1,7870.241053696929,14583.7742991601,1978.411865596688,2450.8569507529623,190.37793916281242,1041.8359668316643,76.07994176393696,2122.1668940706904,4963.518586458658,2228.6667258099965,8663.857628574362,10583.580408709027,2815.092225152828,596.9765844116164,4878.29914591203
1918,8,11,1,5330.069052725914,15792.784981343926,2855.470675426429,2450.8569507529623,188.2842561821007,1044.061161122195,76.07994176393696,2171.1275406636523,4963.518586458658,2228.6667258099965,8657.299689220696,10583.580408709027,2815.092225152828,596.9765844116164,4878.29914591203
1918,8,12,1,7758.422202831517,16230.736161499677,2883.542546006926,2450.8569507529623,188.2842561821007,1044.061161122195,76.07994176393696,1166.6644640200204,4963.518586458658,2228.6667258099965,9053.235277696518,10583.580408709027,2815.092225152828,596.9765844116164,4878.29914591203
1918,8,13,1,8733.130291682077,15518.070150157542,3254.3719563724235,2450.8569507529623,173.64483221519941,1002.3758547460699,76.07994176393696,2003.6913671733655,5291.615050536987,2228.6667258099965,8368.750357660432,10583.580408709027,2815.092225152828,596.9765844116164,4878.29914591203
1918,8,14,1,5359.83538690536,16610.293850967,3182.4143947849143,2450.8569507529623,169.45746625366564,977.6020249780356,76.07994176393696,2386.2156642183113,3488.600943009439,2228.6667258099965,9278.664442977728,8509.027903539936,2119.907793210003,588.0233060451736,3990.27217705265
1918,8,15,1,5939.442770405084,15211.504324047019,2423.070295588219,2450.8569507529623,161.0909127798591,984.35178099264,228.2398252917175,1448.7270569707944,3488.600943009439,2228.6667258099965,7256.113972074042,8493.608579049313,2119.907793210003,588.0233060451736,3990.27217705265
1918,8,16,1,6625.294784886303,12782.733248892033,2367.955856348743,2450.8569507529623,154.81804228676435,980.9398164139052,164.83740545688832,995.456165242055,3488.600943009439,2228.6667258099965,6291.850964363638,7954.019336712374,2119.907793210003,588.0233060451736,3990.27217705265
1918,8,17,1,6323.395035989263,9855.228678273175,2262.4056229667617,2567.7220734890166,156.90354681843564,991.1015370073917,164.83740545688832,1433.25364507589,7215.555918349143,2228.6667258099965,5260.615001004238,8493.608579049313,2061.458086706211,585.0388799230572,4462.886148486994
1918,8,18,1,6675.685732635295,13634.880075489302,2598.6130596169296,2567.7220734890166,152.7243593060526,987.6895724285096,0.0,1571.0516913044983,1927.3625896463875,2228.6667258099965,6118.22951997588,7278.792307755965,1658.8045530138745,489.52201735060964,3592.124353729182
1918,8,19,1,5473.549472530646,12335.359482740156,2780.7994996827297,2567.7220734890166,152.7243593060526,955.053389500532,215.5623033625918,1765.5085989992851,2362.543393861463,2228.6667258099965,5166.508571279328,6621.510933291301,1531.4576079260935,501.459721839169,3251.2581827987524
1918,8,20,1,6679.364717758162,14668.710285612824,2406.2271732401846,2567.7220734890166,152.7243593060526,1032.7868433835167,139.48236159874614,1551.7291719729856,2362.543393861463,2228.6667258099965,5739.672470787126,6450.156067343904,1407.5931735317113,489.52201735060964,3786.8819718654763
1918,8,21,1,7208.692637906948,17932.11014016155,2672.442079242963,2567.7220734890166,154.81804228676435,970.7780958204187,164.83740545688832,1818.3183530288552,2538.762068334668,2228.6667258099965,6517.771975096296,5713.600199736492,1331.8250354712636,510.41300020561175,2896.031259578291
1918,8,22,1,7452.731984412383,16547.918985914923,2911.5208436851663,2567.7220734890166,148.5369933446291,1027.149684514104,164.83740545688832,1621.2440522773493,2538.762068334668,2228.6667258099965,5434.23644539162,5713.600199736492,1331.8250354712636,510.41300020561175,2896.031259578291
1918,8,23,1,5659.951385439407,13266.868371680048,2783.606686741176,2567.7220734890166,146.4433103638071,1027.149684514104,177.52233248068796,1367.587872208135,2538.762068334668,2228.6667258099965,6206.10590731488,5713.600199736492,1331.8250354712636,510.41300020561175,2896.031259578291
1918,8,24,1,6759.521999684254,15313.692932750524,2848.0784161739302,2396.5626727677013,140.1704398707123,976.4152546898314,177.52233248068796,1657.3486800321257,4721.665065888694,2228.6667258099965,6697.623461869963,4782.604036860094,1139.157484403487,444.755625518489,2535.0761711184887
1918,8,25,1,6390.508643388825,10579.971525191362,2757.4062741992025,2396.5626727677013,135.98307390928883,998.9638901671875,177.52233248068796,2035.9468874917632,2390.2282341583077,2228.6667258099965,5819.105511208317,4460.366289458531,1104.7088651113647,498.47529571705246,2767.1072025019926
1918,8,26,1,6129.635152834766,14466.987317783236,2645.305937682388,2396.5626727677013,133.89756937772782,992.2141341525833,177.52233248068796,1961.1972210739611,3557.6575109408036,2228.6667258099965,7843.869286643901,4948.90624280452,1063.3893463430393,429.81826824393346,2231.483413435268
1918,8,27,1,7262.6510863807525,11168.949506260316,2768.635022431665,2396.5626727677013,131.8038863969058,987.6895724285096,177.52233248068796,2426.092417261226,2455.8630802550674,2228.6667258099965,5743.853157125202,4930.960588313138,1063.3893463430393,429.81826824393346,2231.483413435268
1918,8,28,1,6852.722956139221,14708.524029264257,2662.1490600304223,2396.5626727677013,133.89756937772782,1031.6742462381778,9091.234621723332,1949.6498987641357,2072.396935583048,2228.6667258099965,6461.29172241332,4253.207229355245,977.3619200235838,423.8494159996071,2689.817310963313
1918,8,29,1,7134.109575864771,16347.523142874046,2496.805742312656,2396.5626727677013,131.8038863969058,1039.6107725411339,9091.234621723332,1931.6360759612123,2072.396935583048,2228.6667258099965,5685.241574151983,4473.172169120068,973.9735312407794,546.2413403352627,2489.2508492039437
1918,8,30,1,7106.126992048318,11534.174248014519,2351.112734000709,2396.5626727677013,125.52283745477058,1039.6107725411339,9091.234621723332,1603.2302294741962,2072.396935583048,2228.6667258099965,4518.092317688415,4473.172169120068,953.2667109013194,638.7585501216206,2629.631236758737
1918,8,31,1,7257.076866496839,12734.558619075447,2787.349602818223,611.8148507658295,123.42915447394853,965.1409369510059,0.0,2476.3617603825473,2587.055006043118,2228.6667258099965,5507.439443426525,4434.841644963056,970.4910205472527,346.2543368239251,2079.6466954019816
1918,9,1,1,6487.054131772497,17622.89006447609,1697.5995868914438,1187.742508035126,99.34362174636036,675.5986558656303,657.0096119391749,875.5179775189703,1869.6599168931464,688.8819812701944,2883.935805003987,3070.623444284739,811.5097012954258,347.8683631961149,1979.6861780569436
1918,9,2,1,5910.56831140772,16328.943395837046,2023.3268585245582,1187.742508035126,99.34362174636036,636.5168268094894,467.2096326368913,847.2655289345809,1869.6599168931464,688.8819812701944,2805.4044812440384,3439.380509640607,962.3965362328107,325.92674053284816,1952.7395979171065
1918,9,3,1,6252.156505876966,18527.989170129316,1867.4344039023272,1187.742508035126,101.11834521050467,679.3518169024599,992.8010309802432,609.2136304132448,1422.7363854737298,688.8819812701944,2698.755992505652,3144.061243976481,820.0559707808995,316.5318889136118,2023.1718268453224
1918,9,4,1,6252.156505876966,14630.22366675011,1454.0293231567837,1187.742508035126,99.34362174636036,639.520839101654,511.01076710586364,587.7894984214867,1422.7363854737298,688.8819812701944,2307.083064609563,2814.505851053987,862.7684938267125,275.7853363480858,1795.3360714117541
1918,9,5,1,6252.156505876966,16027.686068881376,1374.6795023161146,1187.742508035126,97.56889828221615,638.771690357284,730.0164394504308,789.8368459811726,1422.7363854737298,688.8819812701944,1965.824295494607,4030.019040968498,1816.646997147151,332.20012605486335,2304.820064175211
1918,9,6,1,6252.156505876966,14388.686955271585,1329.8580822898405,1187.742508035126,108.20906061793816,680.857531705737,657.0096119391749,813.5473477904235,1422.7363854737298,688.8819812701944,1590.382267498996,4408.532967018818,1426.5116775691106,401.1464601418848,2426.9671370245896
1918,9,7,1,6097.750615100512,17591.039069556944,1458.7079682530928,1187.742508035126,125.94811681016732,659.8146110315105,759.2443477764415,736.2649686791049,1422.7363854737298,688.8819812701944,1931.723010855609,4442.856209104785,1278.4579121418697,448.1511715656395,2143.301940103466
1918,9,8,1,5442.556809978475,15401.283168780677,1308.4298877470933,928.2666222094401,129.49756373849567,683.8615439979015,759.2443477764415,683.4552146495348,1307.6421055883714,688.8819812701944,2891.5594095025886,4442.856209104785,1278.4579121418697,448.1511715656395,2143.301940103466
1918,9,9,1,4943.218192802896,17373.390604267785,1562.293170694294,928.2666222094401,122.40684833098972,634.2619632616949,759.2443477764415,749.2749518146899,1920.052547545865,688.8819812701944,2277.244440550298,3516.041557954633,1153.1816490879326,385.4782230006333,2012.84499373795
1918,9,10,1,5160.055346275907,16218.79203840375,1583.7213652377018,928.2666222094401,118.85740140277166,673.3437923179832,438.0113446891343,623.7555583085573,1900.0665813765077,688.8819812701944,2844.6701431240126,3879.9201929630935,1127.5804893955185,329.0634332938557,2250.926903895537
1918,9,11,1,5746.351793635389,16659.39746813693,2038.2049499324726,928.2666222094401,141.91244953838387,616.2304721940227,452.60678611567585,648.2512780349618,706.1889501419002,688.8819812701944,2496.5255376876307,3406.7995641070015,874.1572450133643,344.73167043510733,1855.4414672325975
1918,9,12,1,6639.787756584012,15536.649897192048,1934.6197474912713,928.2666222094401,124.17339334600315,638.771690357284,423.40849816791894,680.39132513008,1296.3659768160899,688.8819812701944,2641.6199458867823,2811.1954876041027,874.1572450133643,338.4582849130921,1693.9233431608527
1918,9,13,1,5660.954745018372,15070.82909648329,1409.2079031298485,928.2666222094401,115.30795447444332,606.454451944232,949.0369219841984,591.6155112134393,1299.7099322452275,688.8819812701944,2842.1289416243535,2522.409834012145,671.9927931626248,325.92674053284816,1774.68240519663
1918,9,14,1,6427.85591660894,16508.10524226349,1933.6840184720095,928.2666222094401,113.53323101027914,683.1123952533841,554.8119015746887,698.759265817345,1302.4317564313692,688.8819812701944,2822.4551235633494,2427.803131206737,652.0577724902435,423.07285614136515,1517.8831100318005
1918,9,15,1,7423.0771346321635,17015.066911412396,1920.6773851032792,1120.8678485657301,108.20906061793816,660.5637597758805,642.4141705126333,717.1272065046101,1910.565046095606,688.8819812701944,3152.647370019178,2347.831719442827,612.1971433367702,316.5318889136118,1433.0094504298206
1918,9,16,1,5882.697211989322,17625.544314053517,1873.9845070378205,1120.8678485657301,102.89306867464887,620.7327819752222,686.2153049814584,740.0909814710575,1302.3539900262754,688.8819812701944,3116.0048838808966,2357.6756949648793,597.9564982579066,338.4582849130921,1737.4089919494213
1918,9,17,1,4522.810529179512,16851.830562445524,1588.4000103340109,1120.8678485657301,97.56889828221615,622.9876455230168,467.2096326368913,653.6092355866418,697.9845943798053,688.8819812701944,3117.7263429609716,2357.6756949648793,597.9564982579066,338.4582849130921,1737.4089919494213
1918,9,18,1,5516.359481237795,15548.594020287976,1870.2415909601127,1120.8678485657301,95.79417481807192,501.9964146318593,525.6136136269317,671.9771762739068,722.2865960449666,688.8819812701944,3063.0495236001034,2183.0975803951987,521.0777216520103,322.79004777184053,1499.246403408291
1918,9,19,1,5297.961546196725,10118.530236281615,1561.357441675032,1120.8678485657301,94.01945135392762,489.2237994041463,102.205115459009,848.0353504218108,712.7679880326698,688.8819812701944,2261.0135406501954,2047.634023431292,518.2258277597984,313.3951961526042,1329.4184058204087
1918,9,20,1,6473.898972847915,11270.076415132853,1454.9650521760454,1120.8678485657301,95.79417481807192,506.50614172744855,744.5822604987186,962.0459126926977,1313.1635203668714,688.8819812701944,2408.6491503490065,2015.0530778980487,498.3002192785787,313.3951961526042,1370.8870950175528
1918,9,21,1,3828.1512472813783,19188.89731472909,1195.4873951119525,1120.8678485657301,97.56889828221615,547.0862682726244,554.8119015746887,894.6865325528532,1300.9541947304706,688.8819812701944,2473.4907757081355,1939.9600964815468,495.44832538636695,313.3951961526042,1161.688046207494
1918,9,22,1,4329.050646023842,20271.831142020044,1430.6360976732565,1280.5504100382357,97.56889828221615,547.8428343313841,175.2045378755948,893.9167110656234,1286.956241771299,688.8819812701944,2434.2251138281613,1891.0015633537191,501.14270097975674,310.25850339159655,1383.3115661000822
1918,9,23,1,4279.774542253042,20416.487743949914,1913.191552948524,1280.5504100382357,99.34362174636036,544.0822559803123,438.0113446891343,691.8693635059376,2668.3208996108838,688.8819812701944,2323.3139645096653,1969.3177933925056,529.6239911376119,338.4582849130921,1346.0381528526837
1918,9,24,1,6212.691029100868,23414.462640828257,1823.5487128953148,1280.5504100382357,102.89306867464887,458.412275794519,365.0045171778785,565.5878467275369,551.6826560363737,688.8819812701944,2325.8551660093244,1607.0943401091688,515.3833460586204,332.20012605486335,1304.5694636555393
1918,9,25,1,2693.3515633712245,16027.686068881376,1342.9582885608272,1280.5504100382357,106.43433715379386,457.6631270500015,423.40849816791894,669.6754100267199,1320.2402632517383,688.8819812701944,2411.190351848665,1731.1458546534986,512.5314521664086,329.0634332938557,1331.5160437953762
1918,9,26,1,5457.272750471117,3423.185679064938,1025.6525781017297,1280.5504100382357,113.53323101027914,504.251278179654,467.2096326368913,880.1369064428086,1930.2399466438394,688.8819812701944,2550.300640387633,1553.2573766339333,549.5495996188316,363.5366003373665,1006.3821576771088
1918,9,27,1,4442.318794059259,5553.220964364059,1525.8933118420366,1280.5504100382357,118.85740140277166,511.77243488165004,540.2090550536205,597.7355920376168,2513.6435194137766,688.8819812701944,2463.2439954678407,1439.0498376116566,529.6239911376119,360.3999075763588,1225.9080395947292
1918,9,28,1,4315.895487099259,10870.479141359696,1493.2363690668265,1280.5504100382357,129.49756373849567,576.3994943933643,175.2045378755948,874.0553166929809,1895.1672978406293,688.8819812701944,2208.1401546114357,1533.6565404174273,560.9383508054835,366.6732930983741,1157.5734486412916
1918,9,29,1,3752.564825659064,18330.247576665868,1049.8879597022622,2441.5871959748015,136.59645759504207,511.77243488165004,1124.2414598597932,768.4050157744526,2520.8757951092052,688.8819812701944,2045.9951040929723,1891.0015633537191,543.8552240254419,347.8683631961149,1209.3689709459977
1918,9,30,1,4792.156833956322,18814.64812441413,1288.8731512428699,2441.5871959748015,143.68717300243773,487.7180846008692,1124.2414598597932,883.986013879417,1895.1672978406293,688.8819812701944,2012.7955361152165,1891.0015633537191,543.8552240254419,347.8683631961149,1209.3689709459977
1918,10,1,1,3554.3455665976708,24251.878382277046,754.9929592563018,422.2042238680991,4.713976301834586,360.755915696889,246.88585345612978,465.09534977374705,866.8621201900767,1156.5488924648466,1012.7097846853634,459.62654205597124,22.874447941385807,399.18222050027344,1066.1648399634003
1918,10,2,1,4823.260980906547,17415.85859749414,1109.2131795287464,756.9196193079879,4.713976301834586,342.9914479440038,246.88585345612978,719.8985638589589,866.473288163485,1156.5488924648466,1334.2947357393145,306.05181242799335,28.32128290977649,395.61918115035206,882.7828739218667
1918,10,3,1,6230.1940795354685,6031.384025606609,758.6235878515663,756.9196193079879,4.713976301834586,394.23025514088124,246.88585345612978,439.26014065959475,782.4078040037351,1156.5488924648466,1583.0865599677772,265.1688238214645,29.410273415812203,370.677905701089,836.0700897873984
1918,10,4,1,4683.125093032868,5321.770401274767,842.9982735259684,756.9196193079879,5.656787919099788,396.9672441182588,0.0,839.0284390204638,947.1170504882549,1156.5488924648466,1242.1556878205804,300.5200208735195,33.76717665906098,402.7452598501948,1663.1042006058224
1918,10,5,1,4715.121115164004,15699.88624615892,469.1371011377691,756.9196193079879,7.542411153630191,437.2729300344054,102.87157397163837,642.377540086808,511.5785208089999,1156.5488924648466,1171.165994317576,280.6317057257025,28.32128290977649,417.01264391366686,1896.8294780460087
1918,10,6,1,5337.538507370875,16899.60705482674,458.95636940731794,756.9196193079879,7.542411153630191,339.5720660508793,113.15725034988535,446.43487692137603,869.9727764031843,1156.5488924648466,1247.647962029315,381.1796397756034,34.85616716509656,388.49310245060263,1528.2906215229054
1918,10,7,1,5639.7727094609045,20374.019750723553,842.2684048907458,756.9196193079879,9.428116172652032,432.49617962402925,92.58589759339152,540.4608733816085,1221.5546948905694,1156.5488924648466,1429.1389336413993,285.0571389692815,34.85616716509656,388.49310245060263,1386.21598791143
1918,10,8,1,5043.442666310611,22323.566064807514,630.6158580057772,756.9196193079879,10.371091358900106,398.33202994990023,113.15725034988535,470.12228408597105,875.2608919652802,1156.5488924648466,1307.571132873193,510.44933249479953,37.03508939627405,352.84748228769564,1380.8105362068297
1918,10,9,1,3574.41275817812,22801.3309886122,612.4252858697506,1163.6852873015837,9.428116172652032,375.1010015566497,617.214633640619,538.3053732170894,1217.5108418133423,1156.5488924648466,1376.6754188120553,545.8005295468078,35.94609889023847,317.21708878857515,1310.7010208131662
1918,10,10,1,5491.721429351222,2526.7128845346083,608.0647886396127,1163.6852873015837,9.428116172652032,468.025115129652,1234.429267281238,450.0222450522666,860.0964429263335,1156.5488924648466,1399.710180791927,511.5556908058622,38.12407990230976,349.28444293777426,1395.171288496861
1918,10,11,1,4725.154710954815,4238.836573983812,417.4942165602325,1163.6852873015837,9.428116172652032,535.6636042477732,123.44292672813219,566.2960824957607,858.074516387907,1156.5488924648466,1611.6135961563834,544.7028827186863,37.03508939627405,349.28444293777426,1535.4709976681108
1918,10,12,1,3814.5501507645795,11991.634162558124,672.7985221974736,1163.6852873015837,9.428116172652032,509.01319396139803,195.45006647042194,566.2960824957607,1207.245676310274,1156.5488924648466,1345.3612583984414,673.9638639556662,39.21307040834534,349.28444293777426,1463.5058794502988
1918,10,13,1,4593.045699712845,10220.851557462745,586.9734565436233,1163.6852873015837,9.428116172652032,401.0616016128881,0.0,566.2960824957607,1218.6773378934915,1156.5488924648466,1578.4960024202849,1016.4558087809158,60.99852784369556,349.28444293777426,1468.911331154899
1918,10,14,1,6396.305832067673,16967.290419033674,1107.7160130979273,1163.6852873015837,11.313248700233789,395.59504097252267,0.0,556.2499120862747,1212.9226238989615,1156.5488924648466,1478.9792727290503,11453.857536727623,8017.021982073862,374.2409450510104,1405.982191906251
1918,10,15,1,4128.824667804521,17821.958782728252,995.7092494827092,1163.6852873015837,17.913257159055984,427.71201189926325,133.72860310637907,844.8021001752618,1560.1496236883702,1156.5488924648466,1585.7917099511276,3367.5978916736267,1445.430181606638,338.5953248880101,1305.2955691083762
1918,10,16,1,3798.607881898039,15693.250622217845,2223.4792957621667,1773.6130808456894,98.05142678168389,372.37142989351435,133.72860310637907,696.9270906775496,1208.0233403634575,1156.5488924648466,1522.2616724630332,2545.5823781616978,902.9961984316573,392.056141800524,1330.4672248077975
1918,10,17,1,5559.726911931693,17563.16944900144,5440.6092371653285,1773.6130808456894,579.8193304791224,375.1010015566497,41.14788907919697,814.6250978726831,1553.6172456406568,1156.5488924648466,1713.0157334117598,2262.720532848709,697.1327554929727,377.80398440083843,1341.2781282171875
1918,10,18,1,2477.6292538752314,17495.48608479451,2583.5478224051626,1773.6130808456894,309.2353405656944,395.59504097252267,236.60017707795248,311.50056662551077,1541.407920004256,0.0,1631.8612339104948,2158.879658314447,576.2237490924308,352.84748228769564,1156.0405593518851
1918,10,19,1,5085.472284232557,17875.043774264326,1024.0618387686543,1773.6130808456894,140.47304248906872,416.7788906183849,92.58589759339152,431.3617721998956,1205.6125817984394,3.1879487845300343,1450.3702622987864,1972.1925827043904,461.8468032899778,370.677905701089,1199.2034946057117
1918,10,20,1,1669.1444019537582,17227.406877549198,920.8228560642162,1773.6130808456894,87.68115326769815,396.9672441182588,0.0,698.366656858883,1212.9226238989615,0.0,1651.2891292457737,1810.855921934609,374.70873842507376,367.1148663511677,1186.617666756096
1918,10,21,1,5651.813024409643,15900.282089199794,1152.163141516497,1773.6130808456894,63.16706980490566,414.731711871144,174.87871371392,698.366656858883,865.3067920833356,0.0,1849.3388977257193,1649.6063759920653,361.63520503798964,338.5953248880101,1166.851462761275
1918,10,22,1,4493.044195000066,16128.54755279617,1310.6756373933217,1773.6130808456894,49.02571339084194,400.37920869714117,0.0,804.617418537547,520.0628356301809,10.98102096902164,1374.7900112479135,1367.7899086106381,309.35048368081493,327.90620683833924,1183.067817875265
1918,10,23,1,5439.658215638463,18655.3931498109,1099.762316433211,3182.1743901983114,42.42570493201986,330.00373060164236,195.45006647042194,155.75028331280132,1376.1543086822085,0.0,2046.56892378608,1309.2487444435574,279.9373866076661,349.28444293777426,992.5054756889054
1918,10,24,1,22573.360840747562,21811.295896503754,715.7110550241896,3182.1743901983114,38.65462203194189,403.7985905902657,0.0,554.0944119217556,1375.687710250523,27.628747086400615,1622.6801188155098,1223.0921799182408,261.42360678587374,349.28444293777426,877.3774222172666
1918,10,25,1,12758.274469652122,14011.783515381694,765.903559622282,3182.1743901983114,37.71164684569375,318.38821640501703,504.0573832907315,759.3750097282201,1205.1459833663796,37.19309176833297,1297.4063268749323,1197.6546502503654,240.72619863744765,349.28444293777426,1154.2656349114695
1918,10,26,1,5449.691811429275,19226.056808800593,1000.8557590889793,3182.1743901983114,36.76867165944571,437.2729300344054,1203.5500228626843,776.5959163994875,1201.87979434271,87.4922189363215,1144.4423914514541,1217.6039457776335,208.0470712653182,417.01264391366686,960.0727654607357
1918,10,27,1,3866.6133644785104,18729.712137958904,1420.5302242639075,3182.1743901983114,37.71164684569375,379.88516928126813,720.086207612182,586.3961215294652,1208.8010044166408,0.0,653.3101158332149,1157.9302888513914,204.78104096633763,438.3908800131018,979.9196478391
1918,10,28,1,3802.509835817014,16409.898007926124,3380.6953739839996,3182.1743901983114,127.28120402052299,363.48548736002436,2448.272371616921,879.9829421454084,873.3167318323218,155.85574850877828,1248.5496786905571,1122.561668833863,182.99181865465857,420.57568326358825,979.9196478391
1918,10,29,1,7056.739403879465,17621.562939687377,4101.487437583804,3182.1743901983114,410.11651075104515,407.21055516914794,1800.1784935577484,280.63842319913454,865.5400912993655,140.97708800618184,1158.296038335965,964.5353715136035,168.8358832952276,413.44960456383876,969.10874442971
1918,10,30,1,5117.468306364865,17825.940157094396,2838.1596885684335,3972.0899223469273,310.1840406662967,321.12520538239465,925.8589759338562,831.8690991883767,1580.446655478851,73.32545606542807,1083.617503946334,992.1507718722019,167.74406913184683,420.57568326358825,798.2884027230518
1918,10,31,1,6476.351629595711,23208.75829863502,4592.464454033089,3972.0899223469273,567.5598352129878,416.7788906183849,401.1932144136951,359.5913149378866,1217.2775425973123,48.881738983267574,1343.4758508342993,810.9693533682723,128.53288116175617,466.9104214762594,868.4221216318354
1918,11,1,1,17869.83410294126,28607.501937637724,40511.45216343225,2528.215261459137,1150.626010002082,3171.8661148815127,1075.2197337086136,5468.3499529663395,6372.5680845947145,361.71518666823124,3228.6374922794676,1293.3938458152977,60.930760068038964,25.137699413488757,253.08808951672262
1918,11,2,1,15626.7680217674,16826.61519146745,33258.616534505,2528.215261459137,917.7855628859617,3171.8661148815127,907.1981375802435,3947.7985512292626,4939.87759923904,390.41889917846623,3590.881667326085,1406.468892078413,57.636493195848345,29.70722124642104,225.13302958136325
1918,11,3,1,15061.54212556733,17758.256792887463,25712.897722523707,2528.215261459137,794.5036204965057,2852.8474267608867,537.5950566651064,2939.7173135951225,4978.060904254984,338.7493690695814,4178.391059169843,1324.8422985893797,60.930760068038964,29.70722124642104,253.08808951672262
1918,11,4,1,14724.859244597197,22147.058467955998,18444.15470026835,2011.7574952596942,739.7080112349272,3080.707322112332,1007.9814748789529,3531.0941801477293,4969.739898884874,126.3119967930961,4031.9850631000336,1458.7377886561248,55.99030097885935,36.56378799540284,188.34368663599273
1918,11,5,1,15349.17187156277,23675.906224134993,16013.130708015415,2011.7574952596942,698.6113042886882,3130.8483667925025,604.7962900219868,2258.348315175909,7785.972501429495,355.97017278039016,3945.6661863577924,1601.0834170025996,64.22408572112339,29.70722124642104,197.1779696458143
1918,11,6,1,15636.801617558209,29387.851313184296,17302.565296669844,2011.7574952596942,684.9205804224994,3130.8483667925025,1511.9722123185031,3001.687943323669,7772.285614091821,269.8519162732265,2997.716052789525,1460.828544519248,62.57695228502807,27.423221663149356,245.73022092768437
1918,11,7,1,19697.063380794338,49144.75803732815,17506.554222886756,2011.7574952596942,657.5227757917102,2925.7596263475994,1511.9722123185031,4178.744997422556,14792.725621473457,241.14108478673552,4001.982490557078,1460.828544519248,74.1040626803764,31.992743496081644,328.13512199009455
1918,11,8,1,19597.842266865588,29685.12726577632,15972.894360183194,2011.7574952596942,657.5227757917102,3085.2318838364054,1075.2197337086136,4178.744997422556,19019.32975104522,175.1125794463495,3037.14566315319,1517.3660676504433,15538.586226570322,8501.046448937404,12405.915054194265
1918,11,9,1,15061.54212556733,29716.978260695465,14602.051346845723,2011.7574952596942,657.5227757917102,3085.2318838364054,1276.78640830618,1402.306821285852,11997.023349935347,401.9018079778925,3956.8966575009863,1289.2123340890516,10234.816562343198,11215.808353614226,15165.115775098404
1918,11,10,1,14967.895231522494,38978.98215857831,15091.437623962594,2011.7574952596942,671.2216781070497,2811.829678671877,1310.4055377209368,2201.997382304761,9161.660211680019,333.0043551817403,4217.820669533886,1220.2173906063558,2460.252622062643,2225.833727217708,4718.959338198986
1918,11,11,1,26400.620212848033,31618.74808239821,11036.923783149696,5643.073575294282,643.8238734762605,3267.549469374767,1142.3839415925665,1920.3966822464167,7743.278744904639,264.10690238538535,4232.821955805363,1488.095485567084,1467.2664648736143,1142.608858191408,2804.6226509004
1918,11,12,1,20291.275220389824,24510.66771600386,14357.826072797248,5643.073575294282,616.4260688454711,2907.513033165131,1377.5697456048895,2708.8478495505296,9167.10386005305,525.3448573152822,4392.425804824543,1580.17585837137,1147.8167001817508,776.9709782373254,1724.5811289487965
1918,11,13,1,20865.419868403686,22184.21796203,16453.859076125387,5643.073575294282,589.0282642146819,1585.8959708692498,974.362345464049,3091.834039487905,7744.911839416473,562.6625311690495,4636.463123021445,1661.8024518604034,969.9262890835583,616.9996474250044,1417.03513046665
1918,11,14,1,18691.474113787313,20477.535484213277,13647.607747116092,5643.073575294282,589.0282642146819,3231.1304561529905,1007.9814748789529,1655.7320549087362,7746.467167522842,195.2094495893304,4227.247707354594,1213.945123016987,844.7912088956406,530.1619832689772,1274.3150697858803
1918,11,15,1,18438.404531071206,20919.468038735173,14349.404511623234,5643.073575294282,589.0282642146819,3185.5139731968943,1713.6129378617775,3080.5176636244096,7784.417173322756,241.14108478673552,3932.550307650457,1552.9960321511337,729.5201049421573,498.1707624392703,1040.347757194685
1918,11,16,1,15611.160206093846,24725.66193171809,17906.1105141459,5643.073575294282,575.3293618992323,2962.252812712535,1881.5604830444397,5068.50467245677,7756.343500999692,1553.0758733236555,2646.702348886101,1691.0730339437625,602.7190669360027,436.4723203632231,932.88415016989
1918,11,17,1,21875.468511317606,33357.28155513658,17147.23427945851,5643.073575294282,835.5921489935939,4074.18239969628,8366.275861874197,13364.101019722264,7761.398317345757,5982.6453173071095,4927.3897075973,8135.218178181461,531.9017413749679,415.901097449883,932.88415016989
1918,11,18,1,20959.06676244852,24441.657227010706,13574.620883607728,11587.193472424437,8177.876652081838,7902.406657144819,8366.275861874197,11370.263367586176,7767.77516258291,6783.601342736377,2798.764567648337,8135.218178181461,507.2041520244903,377.057877870356,834.2951653469829
1918,11,19,1,18567.72643237122,21330.87672312164,19806.576152431146,11587.193472424437,6739.614585702057,5432.218475214085,7459.151775239808,9371.036965039018,7763.031411857593,3818.1205681135207,4093.957589992121,3227.3430191902753,508.85128546065926,356.4866549570159,834.2951653469829
1918,11,20,1,19503.080528843733,30149.620941696365,34359.969590271954,11587.193472424437,4301.29175805244,5259.098359409897,5711.993758908835,8385.665461280802,7764.586739964333,3599.9239439966664,3573.9949734904653,3252.432089547388,517.0869526411204,351.9186557904692,859.3054642791282
1918,11,21,1,18790.695227716067,51023.966737630246,29163.866345860548,11587.193472424437,3739.6776553667387,4584.567796803562,7056.018426044823,9866.802002867393,9226.206328102098,13721.826851078746,4118.385914084308,6599.035307762911,479.21229580193045,356.4866549570159,763.6854439745549
1918,11,22,1,31367.250129162432,38367.17763115096,24807.112031799657,11587.193472424437,8822.093091117003,8750.20568184122,22478.164612072276,16467.251435073667,7761.087251724634,16790.817541351138,3795.489375159322,18065.872953807633,627.4166562863525,313.07543621094214,737.1987306216159
1918,11,23,1,75627.67084916208,117990.68355768915,23649.615234873036,11587.193472424437,15040.985819851161,6886.012078368157,16397.100939058346,10520.380445594645,6327.385803099372,6866.82217588242,6665.571533279174,6442.054388374575,558.2558763523928,262.79699205116856,775.4564201494173
1918,11,24,1,52791.20682990642,71806.74092316533,26292.113985496977,11587.193472424437,7328.626493018439,4858.044175111251,7526.538135961179,5361.34476622991,7759.531923617894,4300.360023829253,4756.555387434926,4912.14378554503,505.5570185884492,244.52499538498162,647.4440288085409
1918,11,25,1,33208.972378714396,59542.78075403801,25884.136133063814,71774.38699490641,4534.132205168451,4789.656537248612,3796.8141464494915,7467.6533376621965,6345.894207567457,3183.67739873971,5366.607695807106,4219.319561407639,464.38809487717697,251.37699413480172,771.0433125637828
1918,11,26,1,31466.471243091182,66186.36744450983,29286.446847394414,71774.38699490641,3438.301804427947,3914.710142207473,3796.8141464494915,9866.802002867393,7754.399340866359,2632.4550625119427,4608.2639838009745,4219.319561407639,426.513438037987,228.5217716382816,560.6260201604961
1918,11,27,1,39690.67525939908,62937.56596263197,39018.02864856091,71774.38699490641,2821.892092480777,4065.0591031051194,2520.027738143311,6735.476121080532,6317.5094696225215,2064.075993360076,3919.3524547014626,3068.2713439388162,395.2273149432171,230.80577122146167,590.0574945168388
1918,11,28,1,34734.07893887549,54441.313067627336,35575.481586398084,71774.38699490641,2465.720632280407,3878.216955842537,2284.767883185133,4578.590277931896,6354.137446532098,2049.695661199732,4392.425804824543,2781.489331382382,368.8731799656645,217.10177372191475,584.1679725102209
1918,11,29,1,38512.2851760001,71091.42066224577,28038.18433559081,71774.38699490641,2314.9918145652573,3878.216955842537,2956.780216753201,5237.480488921517,7772.9077453344435,1561.6898346671878,4144.617671498604,2779.3985755192584,354.0583912319449,219.38577330518814,609.1863392807394
1918,11,30,1,111484.39767260094,176507.59685033342,26439.023441534297,71774.38699490641,2191.7425859724044,3987.6223417941856,2015.9629497580531,4082.979204400922,4882.252692890893,1685.1328840045774,3536.4507706909417,2670.592155809989,342.5284571792736,214.8025474747616,607.7099248599457
1918,12,1,1,9266.694618943999,20107.26766826446,4696.236802278143,8641.508183287142,288.6583625205473,1476.564758060614,229.54312193871132,882.4463709047277,2344.0349893933785,947.3933682705333,3781.5537540331543,811.8753475756739,282.58221229649354,143.4869444866094,460.04427926128443
1918,12,2,1,6632.652755133212,16262.587156418826,6454.284483819185,8641.508183287142,412.9135403580578,1609.557203491945,192.17701466388422,1495.5322033992368,1772.7629758547484,623.2379006508002,3720.646892286,1388.2618931035058,322.7346193729117,154.70290510693118,528.7015837492743
1918,12,3,1,7666.336090353568,25235.27785044442,5326.450296805477,8641.508183287142,388.05923341093956,1472.04019633654,192.17701466388422,1380.9827660874498,2443.109389781139,566.919679006821,3580.880809811516,520.4326917413748,362.8870264494576,161.41786388173995,525.9585187052026
1918,12,4,1,8279.27730875755,45087.73755934571,4462.398120344466,2620.0299754502157,336.4450408661272,1695.2271836778857,218.87238064205715,1667.8952344083916,3161.515442200324,1085.003180478763,3105.5121809148777,1557.3517735325795,372.1486224558068,186.08505938107365,532.8242491538499
1918,12,5,1,43278.243176502954,34823.754446260995,38822.46128351801,2620.0299754502157,5778.892164812487,1963.511441974239,5570.482401393851,5466.117470653121,12629.264225251261,7491.298778412505,4747.046375372183,2339.294466335135,393.76842532836474,228.6892649410525,574.0186318466816
1918,12,6,1,24277.957281161565,29293.62545321307,23267.837794981184,2620.0299754502157,4358.540902057031,2348.9892662390234,2239.374653380567,3156.883955165601,6827.812621384241,2666.9109078864776,4855.580271675087,1993.2743709904576,756.6460395867886,439.42629315758,771.7694180166197
1918,12,7,1,19095.047633362075,66613.70162635836,15732.41200221243,2620.0299754502157,2550.1222274414863,2418.860366962065,1222.433014053863,2006.0008316355143,4556.4892209724885,1654.45009607815,2238.634572605841,1973.7606496015514,506.48882550374276,304.9139443667145,615.2210823778868
1918,12,8,1,19791.825118816192,118363.6056232154,11380.336333248508,2620.0299754502157,1762.5375749203213,2587.9751330432687,691.3100100558296,1892.6061265544572,3643.0450239908905,1394.1803219273786,3730.565775558536,1641.9402711607352,412.3010295322249,230.9275845325932,508.1043924029531
1918,12,9,1,42147.79138410282,260116.45851628346,12595.848329374647,2620.0299754502157,1600.031790438599,3487.3986652803906,1174.4480011446572,2583.059018523947,5418.918656058746,2545.5323616809605,4196.015521183014,1766.8629339814265,353.6160182519467,206.26038903325951,494.3729315052793
1918,12,10,1,101253.4744981859,249499.46020949574,26443.702086630605,2620.0299754502157,5526.505224243439,3922.4983222244036,10342.695606549512,6888.593614906645,21562.291205267305,19805.70401161422,11378.844520980118,1978.9004244317587,474.06382729029497,208.49870862489354,677.0207242554129
1918,12,11,1,80928.75395849375,134039.60362318496,30743.37693051124,1877.5667594265337,5817.085522312754,3920.273127933873,4596.268157821367,5177.04950216766,19466.486581680667,8414.630006731642,14132.359307088673,2024.4614792821021,491.05283215974225,219.7207599107299,672.8980588508373
1918,12,12,1,70197.26583852923,114737.90070144764,87078.94254005283,1877.5667594265337,12750.202214750667,3446.825956049457,12184.342629782088,9657.410558318832,17538.657393601847,7677.815957918782,6880.426021352707,2145.4639748593477,474.06382729029497,210.75225488040732,611.0984169733111
1918,12,13,1,57047.68113304602,111430.70572888134,51464.160334841115,1877.5667594265337,10663.061993323776,3394.9789290798453,6269.819533979715,5612.306571093475,13860.30642159209,4474.063045964882,3653.2640654275883,1718.6884343023607,467.88942995277137,210.75225488040732,606.9838194069192
1918,12,14,1,38283.74216077016,80900.19997292894,31183.169569602607,1877.5667594265337,5847.67292210957,3523.520985930116,3880.936020932533,3738.253142383072,9462.61620029903,2987.2648421528766,4110.516386859982,1543.064941801481,444.72602774567275,199.53020359457096,486.13566853450146
1918,12,15,1,28907.904316504653,63918.31118122191,21268.18488064494,1877.5667594265337,3962.7857480020944,5099.255236206026,2797.274479397155,2684.521490551449,6770.498780657591,2271.451773475189,3806.2280008510666,1770.7831012248728,450.90042508332414,195.05356441139622,605.604219046605
1918,12,16,1,24044.954890025903,57824.15415312535,17756.3938710508,1877.5667594265337,2953.4833391999846,3593.3920866531566,2388.883513047035,2442.3356506433597,5943.764125616791,1802.1688546564405,4370.374733747571,1804.5836543452401,440.09522974243424,219.7207599107299,639.9409391289731
1918,12,17,1,19548.78913188972,50008.716274543716,15621.995977929624,1877.5667594265337,2372.3227430613556,3552.819377422371,2148.6622447171426,2446.7236331210984,6558.429793328367,1599.4204091474512,3143.302306440126,2648.98767855796,540.4668352426373,291.45357348933743,902.2263643821357
1918,12,18,1,15904.364171973202,44109.64659033319,14015.349251718357,30789.93191182135,1967.080587999844,9351.008140287702,1684.2147123601817,2715.0834035977573,5600.036614067456,1394.1803219273786,4673.02363491807,12530.596806228343,4779.2282562635255,3136.540494387564,4416.415399503344
1918,12,19,1,14247.70602255805,39073.208018552024,13424.904240512622,30789.93191182135,1666.9315044325585,13658.98428677689,931.5608987641226,2301.612282763003,5843.13439712229,1331.6045201006675,5520.145450924444,32516.480560990614,16523.10141180215,17606.591454247424,17694.38310259401
1918,12,20,1,0.0,44781.17173323769,12070.904349523185,30789.93191182135,1454.7825336495853,10485.115497033887,704.6539904975053,2049.6497099658777,5028.686834123358,1769.5639431244767,5867.224391215517,15477.691424934712,7839.790424349958,8732.491740042191,12209.866581919385
1918,12,21,1,0.0,41864.15144844842,27342.93767421916,30789.93191182135,13148.492688040125,6695.312927668763,18315.760945972594,5729.011508569782,16185.521940896258,11275.746588546745,5520.145450924444,8395.86574244922,3435.826225784166,3750.7841156488353,4629.244975577777
1918,12,22,1,18087.228678402193,37256.37418330201,30561.845500759253,30789.93191182135,12687.228156345527,5610.975749887685,17445.66233226201,4985.056023232192,16002.770888375717,9661.162759843899,9199.969170734088,7045.324569708803,2975.6642046944926,3459.3457688232843,3817.7011144206963
1918,12,23,1,18995.826519434497,43274.88509846183,21455.330684513818,30789.93191182135,5516.936438745468,4952.7632787453385,6032.264099700172,3310.6942883304723,8965.68887025386,3864.607483463855,7665.001490773509,5739.037729404367,2289.986085725665,2571.4789974861624,3195.5900980786632
1918,12,24,1,13646.805119102806,36576.886291667724,15462.922044641244,30789.93191182135,3320.5321367612296,4429.694274181841,4161.218850966148,2283.13656706742,6728.73822099648,2570.519968553744,6222.500755698675,4772.3244871996785,1683.1821278681775,1694.879957426516,2473.276529240773
1918,12,25,1,14817.391294665016,38401.68287564754,12953.296814763708,89694.80935668762,2488.947427847964,4366.572929473552,3400.4934842726016,1706.0783801789873,6357.092569934644,2038.6612479082844,5580.970338429189,4450.9578880744775,1491.6440397279175,1443.8379498971628,2026.9637108769725
1918,12,26,1,35395.18141707326,46018.052035979505,16692.469976058288,89694.80935668762,2420.084886059484,4993.335987976272,3630.0514164005135,2922.319347982029,7171.5401329335755,3323.9212321851564,5431.285372682544,4629.194825404443,1908.6041038366102,2100.67055005444,2040.6790360979
1918,12,27,1,64895.067885220546,64561.96670357089,53330.00399941103,89694.80935668762,9087.892688281445,4163.709383319179,5730.654597262447,4140.79279809806,11924.700592980313,4745.651992459772,9844.286712228957,3810.838134652797,1323.3540635143163,1336.2158895333853,1610.8246079990986
1918,12,28,1,69764.70637556023,149965.1010833653,46992.31135140111,89694.80935668762,7193.436728676109,4416.194762152633,4369.376059744097,3031.403052733818,7988.942819335428,3077.3910823264196,0.0,4063.2969051229034,1255.3980440365272,1217.387004547651,1499.5691169428428
1918,12,29,1,100946.89240458584,301257.32695508254,36726.42828018987,89694.80935668762,5983.435177892011,10843.371777811068,4059.769055154741,4104.765152491984,11879.596077890437,4780.677355939449,8875.351172729028,10723.83528119238,6726.422343460202,8786.241863568514,4520.732549565593
1918,12,30,1,198442.22785722994,396810.31171616726,77155.53628992115,89694.80935668762,13352.95391662814,5730.468683289808,8020.457944765444,9317.919282414648,31285.42486341532,16947.435020326036,14695.522349082275,5659.6761214336575,2946.2981685766413,3645.4156015405715,2986.875119570622
1918,12,31,1,393539.9237842824,648964.0215023592,103865.9211470645,89694.80935668762,16344.630613328502,4797.148024693344,8944.613748944776,10353.329182848089,27846.59441981523,10323.22755732771,11267.359551968515,4534.239663288272,1959.524057489655,2105.2385492209864,2243.907884517798
1919,1,1,1,11198.967370793627,74269.04080143811,24235.161451773205,7871.133478071465,111.86282335477671,1567.5909550090141,40.013336584757425,5561.78516756786,4764.289851689214,373.2991453155609,3025.788901865117,966.7411565888934,212.73509263590566,439.19038458456015,227.62812807010914
1919,1,2,1,9444.92208464665,67910.32497889409,22215.05511529559,7871.133478071465,110.5670617533832,1760.3665633425783,36.533455903218794,9296.558077390397,5861.3858525546475,373.2991453155609,4731.136670976255,788.4221322801412,156.5317833742528,1346.2488372679938,222.86269262732753
1919,1,3,1,7821.710151914979,58411.51821529696,14897.424367872723,7871.133478071465,181.24810017009838,1714.6187166461546,75.24249863901233,6044.176987718631,4440.299839242303,1769.1539574539609,3136.4473395441482,951.9097023036979,142.87226534671342,1446.6370794446445,242.45253014679676
1919,1,4,1,7035.280158708423,54023.7509624502,10829.69605809797,7871.133478071465,1389.359700052905,1518.6698472700134,1095.1129828521318,2825.828837126854,4092.991697165335,1117.2817262197557,1998.24626627432,1143.8197319939102,147.07581460384432,420.32262701585546,251.97711417822958
1919,1,5,1,6122.919232823365,41572.321373683255,9045.001281073704,7871.133478071465,2318.586184630427,1444.7152357510788,1702.7251951127228,2296.3565972299307,3735.652359700244,776.258570570458,1883.236092282096,922.8760069454239,104.53202336975859,327.50437769389083,206.98209905414248
1919,1,6,1,6801.904504880195,32224.249108668653,7952.019040754568,7871.133478071465,1191.5492853713126,1366.882194069065,468.4169849989738,2492.5250128388525,3741.5478868142823,697.6004423532717,1787.5867043363903,955.9546443814785,117.13460290849608,295.81014195131263,164.63384952556117
1919,1,7,1,6171.330637599931,28004.94982482524,7102.244456987761,7871.133478071465,834.9391510289205,1343.5234669504466,377.9541972868209,2088.1443533138754,3304.2229650704517,3527.3779849775665,1747.1777242850874,978.2467696101182,123.44396091057554,264.1159062087345,219.6878312835166
1919,1,8,1,5502.150207016707,24133.986567117572,6536.6452557037765,3329.7734736336433,3015.402662829412,1276.0916697967198,2229.0284872420284,1504.6573682818846,3835.876320639047,8585.973760462548,1685.1876845579018,1359.9994141506725,516.8751939748564,230.15721256037517,208.57267315311316
1919,1,9,1,6902.608397516748,22882.510225946982,5574.820884222923,3329.7734736336433,6550.83305345421,1276.884985057364,2786.991109444122,1869.62186243794,3760.378376402471,9830.397663052287,1658.2779681721647,5501.390888583608,1816.4012365883493,204.50425621262832,313.38710547793727
1919,1,10,1,10468.710948530193,23064.911635996574,5318.390435532716,3329.7734736336433,5974.012370363486,1227.8757311783365,5557.932084979468,1643.4351171847736,3773.6653106445538,7025.048980913474,1662.0080278691473,3433.346835618081,1080.4977284409572,185.6364986439236,320.7993065162623
1919,1,11,1,14478.482576230816,24249.254124856696,4979.795238007338,3329.7734736336433,6292.7835090054405,1189.3558679676228,4865.130700433955,1639.967954490268,3774.6332330065143,4812.999315766529,1564.8488538556824,4558.290171249148,1443.971613344357,164.50428316943768,264.1547506593361
1919,1,12,1,11696.358808055524,20358.024043809855,5342.848779371969,3329.7734736336433,2782.5791155142747,1174.1065857355009,1704.048008346954,1554.2925394871468,3787.040237828767,2356.47420935564,1577.5488190146716,2216.628258622428,607.7476993170756,162.23982526366223,315.5057753252131
1919,1,13,1,15307.808750885106,20369.42413193773,4258.732688694671,3329.7734736336433,1750.2430907403398,1168.4652327709641,1285.2453383867974,1387.2300422871695,3417.4698814255357,1642.1051992885414,1546.1985553704874,1694.381292580401,408.66405647597077,148.66125276729366,408.67066691719816
1919,1,14,1,13717.586024361939,28743.422200232486,4969.094712577665,3329.7734736336433,1239.5200340188378,1216.681171389405,916.3568211319612,1947.6330230638303,3047.195581486294,1154.7424262376333,1541.6691971669281,1505.2577785438687,330.9266340332592,178.09103060409632,343.5577185253744
1919,1,15,1,11053.937423994606,24657.123944549592,5972.3454039361095,3027.1528107919,974.9916815630767,1287.3743757257357,764.1627491552878,1713.6907823097963,3426.8851262196304,977.434674033223,1613.428440862415,1115.415249847753,276.8210652838164,227.89275465459968,468.4900841179352
1919,1,16,1,9148.529897596505,21254.830976551155,4970.394062094161,3027.1528107919,803.44111635662,1215.8878561287609,662.3943176678277,1625.4606158475656,3056.6988192223716,866.5285816110841,1579.769092643895,1194.4264517670138,262.1126770001581,178.84312492659146,853.3147132587592
1919,1,17,1,8836.715511978582,21757.7015306446,4586.627360790375,3027.1528107919,680.2472713385281,1303.416973218502,523.2167279160798,1560.314453640665,3062.330367510461,843.9587433958114,1653.038122407282,1241.7073302761469,260.01493648794803,162.23982526366223,607.7124691847481
1919,1,18,1,8227.487601656563,24413.92206448428,5814.3597891992185,3027.1528107919,675.3812729843451,1374.1101775548327,484.07027493745665,2252.6520990547433,3063.3862828144042,777.5477417929923,1766.6273212767185,1215.3702629697268,255.8113872307894,184.12413506064328,393.8525516946786
1919,1,19,1,8057.026347284917,21695.634384169687,5833.773599621697,3027.1528107919,1533.961180889853,1401.3473348365305,915.5631331914337,1755.6616991377305,3066.2020569584492,770.4573000689288,1788.2971918977137,1228.2241900168783,267.36509651340793,212.04972425245566,584.4259614273685
1919,1,20,1,7086.5513089147435,20689.893275982187,5105.83214110424,3027.1528107919,2093.275297663805,1321.8395164932012,2214.653916763249,1819.0742799973784,2689.1523004851915,764.6560295673996,1823.377515239021,1326.201675900808,286.80146918225654,172.81002047005018,440.43185406360595
1919,1,21,1,7816.807731178176,18190.740623018584,4207.905192903723,3027.1528107919,1754.447423595934,1268.863686310952,2083.695406573582,1577.4677848660165,3068.4018805084656,774.9693993479237,1712.09740094378,52.696606513278006,300.46098720982366,154.6943572238406,446.2597678571283
1919,1,22,1,9787.785134931653,17032.998339790563,3809.157755998467,2300.169352896958,1951.2239859360016,1268.863686310952,1923.7231927795906,1642.613947072917,2693.463954643242,740.8063619500573,1702.3281969753375,433.0604876071028,300.98542233788316,154.6943572238406,373.73461842697947
1919,1,23,1,19613.7682981052,16031.05726097882,4053.6647620671106,2300.169352896958,2485.2431820869165,1248.7663663749377,2336.4409218622363,1637.413203031159,1934.436836944648,720.1702805685443,1718.7582218313094,1135.0107470245391,304.1401013389229,135.83477459342024,352.56049366270764
1919,1,24,1,15911.41930411267,14455.31174638862,4195.370291686034,2300.169352896958,1378.9522531480698,1126.6839623777041,1479.610696271038,1418.069542043367,2317.822085242007,754.3426597868754,1684.388386051466,1262.0219282667429,300.98542233788316,116.20674776393031,341.9734312805341
1919,1,25,1,14055.648787675476,14352.71095323595,3923.882675069751,2300.169352896958,958.4500440984035,1188.5625527069785,1094.3192949116046,1502.0113756992357,2316.59018405395,754.3426597868754,1676.92826665736,1226.2466627788347,290.48058331135576,113.19019553565968,300.15327750025796
1919,1,26,1,11729.041612968014,15459.786178116929,3113.776467717123,2300.169352896958,774.2864803251414,1237.5718065860638,910.7128179992133,1715.424363657049,2313.598424025939,1631.8291967897924,1516.9797544102735,1653.8419842009023,332.4999394174098,104.14053885084208,307.031095936185
1919,1,27,1,11021.254619082116,14502.1787753593,3802.8903053896224,2300.169352896958,658.1986470679268,1170.0518632922528,756.3405135634991,1718.8002852279183,2318.174057009938,1375.2093889365058,1339.890729745751,1679.5498382952055,408.1396213479113,105.64472749583238,308.62167003515566
1919,1,28,1,11529.880770532636,21547.433238504924,3234.157378801306,2300.169352896958,581.6797890959665,1190.9424984889115,614.5525723628531,1405.2045436243777,2318.9659934879323,1994.1984121749977,972.2134167512819,1535.6397879280696,339.8581676756082,103.38026959005688,302.2719473475338
1919,1,29,1,10389.046611556156,21615.833767273372,3847.373918247479,4722.080838005512,526.237734193568,1376.490123336708,576.7112951087079,1518.3435368127307,2320.9898311539832,1510.5723673054374,1263.6909387918174,1317.392690931437,338.2767940587191,98.09925945601077,374.7908099235146
1919,1,30,1,9682.178821558298,25589.3978181337,4385.381050387698,4722.080838005512,487.97141285864757,1482.5299298412326,407.09136345965146,2042.7062737914357,2320.461873501938,1189.4939983240206,1416.1793316447975,1136.359061050466,277.3455004118481,91.30588573867863,325.56474195908146
1919,1,31,1,8974.187560141721,25342.395908692633,6075.146880385829,4722.080838005512,458.1482189796399,1366.882194069065,207.46120890314404,1654.5665342565103,2326.9733512100047,980.6108929873606,1443.7995355919988,1262.65114147886,252.13227310169017,90.55379141618347,294.3316505609413
1919,2,1,1,8315.731174920431,8168.7964819888175,8485.516665749532,1579.5726260312588,2026.0059719741835,855.3172555574812,543.7820643310073,1368.2518885910256,2210.382703059125,1266.377180655096,276.9658136001227,520.6289892108879,204.98958920623048,179.77506789142748,947.9947367000001
1919,2,2,1,11729.041612968014,8663.05363616352,8143.0998519990935,1579.5726260312588,1877.544775728816,913.5465956878725,302.09526768064813,1398.0877359882875,1846.971852595882,1138.3008222397348,126.87531626664469,564.0896446465393,586.1409720413425,169.01684910441432,930.0143338419679
1919,2,3,1,9541.744894200066,7242.602655406282,7012.818637325132,1579.5726260312588,1687.2470213957388,844.2989880487185,225.8924066335591,1303.9268964960784,2582.7688336062533,1066.4622229535546,583.3280500506846,595.6132265727333,378.80352710797996,157.49836105662163,838.5406060153026
1919,2,4,1,10809.837724804445,7620.958913612566,6972.30950534137,1579.5726260312588,1551.8123646538006,794.7255988731853,192.24885670942425,1264.9669367448548,1484.704910378712,1033.7658513668002,1449.8386798634585,628.8446729316258,312.55526808597875,152.1192516631179,786.7369278509105
1919,2,5,1,9687.694044887414,9592.920824476438,6377.436723774636,1579.5726260312588,1439.1913829152024,929.2366086203589,163.4115282029818,1368.2518885910256,2951.8992252994217,1033.7658513668002,1638.5619383449143,531.7031417437468,255.65809080872967,145.2032538714694,779.0040972511092
1919,2,6,1,8700.775470295515,19775.352872819483,5966.307250300901,1579.5726260312588,1467.1743196262587,890.7167454097029,178.50923658310123,1449.730211911421,2258.250863507445,1033.7658513668002,1615.3822816561596,466.9481134586602,254.10092189005613,142.89792127425514,759.9549291882436
1919,2,7,1,7879.722130634757,36662.68341986306,5598.897066439688,1102.775557713381,1383.8458208980142,878.1382912216654,3110.2866638921537,1383.5803973455847,2582.5048547803044,959.3115423536931,1497.7965902539802,494.2110230628241,336.71962514004554,149.04547486682839,706.705274570218
1919,2,8,1,7412.051619090259,23612.11586614353,5628.629240669352,1102.775557713381,1403.4200918978818,816.7621338907684,2681.1660507049687,1360.0401874725567,2594.5598878343303,773.9791663798406,1423.5506400937913,506.1480965724147,113.01980421146114,140.5925886770352,686.0843929708103
1919,2,9,1,7031.909744451694,38446.16387367577,5351.179902742287,1102.775557713381,1293.1425088001058,885.2516847253349,6236.976211888962,1467.7959543721688,2223.7576302431908,771.2606966278861,1415.0247893576295,813.7524584471744,303.97873668415247,132.90814668631717,669.2356238591034
1919,2,10,1,6652.482806170779,25533.66405395232,5207.334268037284,1102.775557713381,1205.6096772162666,968.6379332317437,2019.935808683244,1384.492808580981,2228.069284401241,771.2606966278861,1368.5766650348671,949.2130742518443,193.29871996705705,126.00032383295873,616.690096905447
1919,2,11,1,5806.508827764371,20233.889750860028,4870.344149326465,1102.775557713381,1135.8591059069263,888.3367996277701,1110.1930537224978,1466.8835431367727,1479.6013197426676,777.6131345361613,2443.1891015646374,1230.381492458308,327.3604751624993,135.21347928353143,601.9977187658734
1919,2,12,1,5199.119325218724,18245.20771074138,4941.961237380814,1102.775557713381,1077.2052163968167,865.5422078055996,807.4275606698283,1141.7914199672402,3336.5163747848364,901.1680518520628,1920.181445471754,3391.3693256109627,308.6583116729117,140.5925886770352,568.2058777302407
1919,2,13,1,5111.488554547169,15932.256497202512,4480.080700440558,1102.775557713381,1023.238124168351,904.9082739609851,646.7674839940041,1245.9887830488074,2595.087845486376,936.6109186520822,1719.0246546669289,7338.244029903526,258.77242864610463,143.66636547332467,590.2413015125549
1919,2,14,1,4807.844870157156,15747.321734236355,4267.90456763457,5617.879001253319,976.7147687989745,871.0513415600097,544.4699272128399,1340.1496225410165,2228.685234995269,881.176556081942,1891.5843211277506,3179.1446979301545,311.7726495102588,132.90814668631717,587.6699781667639
1919,2,15,1,4154.39303943829,13973.97469209233,4469.99163360683,5617.879001253319,942.253024080928,933.996500184167,490.22576585415504,1237.7770819302418,2600.8073867164485,881.176556081942,2970.8149268063344,2823.0100198822106,280.5969982057779,122.92654703666925,580.3269325240611
1919,2,16,1,4504.099052001805,16984.864634360692,4413.584578127408,5617.879001253319,921.7827477184096,1166.085286989089,480.613323018655,1806.483004948911,2978.297107899768,3720.006322725454,3094.6173843700576,2130.2462733614157,254.87547223303756,127.53721223109778,535.5142361702061
1919,2,17,1,5178.590438383185,17396.53448342995,4670.779350062593,5617.879001253319,1005.5247873832553,1288.87286010694,1637.5545964391542,2185.8635966242264,2223.493651417242,2407.3871308263206,2327.113196230499,1585.707182090749,261.1122161404703,126.00032383295873,581.7980563942538
1919,2,18,1,4466.207425056213,19326.949406448835,4656.868667003982,5617.879001253319,992.9807123058987,1346.344143432686,944.0477115020542,3309.589274130719,2599.839464354488,3142.3081458907504,2327.113196230499,1208.2691424331874,244.7417719125377,180.54351209049702,583.6338178049483
1919,2,19,1,3797.3333957692867,18048.872859646744,4608.104843974327,5617.879001253319,906.8952740002081,1258.1980033624693,890.5178692898037,2929.296271220104,2602.4792526144197,2842.4357093384383,2177.8219974034037,1434.965673992153,293.07048602067124,213.57843771231035,438.5520846739236
1919,2,20,1,4735.738431818999,20285.823485665653,4136.746698796289,5617.879001253319,876.2243212011323,1683.062398501013,756.6227137201337,2066.3377247881,2615.6781939145194,3777.2716821044933,2500.383350252644,1661.5723179495585,136.40154268983576,229.7157658928216,590.9768634476511
1919,2,21,1,4022.1298133079677,20531.55871864814,4096.849025408292,4232.431459098065,840.384106694363,1647.7157963328189,1963.672152453647,1782.0303838404868,2612.5104480025425,3195.8367770884415,3320.463617931678,1385.5274930415899,926.7172124307624,203.5968380626624,515.6792113390507
1919,2,22,1,3981.174173401944,18637.877412930648,3811.144996435514,4232.431459098065,807.7832961910888,1554.809764698794,1064.2473407199293,1654.3840520094311,2996.951611603844,2784.329586118667,2412.1940817011855,2419.0551377148427,799.7070926493992,190.533286678435,585.834216756107
1919,2,23,1,3979.948568217885,20459.358160503936,4034.0980869955997,4232.431459098065,781.2477527582039,1452.5602422173222,754.5591250746933,1698.7272380493955,2625.26942459258,2059.4043189392974,3049.679046115195,1596.8532447050688,1309.474173580979,165.18280304734535,516.414773274147
1919,2,24,1,4062.4726506216775,20242.756486070728,3958.124356444848,4232.431459098065,745.8900026774841,1262.1645796656333,598.0174069348442,1720.4426254516313,2617.350059812638,1771.3959943628033,2684.5772505306813,1318.2016793470732,1093.568265478529,164.41435884827013,522.2929819008251
1919,2,25,1,3188.6161542742425,26997.94204017915,3861.8196275774308,4232.431459098065,714.7365854523586,1231.4015767811359,698.2601938254737,2930.2086824555004,2622.365657506552,1589.791004749751,2942.1289915170773,1314.7859504812761,840.2257574659493,154.42458426033784,474.91524905534726
1919,2,26,1,4541.990678947113,22052.837145515543,3301.79998598192,4232.431459098065,695.644778878563,1247.1797358537067,595.9626370443095,2066.3377247881,3005.486926977962,1410.8017248637093,2889.552911977743,2437.0326580604897,402.96788416204674,148.2770306677589,486.6653794544979
1919,2,27,1,18058.271051801574,19562.551227762637,2934.3898021207065,4232.431459098065,689.5795118081738,1255.8180575805943,497.77462004421477,1928.746110491226,2629.1411140407154,1848.6528495118798,2879.517275173822,2145.527165655209,625.1105361719575,138.28725607982093,540.292245321286
1919,2,28,1,33039.25175356205,27732.614386210644,3460.167762341299,2870.4807792478305,684.4791735899063,1216.5048791092363,429.1206131871854,1859.0378921074412,2638.4683658928266,2120.312988295122,3225.3470956570704,1989.6620642582504,487.92637490640186,149.04547486682839,534.0493991541438
1919,3,1,1,7910.975062832229,26965.00845225412,3751.527783327155,708.4619379100974,515.2375452795699,663.2732601864332,853.7965739073484,2600.3720208619075,3356.930737329015,2559.378549602193,3760.6106621830986,1523.8645121016327,386.09720950427015,301.6960975186732,379.8202932404488
1919,3,2,1,8112.076446809318,26170.802312665488,5471.866543124352,708.4619379100974,784.7628507194254,785.5584003059068,677.0069945287136,2748.000158748043,3594.3356948469886,1973.8332435867085,4177.133995019779,1447.3701630307064,402.7823148090607,281.528524762172,350.19034964957757
1919,3,3,1,7910.975062832229,24896.52579523915,4588.079574955903,708.4619379100974,632.3316614825483,818.0314383077762,2046.9211986617506,2337.1413794518494,3439.3801239837194,1612.771883064967,3739.8289010137923,1438.2915152561234,424.2357456627342,249.73618976013628,298.77645644224646
1919,3,4,1,8087.360075594344,21473.966003901533,4471.290983123146,774.5054676641435,522.5847892534492,776.5851232467102,1343.0963704975068,1297.9049823424634,3409.9904813553617,1690.6826656459002,3571.8874037016426,1514.6959767253568,382.9183258050149,236.5500143015925,321.15765720259606
1919,3,5,1,7120.357585246239,20988.82892022949,3824.9028148450934,774.5054676641435,466.10198966056277,1030.1639390007956,829.5009041718326,2217.250543121565,3426.269175625602,2827.8624694312975,3330.2328219001206,1319.3702181694807,466.33578409614563,215.6058224077318,339.3015182684316
1919,3,6,1,8175.603648858212,19014.08032115649,3293.9274565585165,774.5054676641435,419.7164812700609,2675.8523741120193,1471.3210666697696,2097.268465667837,3258.290649346052,1774.1051222942097,3404.7452048959285,1343.4600954326452,1166.2630424592198,212.5075207965836,378.61321724440865
1919,3,7,1,6180.522676481507,20675.959834937144,3195.788351903442,774.5054676641435,389.4108229650263,2201.8905789543637,1757.8424132059704,2016.7025535828377,2947.499578199389,2225.8755594179147,2466.9904348696027,1324.3140362645906,826.1870324996438,190.78670976536338,397.3606163082643
1919,3,8,1,7348.728684572325,18569.476884162203,3636.955728904903,774.5054676641435,398.13653672762854,1528.2777765376563,1229.1580572550824,1884.2204422041823,3841.419875985154,3452.830257759896,3260.1609861627585,1111.5500829733583,604.5688156177926,192.33994804008248,448.16468466340734
1919,3,9,1,6675.1565020789885,14395.777952830875,3350.8695383094573,774.5054676641435,427.52551262316894,1303.769557778782,906.5680031985789,1623.7270345003128,3403.4790036474424,2541.0685815136208,2371.6962907046295,1650.2464801317194,571.2066732409777,193.11656717744202,509.8575843996963
1919,3,10,1,6356.090619120917,16305.926052511186,3894.6090947870007,774.5054676641435,445.43183517868425,1264.3682331673972,831.1764676018286,2770.4454751386925,3059.2506145404673,1956.457457543515,2741.416255437956,1834.7857264801805,577.5563724067777,186.91178901684992,564.8989924493535
1919,3,11,1,6384.994474715326,15787.855380913506,3522.307242158045,10399.332783271355,470.69229405701935,1155.1551656203528,1323.8714848265645,1006.1158692646983,3193.8798158015425,1682.4618636469513,2154.3759078791704,2097.527186332266,753.1291850456915,184.58193160477126,420.948893064654
1919,3,12,1,5864.010137657175,14733.98056729674,3415.2255555367074,10399.332783271355,478.494433061187,1374.903492815477,1212.402422954721,2262.8711048910836,3157.1867589872713,1577.0861289332008,3700.0415975787005,2178.1563650826656,794.4385366706723,201.6512027501185,731.2240057402721
1919,3,13,1,7012.402195269537,13690.239165349263,3559.0711902415296,10399.332783271355,483.09162980656134,1748.73127285334,1129.41793939344,2242.341852094863,3292.5199037843577,1428.644601929634,2349.227121577198,2289.527103624171,676.8601809615297,207.8478059724206,584.8534675092868
1919,3,14,1,7336.370498964696,13927.10766312165,3399.4804966900806,10399.332783271355,472.52565887600775,2875.5915275111556,2095.512538132782,2848.274153517407,2976.0972843497516,1375.4896435501112,2017.5182413757257,2192.2687185540512,616.4855953736724,217.9356798198162,624.1651664852639
1919,3,15,1,7745.2119616667105,13542.038019684502,3334.3601562178537,10399.332783271355,433.95607418757686,2020.9265533902064,1779.6247377964924,2141.1554460901034,2874.9933939908237,1477.222068286993,3080.851687869154,2048.4485557886082,588.6824653541989,204.7495043612667,678.603036536901
1919,3,16,1,9295.091850876166,13186.101934797229,2976.351148269997,10399.332783271355,386.6538833875808,1955.9628481584393,1089.2044170725608,2222.6337694104022,3312.934266328535,1377.2645894362222,1937.055525053711,1923.77445219122,556.1110097858427,188.46502729156904,722.170935769783
1919,3,17,1,10008.189800560222,12993.567113078352,2905.192654162562,10399.332783271355,352.21281571635524,1443.3048975099591,1304.558411606681,2640.6093563426857,2836.628471278434,1444.1520238821538,2854.0285339107313,1809.077872385877,562.4607089516425,169.8506928097927,616.9101368005743
1919,3,18,1,8971.123547181007,13007.500554124003,2913.447345208454,3434.799717225462,324.6640969887435,1264.3682331673972,1100.9333610828198,2378.382367291467,3264.0101905761244,1442.3770779960425,2767.437862372145,1699.3251106755106,584.7128948464853,143.47834189269943,964.6549001873445
1919,3,19,1,8560.54581046796,13587.638372196594,2984.6058393158883,3434.799717225462,357.7266948712463,1250.5292891763374,820.2853053066252,2427.561332879031,3281.0808213243595,1442.3770779960425,2561.3076586377742,2228.0439840419594,611.7172698247894,131.06878557151524,892.7332887552159
1919,3,20,1,9257.200223930575,14034.775162108659,4569.353655453975,3434.799717225462,675.0366555371701,1106.1459117413256,951.0145278690337,2239.6046183886747,2764.8262306058805,1503.7528383745148,2612.4627630544624,2379.3248177508467,608.5383861255062,132.62202384623436,890.2814156382028
1919,3,21,1,9215.12111260583,12899.83305513699,5127.386056612618,3434.799717225462,683.307474269484,1224.9669085560126,1035.586387311369,2483.127177114272,2918.9898649911556,1293.001368947097,2466.1023254179136,1656.8981626596608,583.1234529968576,152.7895966027355,773.5345341439585
1919,3,22,1,18421.86725645307,12964.433554529076,10767.021552009885,3434.799717225462,1508.5284132879192,1386.6269294447993,825.3119955967279,2448.181826798888,3742.7797880023386,1213.222222275573,2182.9730322231735,5485.301007874179,594.2414777115681,164.42253378656014,1179.4138378202763
1919,3,23,1,24993.15371916946,22810.309667802783,19367.951027751253,3434.799717225462,4471.824918103661,1151.717466157638,661.9269236584054,2253.017063548902,3055.9948756863605,1264.6022347689013,2996.925344685635,5974.109786073247,528.2998115336308,166.74421626035448,981.6294063819598
1919,3,24,1,37844.645413351085,26488.738103792173,12397.323033548688,3434.799717225462,2302.458088102377,1102.7082122786103,552.159881481217,2627.1969111824587,3103.3350784827826,1287.489694879638,2986.5344641009824,3638.8298931692552,500.49668151415744,177.60053430681958,1000.9929171521715
1919,3,25,1,28315.565106054382,19712.019049885985,7401.9356013437555,3009.2541942038333,1279.3578109129007,1046.7354133340107,2970.244836160691,2629.0217336531546,3103.3350784827826,1197.71480032297,2854.9166433624205,2762.605551520714,495.7283559652745,184.58193160477126,919.8924986666453
1919,3,26,1,22579.732843913145,18084.339800489553,5434.414704120496,3009.2541942038333,956.1066454575815,983.1820463433634,1762.0754155555458,2535.864546519881,3130.260918735027,1377.2645894362222,2307.6635992387273,2874.8751660795483,525.9196828755446,191.56332890272293,879.4051579653552
1919,3,27,1,18488.254203931436,16602.328343841316,4824.026160680772,3009.2541942038333,835.7662329021451,976.2185012777912,1218.310988734292,2242.341852094863,2751.0113387117526,1511.0394583280852,2276.4909574847684,2530.695539061427,556.1110097858427,185.3585507421308,940.5133802660529
1919,3,28,1,15962.486186788314,14498.378745983542,8980.033805250509,3009.2541942038333,1774.8487764690267,967.2275949906237,1635.5262828133364,2450.8278193815368,2821.141713486335,1490.9545443534014,2400.2934150486326,2972.9425395653043,580.7352561060329,176.83209010774436,789.8803549239944
1919,3,29,1,14499.930666954684,15297.651591406515,9158.121121330429,3009.2541942038333,1521.8306467490972,870.5400939475893,2117.2948627232463,2218.9841244688178,3225.645267863882,1374.5554615048156,2209.7939376637983,2363.594487448322,506.0556938714989,166.74421626035448,789.8803549239944
1919,3,30,1,12234.603751458106,14352.71095323595,7960.426596449312,3009.2541942038333,1380.813187362842,898.914336436226,1390.8940220280108,1783.9464474348188,3352.883061996913,1412.1095797271728,2296.384609202385,2223.1001659468498,453.62831753183525,176.05547097038482,805.0316734162511
1919,3,31,1,12856.598382448823,12877.03287888064,7112.104226847851,3009.2541942038333,1073.6211949461238,871.2364484541639,1819.8382601173719,2124.184597111831,3632.6126246173953,1339.710471213782,2043.5398483097733,2060.1339440132188,425.81711927962334,162.09267637448147,828.6073764643426
1919,4,1,1,14347.75135658085,40553.9135009093,11631.471142080281,7276.773249697114,2139.0404946493823,2795.2022477670976,5127.841408753816,5225.105421708893,6074.152786312524,3754.944731220967,4739.396088876797,3770.5152297013565,1280.5092180470754,474.2363450252206,2030.025203796206
1919,4,2,1,13890.192087806254,39793.90762570489,9401.940236478522,14423.761816997872,1372.059904204456,2474.438444051568,2629.9290847654165,4035.5948941307233,6102.662499520757,4210.451896525937,4101.200636901323,4107.1442981742075,1347.31418512809,482.3540587452079,2131.9351095055395
1919,4,3,1,36034.83509132206,48710.04321831226,22889.952540611415,14423.761816997872,4043.6722017266043,4420.440778382084,9630.080345261504,9779.223620911882,6702.246406313918,12635.746345191015,4636.641825317718,4490.3351443425145,1431.7885819080782,490.46359752689943,2062.3396341075154
1919,4,4,1,36408.6446725088,44649.078491802895,38515.01263770371,14423.761816997872,9150.282457536749,9747.200168966332,25442.989747357133,19211.730972375437,6199.806707489567,15101.986944873444,5619.0685007632865,4710.4698809753645,1433.4022284559494,477.1874977471881,2074.9133423998132
1919,4,5,1,29563.639718649913,38133.29478838343,28309.004347507773,14423.761816997872,6898.552057659342,6959.137758544859,15434.584817103232,11724.484374763682,6193.031250955551,10968.231394269373,5796.956823934384,5024.627049016058,1451.071658154895,471.28519230325315,2164.2495398168116
1919,4,6,1,24169.955570436312,37335.28861941843,17110.904485330153,14423.761816997872,3352.093908724761,4436.65966815502,6884.36100872567,6726.295627296273,6261.753738658111,5985.491200865525,5870.669908423617,5314.6943397937175,1569.271267784987,475.71600885534656,2219.57385630305
1919,4,7,1,20566.676328834925,34696.80155600076,13883.931745031521,14423.761816997872,2339.6078489084434,3716.064973080822,4177.885131472191,5548.463963531077,10467.64038041045,4687.164994260011,7713.941075380255,7802.0640548221,1791.3090327692694,530.2918968660449,1977.4042345928347
1919,4,8,1,20273.552422275887,37094.62009227089,13534.636022076469,14423.761816997872,2217.0618846910365,3579.3503098318847,3486.671122807731,5598.920304848195,10377.007650149708,4053.602731114295,10670.635061904812,10190.557407949356,3587.4590051821237,1122.5007763254105,1711.6589098344903
1919,4,9,1,17426.063044275612,37425.22264798464,11617.713323670701,10875.57791187063,1843.3587249685186,3265.814489602122,2561.8482969766196,5136.692772999583,7888.919222136151,3594.6390922415826,7176.101991444271,6539.952238953531,2100.160982027933,769.9892624085202,1559.3284338729438
1919,4,10,1,17084.936268001646,35907.74425049299,12074.77862416782,10875.57791187063,2322.445900038846,3350.5229302095668,2738.4879575220316,4948.371094014972,7399.062514017871,3324.6604811400553,5544.556117767618,5664.986323729223,1743.8678242624565,655.6709253891148,1514.4402952693365
1919,4,11,1,17911.19842969522,48071.63828314051,12791.713827957543,10875.57791187063,2403.0174591896675,3381.4622253742323,3102.8789097804115,5285.324563244559,6472.760813575886,3274.027814282897,5349.349660288859,5288.177497283778,1644.1444676052733,581.1808877088494,1382.9193065315978
1919,4,12,1,24081.099194580416,72439.9599951127,13643.934246108312,10875.57791187063,2171.158840726607,3974.2450173465754,2841.402827145841,5119.265718403613,6599.20667123107,3171.174371091594,5359.562918983146,4897.705755375547,1576.532677250323,527.3407441440717,1358.2748382786353
1919,4,13,1,20992.574130350695,54867.35748392669,13157.82466230208,10875.57791187063,1909.3874278482915,3110.324698518206,2396.3202675988214,5099.8313590897715,8148.586393980388,3037.0258293815627,5339.9357001011485,5039.098952894347,1601.463516414605,525.1253358680251,1364.3102182589487
1919,4,14,1,19058.160614592845,43471.0693852363,12376.68630593414,10875.57791187063,1762.856089307145,3455.5931291732786,2173.8230815997817,5561.055238579544,7183.831777884029,3695.904425955817,5936.56762973801,4526.559847839021,1500.9333364834865,491.19934197282015,1319.9250279870498
1919,4,15,1,21802.494889588168,44982.214400434415,13642.405599618358,10875.57791187063,1727.705109694726,3769.8341185236577,2069.4972111927423,5485.325106042144,7181.27998256608,3560.074356564237,5173.681610747124,4175.45887548788,1301.4866231691205,483.089803191123,1480.4284143385764
1919,4,16,1,33467.19223038486,45568.68560080054,17097.146666920395,8869.671277505457,2499.854961847369,4116.689179700076,3777.337284144566,7212.793298006326,6675.408559003656,4630.646980517308,4817.727342514701,4536.986809639531,1579.7599703460096,467.5982951353649,1816.3350313681074
1919,4,17,1,25932.78436040351,37583.55720531869,15983.52769898707,8869.671277505457,2540.519820614679,4040.9716453797423,4022.145920027774,6851.5696899153945,7560.6175555313375,4476.226688423551,5127.411108314727,5288.986485699282,1523.4437058260173,463.1756535215559,2100.1236275259384
1919,4,18,1,22006.762420291307,34511.866793034,12787.127888487503,8869.671277505457,1842.5316430952714,3499.489906928275,2419.954530717221,5505.671876591286,14122.867191122039,3613.2293149437605,9163.513322408235,8758.19847440723,2214.4071576157608,587.08319315279,2534.042300694157
1919,4,19,1,21141.689427763813,33573.259537156366,11302.8121467396,8869.671277505457,1570.0081658649228,3253.6503222723777,1888.712735846754,5113.426286497077,11306.21311767772,3307.845204323989,10803.851479656527,8039.097660579882,2328.653333203616,663.7886391091021,2492.4233262465414
1919,4,20,1,20108.09572240638,31697.31170186027,10977.974767623802,8869.671277505457,1403.7647093450566,3175.4646960300843,1585.5239425590748,4908.498723028449,8914.56495409711,3392.201843017677,7608.078428740262,6331.862440952329,1879.8175459188794,565.6893796530857,2588.2978519755616
1919,4,21,1,19891.572139861233,30577.569712392236,10929.058079945295,8869.671277505457,1339.4590937011817,3212.926805559958,1342.1263074590972,5018.261794645932,7989.407161901051,3732.991453155609,6839.774942093987,6282.783810408539,1767.185016878895,523.6538469761836,2452.4389338769597
1919,4,22,1,20497.225368395844,30067.099099546667,11436.568714610876,8869.671277505457,1313.7506321414987,3290.2309704015233,1111.2513043098484,5003.663214879691,7967.672905226834,3668.906564845647,7365.002871816093,6602.603897358284,2060.7880062603645,527.3407441440717,2366.9377174891165
1919,4,23,1,20102.9890341389,27484.345800310384,10897.720826901073,11757.10449096675,1263.6432553214747,3154.30962241323,1107.1064895092718,4651.198754648465,7497.878587884799,3440.3122183523883,7677.883831642146,6890.24422288917,2041.4242476861625,538.4014356477421,2320.917945139221
1919,4,24,1,20181.632033459555,27101.8095097904,10536.195932026396,11757.10449096675,1205.8164476845673,3078.5920880928957,1015.303251053076,4539.51961943665,7962.657307532772,3147.5395653446044,8069.8953436125375,7018.783493360819,2080.071082507181,522.1741831460577,2246.4187235071713
1919,4,25,1,19527.97593520973,26227.802753305456,10753.263733600306,11757.10449096675,1163.359578191933,3010.9839986590578,933.2006429812637,4589.063549518372,7944.178789712663,3315.4120788912483,7022.370245358869,6444.31183071455,1778.399860386468,503.00395286069573,2271.629008633296
1919,4,26,1,19799.651751044905,26123.935283694198,10883.198685246516,11757.10449096675,1129.9316858154343,3052.500830632122,887.3431175276365,4813.334231177304,7150.306466981735,3663.861981800919,6347.407062084104,6599.367943696006,1915.1564053168265,481.6101393609971,2275.463989662451
1919,4,27,1,19677.091232623134,26975.141863923407,11906.627510272596,11757.10449096675,1163.359578191933,3320.3769503055446,849.7664029203721,5948.465049126152,7595.02279585361,4135.437078285619,6528.492579281087,7168.985675848992,2001.244448644658,508.89808336634627,2246.984540380334
1919,4,28,1,21695.254435969116,27225.943802740836,12725.217705644394,11757.10449096675,1243.035131980059,3580.936940353173,781.6238838472356,6697.1897088873275,7676.240281320404,5057.474757030477,6835.778449561525,7050.064378762216,1961.7907905497038,509.64200275055134,2540.0776806744702
1919,4,29,1,23185.38607244776,28558.487437265725,14217.176679842063,11757.10449096675,1360.0672170425746,3817.8737648619876,709.3012749539575,6701.021836075992,7105.870031271341,6242.7649361505855,6586.486126475671,6904.71612676746,1751.855374674315,465.3828868593125,2368.0693512354414
1919,4,30,1,24066.80046743136,28331.752351163228,14215.648033352107,11861.973037495969,1405.0053321549049,3667.232011481906,632.8073949953284,7012.701514085296,7110.973621907386,6721.906907202544,6539.4163255366975,6958.468912601015,1973.8931396585974,459.4887563536677,2228.312583566231
1919,5,1,1,24044.331039053824,24108.653037944052,21785.505451617628,15150.745274892812,951.1441542181886,6574.027272578038,5667.19645812767,10721.744427069854,7103.934186547421,9013.922555430137,14636.043763644888,11810.331991095181,2990.329100149887,347.4348772400379,3002.7272772906604
1919,5,2,1,22264.139508976856,22530.374170436073,20984.494690880474,15150.745274892812,959.2771259716508,6574.027272578038,6512.121364610726,9550.208400828891,7819.404797955597,8870.525611471381,15162.692668489643,13403.140293722603,3079.1603426090655,322.97546188233986,3212.3938630652037
1919,5,3,1,20388.96357712313,21770.368295231663,19886.926511091482,15150.745274892812,986.2262103411593,6574.027272578038,9462.524002257887,9202.57972014517,7857.857713609969,8220.801998941373,14393.58988333693,15223.364228722801,2903.272868893322,319.37848903561917,3498.2571210912847
1919,5,4,1,19368.647261261372,20641.75957055292,18394.203213648834,15150.745274892812,1040.8136139745493,6574.027272578038,7798.954078878636,8470.643427115187,7124.524534975564,7721.108022892083,13149.348541536743,17395.048686481176,2702.7772853228366,354.6288229334792,3822.658795033314
1919,5,5,1,18574.04656682662,20441.62469008253,17065.045090631374,15150.745274892812,1131.1723086252825,6574.027272578038,11126.623050930844,7843.4519439080095,10235.33901352852,7316.980870080441,12273.672622182714,18290.32919969608,2406.511779137433,381.24642199921084,4028.8047424860483
1919,5,6,1,17954.09461114295,20492.291748428972,16319.065603532541,15150.745274892812,1158.8106278891637,6574.027272578038,9541.010920822771,7796.645247532475,9398.526135101205,7607.044395156735,12154.665955657889,17288.981316441554,2409.9811192153034,393.4761296780598,4012.0817104572498
1919,5,7,1,17466.916550416296,19712.019049885985,16435.24273676917,13438.943661996964,1165.4962063644546,6574.027272578038,7928.854338480953,7724.83848330728,7893.58284806228,8062.2713058480995,12845.615109063063,13970.331060628812,2529.552328411055,386.2821839846186,3566.783831284438
1919,5,8,1,17197.283409888172,18762.01170588047,16207.47440976559,13438.943661996964,1072.5184191151502,6574.027272578038,6966.992742091129,8720.279141117939,7907.3097470142775,8820.546872045996,13874.04585410555,11782.46683455945,2781.039142893636,387.72097312330567,3134.6883458186153
1919,5,9,1,17278.990422169543,17639.736363495264,16816.64003601342,13438.943661996964,955.2106400949084,6574.027272578038,5979.204006310206,10622.291602412346,14843.529386108392,8862.865318699643,14934.44853940843,11431.905187818596,2917.311593859627,384.12400027658504,2846.3103461341047
1919,5,10,1,16846.964594732628,17241.999955471656,15849.771131115795,13438.943661996964,868.2291964265448,6574.027272578038,5914.209782734577,10792.000092194972,11781.375004481897,9288.758913167518,14278.135654618862,12377.522758001393,3054.4715504269675,345.9960881013508,2768.1647490973
1919,5,11,1,16821.431153394664,17676.469980796657,15371.30477975933,13438.943661996964,824.4627806346366,6574.027272578038,5667.19645812767,11151.490118938651,8703.821858005285,9641.69288989479,15557.901374486059,14262.465766246212,3110.7878149469593,321.53667274365273,2884.408682259836
1919,5,12,1,17236.09424072181,17910.805125651266,16458.93675736363,13438.943661996964,839.2813308633894,6574.027272578038,10294.13258884963,12012.806325146941,8794.454588266028,9765.00491987886,14961.97993241052,15799.543755801902,3212.770276771123,285.57511921473633,3199.6944176899597
1919,5,13,1,16100.366770013092,17144.46586815333,16079.83242785431,13438.943661996964,876.3621681800068,6574.027272578038,11022.561743170683,12173.390702575702,8378.33596554437,10179.781748007335,14933.560429956882,14322.69045940419,3330.5664747642613,274.7842006745744,3136.260059355157
1919,5,14,1,15829.712291831584,17486.468511995554,16124.927499307929,13695.201388478356,978.0932385876972,6574.027272578038,8773.77924496401,12232.697432875972,8492.286825435465,10551.586202050306,16337.6614730589,12676.848471757023,3596.9795198144407,291.3302757694848,2908.2987280152734
1919,5,15,1,15042.260960971362,17689.13674538372,15683.148663710524,13695.201388478356,963.9639232532946,6574.027272578038,7421.952307120471,12573.939234911919,9378.287758440993,10739.356793162508,17355.434904681257,11527.186045650675,3705.174520847821,299.2436160322725,2708.251029084344
1919,5,16,1,17007.31460633437,18644.210795223575,16535.369081861292,13695.201388478356,830.5280477050031,6574.027272578038,6460.0907107306475,13019.195917782356,19596.908112989506,11259.696192413694,16376.738288932671,10122.242830635683,3537.1939152165505,342.39911525463015,2456.399651989023
1919,5,17,1,17354.569408529485,18365.54197431545,16980.969533683765,13695.201388478356,1139.9255917836688,6574.027272578038,6343.15402082388,13408.795515293916,17293.252891409556,11351.246032856472,16013.501523196648,9272.804994302294,3681.3732342670437,371.17489802838963,2416.2895225364955
1919,5,18,1,17516.962095438557,17192.5995735832,16588.871709009836,13695.201388478356,986.2262103411593,6574.027272578038,6083.177126521423,14647.849972953807,17686.581342153055,11212.05290810163,17500.196745304795,9194.602780798536,3393.014596166085,363.98095233495405,2290.3638339888535
1919,5,19,1,16738.702803459913,19932.420753695555,18044.143167448627,13695.201388478356,839.9016422683135,6574.027272578038,4991.327082980342,14584.893597711858,17686.581342153055,11444.664237389843,17816.363710101985,9663.816061820817,3562.6895306726124,324.414251021027,2262.9531499115697
1919,5,20,1,16841.857906464866,20878.628068324706,16713.456397941394,13695.201388478356,825.7723269339107,6574.027272578038,4835.323308889046,13538.357910719398,17686.581342153055,10732.817518845191,19234.674504430892,11320.444561675398,3362.2746294295125,347.4348772400379,2423.8966160533505
1919,5,21,1,14860.46285864547,18902.61279279312,15686.205956690432,8443.889208890285,887.8034674264127,6574.027272578038,4367.4001741642105,13630.511445493736,17686.581342153055,12272.349529556035,15847.42505573299,13354.600988789236,3278.6877382508446,366.85853061232825,2663.5514961051367
1919,5,22,1,16388.38398830437,19727.21916739022,15360.604254329655,8443.889208890285,887.8034674264127,6574.027272578038,4198.432830377365,14485.44077305435,22979.356803498744,9924.750049631035,19115.667837906065,15517.296686374722,3101.105935659845,338.08274783856314,2911.316418005449
1919,5,23,1,14372.26346026543,18404.80894453462,12900.247728744407,8443.889208890285,858.1663669688844,6574.027272578038,3899.477039439318,10969.007871860671,23930.56050652707,6653.151108665938,12714.174910214726,17901.115884212082,2382.791174884013,302.8405888789931,3278.405831599927
1919,5,24,1,13421.398104842752,14679.513479573941,11594.783626321401,8443.889208890285,839.2813308633894,6574.027272578038,3873.4617124992783,9316.631124569016,23148.303252140253,6972.547949965724,11198.172076201256,19164.935564513482,2377.4661412761166,275.5035952439151,3635.3105414776282
1919,5,25,1,12711.56843564952,14609.846274346912,11780.514174851089,8443.889208890285,844.6573630394058,6574.027272578038,4354.436604468661,9341.26622792452,22952.95892089854,7554.9170370270695,12005.463567776047,18143.81240887878,2611.3642083870814,246.00841790080926,3604.379219078498
1919,5,26,1,11608.523769853293,13439.43722653183,11490.07134175942,8443.889208890285,763.1208750365074,6574.027272578038,3782.45216198361,9099.477250546175,22196.219619691947,7680.938194942715,14628.050778579825,17057.970179999596,2770.4697580052,251.76357445556343,3475.938788872389
1919,5,27,1,11245.948902855456,13710.505988688441,10847.275492732615,8443.889208890285,718.5963008607779,6574.027272578038,3756.4368350435707,9032.323783621401,22331.72875037315,6506.484527548483,14667.127594453592,16246.285136392158,2619.2710764715544,243.130839623435,3307.8283090039695
1919,5,28,1,10773.069569277857,13046.767524343168,9815.43911201179,5410.901606787603,742.8573691422895,6574.027272578038,7499.998287940591,7821.5540742586945,21583.788743366767,4886.706279143385,12320.742423121548,16780.217490658797,2014.3149856822574,242.41144505408863,3271.8046347464506
1919,5,29,1,9827.106634591983,12846.632643872174,9032.007785908922,5410.901606787603,704.4669855263751,6574.027272578038,8630.827228117203,6910.420214598062,20766.334312179682,4495.564256761982,11113.801678291891,17397.74531453303,1888.6119196046736,232.33992108327314,3366.7361323535456
1919,5,30,1,9559.924704432542,10749.016428307932,9160.414091065359,5410.901606787603,651.1822358433191,6574.027272578038,5693.211785067651,6529.671006069749,18982.71737782422,5213.6699950104285,10526.761330733107,17906.50914031579,1993.2568982327991,247.44720703949636,3438.846349410037
1919,5,31,1,9643.776525786016,9561.253913009385,8753.794124736878,5410.901606787603,622.8753587319314,6574.027272578038,5043.26954931148,6894.817982472884,16487.237542682622,6223.987877039365,11454.835707736103,18532.12684834545,2252.6505807998255,271.9066223971945,3463.742291828816
1919,6,1,1,6504.695247707343,21662.70079624405,6120.394816488483,3048.757308347573,586.2769858413407,1584.4268677624248,3395.926134938886,4563.789758298091,6467.569229997858,8061.804214825453,8042.186328720222,7951.726911699981,2006.2467529430137,263.7807337389229,1847.7693020989464
1919,6,2,1,6636.549938776029,21596.833620392776,6317.284484394937,3048.757308347573,564.3110697580687,1549.6091424346794,3478.734243402285,5178.2987253333595,5352.17069719628,5230.85894464458,9577.372326889847,9126.288203484997,2145.4237676951507,261.2792026227934,1797.1601262223337
1919,6,3,1,6285.822588558847,22536.707552729,6405.793116163378,3048.757308347573,525.8655473506091,1597.2962042126715,3478.734243402285,5590.526121482647,6270.37704697421,6694.348536865164,10410.41899256335,10201.34392015677,2341.6431879138026,270.05091140581817,1706.1893467273392
1919,6,4,1,6348.736988015428,19919.753989108493,5586.362165222178,6371.670959764744,486.048447503367,1670.104915910682,3478.734243402285,5972.735187987594,5461.897895871161,6580.191490925337,11360.696105858298,11511.90515335688,2640.893940212765,284.46332760756513,1710.527276088165
1919,6,5,1,8167.2286800993425,19503.017434204892,5958.281856228647,6371.670959764744,458.5893293120248,2111.1000546820187,2540.0659723860977,6314.0682311469845,7886.367426818202,6451.648041487329,11713.27555817419,13882.241210934972,2602.6505170287,267.5412053514043,1750.323062833384
1919,6,6,1,9830.374915083372,18835.47894048326,5999.173149834898,6371.670959764744,433.1841311058749,1867.111538967663,4182.823634213351,6100.381519818649,6803.966247266726,5374.816397830546,12126.246453204252,15264.712525517934,2540.686489591215,236.8443120799597,1753.592226989414
1919,6,7,1,9896.966130092413,18221.140858026443,7629.168902075819,6371.670959764744,397.48865592692044,1875.3972761342702,4955.875688302743,5591.4385327180435,6682.623980247734,4475.572760991778,11778.107548146667,15410.330440317903,2418.936857555868,231.83307490941635,1859.2113766449565
1919,6,8,1,9760.719687113617,17356.000836752195,7692.913460706943,6371.670959764744,383.069861936888,1952.7014409758356,5300.953567341297,7222.921062719127,7373.2805820117,4080.694010429027,10702.607002165207,14903.364366569669,2247.0028178823604,225.56289724252102,1944.7125930327622
1919,6,9,1,9452.479983282816,17805.67097958143,7082.219187969157,6371.670959764744,537.5342941121363,2058.8293936203872,4624.555066900265,5242.988681922465,8599.374235850266,3726.639015247334,9965.47615727289,13592.803133369558,2093.9484428186884,209.89971548271214,2213.224133615428
1919,6,10,1,9425.92520429147,18735.41150024837,7198.702050503851,6371.670959764744,531.3587494586566,2092.9419498275724,5784.133148034437,4569.081743463294,10823.131866093605,4275.3775486767145,9016.97526288132,12358.646361638415,1918.5450630673113,197.3675350872059,2440.3053053748413
1919,6,11,1,9660.83286459977,18801.27867609904,7721.19342077108,6915.17388549899,451.72454976419493,2008.7623860605197,6874.660378341229,4363.424251006348,11491.878225299388,4915.66592254879,8536.419238578737,9967.636155662825,1856.661717957239,182.95511888545892,2480.038223578606
1919,6,12,1,10251.166028331661,19932.420753695555,7118.295245132271,6915.17388549899,413.27902735673536,2459.6298925197525,7150.775594101402,3843.8060524517023,12868.087838191275,5379.393889852709,8546.721308218137,7773.300022269038,1763.3929474914567,181.70435332739703,2597.162316321651
1919,6,13,1,9708.325065488292,19696.818932381753,8816.468630825144,6915.17388549899,380.32670705734574,3324.2553804686822,6957.468486804627,3643.440545159958,12700.021318969742,5938.128171167066,7434.7194637727225,7269.749677386469,1592.1850487644717,176.69311615684796,2823.677671207901
1919,6,14,1,9543.072633149462,18625.210648343585,8861.563702278767,6915.17388549899,361.7862883990257,3819.0196646828545,7868.622242548604,3314.4250536783184,12872.487485291309,6251.452829172182,6543.679250904779,7580.581004163322,1349.3312433129147,169.17217293189077,3058.93175335737
1919,6,15,1,9139.33785871493,23234.646281458496,8992.262977170134,6915.17388549899,349.43519909208874,3655.420428712499,7841.019539727451,3314.4250536783184,13304.532830514981,6470.611937007591,5837.188182095323,8242.962741299916,1370.227966107575,167.29193712565004,3509.887801261657
1919,6,16,1,8638.167472135232,18702.47791232273,8788.188670760828,6915.17388549899,325.40157832569855,3712.186542917743,8020.481201839266,5211.966699919189,12570.671694228678,6470.611937007591,6653.804822912711,8488.08623121326,1462.0444546802844,162.28069995510668,3171.152099866388
1919,6,17,1,8290.504134878482,16465.527286304427,8406.791371516758,6915.17388549899,377.5766598288406,3715.976826940795,7854.776797363528,5211.966699919189,11911.604558642937,4376.8297187999915,7643.780428697641,7221.839585665218,1569.271267784987,158.52022834262524,2874.3497156260055
1919,6,18,1,8296.019358207597,17605.53609911104,7754.823643550231,6014.329416252829,416.0221822363002,4165.345849018824,1145.8208234979797,5211.966699919189,11767.29613376167,3598.002147604846,8877.80851180354,7025.614951092147,1610.9840310469217,154.7597567301438,2971.79595489153
1919,6,19,1,8345.96276946452,15652.320999835805,7438.470252453603,6014.329416252829,340.5096072101037,4134.318407714074,717.8378296922382,26393.319806131505,11710.980650881218,3598.002147604846,9472.57541159191,6887.997032845914,1578.3076884529366,153.5089911720819,2984.872611515536
1919,6,20,1,8373.130351047896,15093.71668156037,7253.198297870831,6014.329416252829,293.1384929206817,4194.169636821811,717.8378296922382,2276.101067804232,10743.938218292858,3751.0211666305763,9735.455809288442,6700.581383242213,1430.0942530328498,141.60628102474877,3053.5250587916726
1919,6,21,1,7755.425338201952,13654.772224506454,7563.819264630134,6014.329416252829,264.30779728955713,4156.2667965915725,220.874535098362,2286.776279258367,10845.13010159377,4346.095129508474,9369.554715197351,6700.581383242213,1382.0075859068997,137.84580941226733,3110.1067461071443
1919,6,22,1,7569.848286558262,14169.04286672838,7986.413586778698,6014.329416252829,251.94981563365718,4586.68439855451,483.1619431832713,2805.4820665776156,10906.725160994236,4242.774595294523,9076.478596143803,6759.1880995691845,1409.197530238162,137.84580941226733,3245.7141900398924
1919,6,23,1,6753.084565042276,13483.770902585342,7886.2872416863975,6014.329416252829,243.02422375167214,5005.731148448406,13.804878912520525,3264.7898824730564,9299.094110640395,4161.3139209413675,9254.100486479283,6983.907103890107,1382.7337268534222,121.55315740428532,2942.3734774874874
1919,6,24,1,6243.33494217275,13382.436785891261,7256.561320148799,6014.329416252829,234.09863186970978,4340.404083198307,82.82750972412174,3086.595968201342,8633.25151852064,4161.3139209413675,9258.541033737729,7290.2440505805835,1338.1970821327272,120.3023918462177,2685.3668799923234
1919,6,25,1,5499.903264178983,12615.084187226692,6922.1699004707925,5039.603873248772,221.05830766840012,3559.8700128764035,82.82750972412174,3080.3915718007447,7560.70554847332,4161.3139209413675,8798.589148713945,7700.4910648689865,1275.5875960761327,109.02097700877907,2452.816145125722
1919,6,26,1,5972.067661399214,11776.924374521883,6897.635124306935,5039.603873248772,209.38266855790988,3632.6787245744135,151.85014053575708,2924.278009425425,6340.859393516725,4161.3139209413675,8769.28153680848,7674.693323172991,1121.807080065938,107.14074120253834,2438.104906423682
1919,6,27,1,6489.273049139284,13572.438254692965,6359.475127517684,5039.603873248772,195.65310946225014,4144.895944522529,151.85014053575708,2609.4961332158696,5739.427634941627,3393.3228614720983,8415.28110936994,7653.389961563374,382.7408246847396,115.91244998556313,2321.546630553838
1919,6,28,1,5705.80493512782,10493.274451301535,6326.074201712168,5039.603873248772,183.2951278063502,6596.945268996292,151.85014053575708,2481.8498013847175,9859.609151185155,3345.3059043418666,7864.8308712202215,7820.311237972959,1718.1301618242392,110.90121281501979,2212.092499869103
1919,6,29,1,4841.54901272303,10266.666032845018,6384.697794602093,5039.603873248772,172.99795848460542,4843.542250719171,151.85014053575708,2597.087340414578,9402.925782201239,3472.167826098327,7896.4475676998845,7139.232879676908,952.6969218511631,107.14074120253834,1998.0879847336962
1919,6,30,1,5522.0662912602165,10743.18971659832,5886.053309578173,5039.603873248772,163.39002405721067,3426.5049029501542,27.608875949551525,2448.181826798888,8561.009313138024,3651.437360597974,7573.353349179687,6802.69369880575,924.8615189007357,99.62797291586547,2031.8483914986018
1919,7,1,1,7078.380607686833,19335.81614165954,3956.5957099548955,4072.132395117474,212.71167309767458,1375.2560773757568,1029.413258884917,3727.656102186542,6307.598061440527,4073.9678997025844,8347.695980097282,8825.79395090696,1462.2058193350827,155.9205979670381,1763.0225082086656
1919,7,2,1,6076.652637119187,17760.070627069334,3882.609219840832,4072.132395117474,192.04151861579604,1077.4984162185078,0.0,3651.469764031444,7562.113435545342,4123.946639127969,9768.315859000526,9236.849953611,1459.2205732215518,154.3918845071834,1854.2447618694762
1919,7,3,1,6575.167545799804,14075.308808786413,3628.624605534585,4072.132395117474,177.79503334936243,1080.6716772610273,1217.5173007937644,3707.5830550079227,8451.018135637047,4053.0422218871677,9365.114167938904,9407.636396894848,1356.511970450838,148.2770306677589,1925.2862137211341
1919,7,4,1,4878.929970841931,16551.661285494276,3395.42958349174,4072.132395117474,166.03668605156562,1000.8112743574181,1283.9225251525659,3687.5100078293035,8368.040791330297,3983.4456595097467,9695.490883962984,9136.175839675083,1209.750816923796,135.28705372812465,1886.8106663466026
1919,7,5,1,5849.200741681145,14922.715359639258,3319.6087175898397,3033.460693289913,153.91993660869045,906.3186122021049,2180.5253353198805,3564.6994555458477,8536.899247029825,3788.388448443974,9096.905113532377,9396.849884687432,1137.5401339074717,129.17219988870013,2078.874060511914
1919,7,6,1,5256.109966284836,16617.528461344948,3302.487876902291,3033.460693289913,149.64668026364762,876.4899584023639,1051.5483336712034,3831.7622241444733,8643.370706850747,3670.868347140884,9673.288147671032,8912.086048566145,1115.5138585293075,127.64348642884542,2062.3396341075154
1919,7,7,1,5602.649832122582,15594.053882736647,3132.3495225702,3033.460693289913,136.46161673452303,879.7249217428963,2357.6059336100557,3600.7396993437064,7356.561923031544,3227.318712016212,9438.827252428136,7908.580862870322,1051.6134552344106,113.88506529013598,2025.2471946451258
1919,7,8,1,527.0000158370268,14136.109278802744,3013.8794195984588,3033.460693289913,121.85672932301111,890.1878685692541,874.4236416065578,3477.199218071934,7048.234654260847,3237.407878105835,8407.110502414513,7053.929545636611,1004.4949760371666,115.4137787499964,1768.051991525562
1919,7,9,1,528.5320223173841,13358.36993317693,2833.269836810151,3033.460693289913,110.80829396640797,840.1737486934144,863.3561042134146,3313.6038835664617,6299.590703718454,2564.329714442442,7608.700105356473,6138.693984838016,929.9445055264488,103.95251527021686,1558.1339315851644
1919,7,10,1,4722.256774792649,13368.503344846216,2782.136611721141,3033.460693289913,101.18657484113257,830.4864878996724,940.8729597398295,2800.0075991653353,5782.016218869936,2261.09422252695,6773.344355108636,5473.705507251262,853.1349298487506,110.82763837042657,1437.992148851982
1919,7,11,1,4749.935025203,13341.90313921411,2885.9317083891146,3033.460693289913,93.34997409224059,852.2762137250306,951.8964033585022,1943.2534491339284,4810.926110949477,2080.8905059820077,5577.94903315066,5473.705507251262,824.250656642232,96.30894797093764,1437.992148851982
1919,7,12,1,4017.738061397856,12770.632056352217,2754.1623809548873,1767.705221534307,87.29159937081432,839.3628042047417,1062.5717772898759,1591.3364356439417,4166.377810794024,1974.2069164047937,5532.033774498996,4788.2226564703915,838.6927932454913,89.42564993243789,1313.3238311335735
1919,7,13,1,4275.1151500836895,11811.88464478138,2499.6427403771213,1767.705221534307,81.9500289395221,892.6559604912137,896.6028101673146,1819.7129678621557,3641.5879047014278,1840.5254657174933,4918.527765280177,4597.301390399201,758.1153528785424,77.96193397117479,1249.637998632917
1919,7,14,1,4354.268818231036,12386.829089373652,2381.1726374053806,1767.705221534307,79.45499862192233,813.5359851641637,675.1903310203428,1895.1693770288398,3614.398085623234,1654.8100751050085,4448.629054397586,4259.503783103943,691.1974305391883,74.14015032153517,1154.7065010258596
1919,7,15,1,4321.994548379898,13029.034053921765,2064.0549230639544,1767.705221534307,75.18174227687948,850.6631393617859,996.1665529310746,1752.2857775667646,3913.134123715724,1671.0648426938646,4213.368860648255,3977.706151685362,629.604541807703,56.560763027019675,1056.6315763457183
1919,7,16,1,4085.3506140605637,10607.1486649367,2239.9257017333707,1767.705221534307,69.83327949664692,839.3628042047417,996.1665529310746,1811.6837489906693,3813.350127486983,1565.035180548424,4246.406532250705,3801.166901890769,599.1873043807263,60.38172918283142,1015.8298929371198
1919,7,17,1,3831.1396721004985,11821.00471528404,2109.0735621931512,1767.705221534307,66.27131356259945,994.2884599922104,918.737884953601,1888.5087750105445,3758.2665457944377,1351.6680013940795,4095.3391145202304,3590.4703634394073,586.261995532448,54.26769283723476,967.6725901774824
1919,7,18,1,4040.1053560097666,11503.322259448709,1858.3755378402686,1767.705221534307,63.06499283402698,796.5942970426978,918.737884953601,1463.7813449364257,3025.0213601021624,1230.1309172961192,3532.1889112116633,3487.8187222655797,555.8447581054436,50.44590918759515,903.5466778866091
1919,7,19,1,3950.2276425004866,11963.379149239188,1980.6672570367136,871.5916641615853,60.21431731095219,822.4211160832758,940.8729597398295,1545.2596682567248,2615.41421508857,1184.2625788701669,3363.714548228415,3304.7176775447388,521.6273830582622,45.09541207809514,921.401343661733
1919,7,20,1,3635.247110156511,11211.35333572423,1872.1333562498487,871.5916641615853,55.93899326121818,784.4830173970386,487.02455782727105,1680.2052899709497,2566.226160510064,1166.0460289861571,3121.7047226463014,3308.6727320208265,473.72628528532596,56.560763027019675,884.2460356578894
1919,7,21,1,3720.5288042250027,11192.986527073534,1859.8277520057964,871.5916641615853,52.73198329775621,838.560674330112,575.5736757272641,1417.7045775492088,3368.545805673126,1120.0842723557253,3060.7804142611712,3298.7850958307404,457.0008388168428,55.796406297089476,864.5681821804069
1919,7,22,1,3516.8740761138906,12461.689668081608,1709.5618020429185,871.5916641615853,49.88199700957093,806.2727432223968,553.4297821860723,1290.1494868416924,2719.5978584174923,1147.0821334658947,3200.5688419553035,3348.2232767813034,567.2532391987411,55.03204956715927,913.1655647302609
1919,7,23,1,4268.272187805176,11432.135042471133,1615.7029075596413,871.5916641615853,47.7439903672705,853.0871582137033,619.8438252997792,1159.9484035515277,3210.6864677236813,1105.884705266669,3314.1580408247396,3412.7625748222736,453.1926329638995,49.68155245766495,903.9867576768636
1919,7,24,1,3249.590012189113,13504.037725924523,1861.2035338467183,871.5916641615853,46.31865260572178,759.4671428450757,619.8438252997792,1097.8131984214342,2955.946900631523,1060.0163668407165,3827.66292578466,3217.796366673436,415.93353417404546,48.91719572773475,832.4423574934973
1919,7,25,1,4081.5716647424815,13504.037725924523,1861.2035338467183,871.5916641615853,43.825000757923675,782.0678131591065,664.1227936271997,1244.8026484427924,2834.8686124384794,904.7272854448332,3948.712244048343,3003.1447737459857,369.5492641560623,54.26769283723476,847.1535961955374
1919,7,26,1,3862.5968718289314,11249.606964776167,1548.9010559486094,1666.3848589100962,41.68699411562325,782.0678131591065,630.9113626929222,1347.6313946712653,2430.4530510029153,852.0581017288873,3944.8933734061075,2839.908889007143,336.8567850966004,45.09541207809514,795.7899978213621
1919,7,27,1,3369.392918946469,9493.613390116212,1541.3342558232687,1666.3848589100962,39.905321913710004,778.8328498185165,874.4236416065578,1255.477859896831,2629.3170999246813,821.0058905419893,3920.11511970434,2843.1448426694205,318.60644264039774,45.09541207809514,778.3754118364924
1919,7,28,1,3271.0381029129803,10667.315796723737,1635.11671798212,1666.3848589100962,38.836318592548466,768.3434591501448,464.8806642861367,2479.4775321727834,2162.514542610658,895.2733631460542,3617.89147329842,2872.8077512398118,299.5976863067186,48.91719572773475,792.583702206824
1919,7,29,1,3079.026624052129,9663.34803557874,1384.4186936292376,1666.3848589100962,36.34266674475036,769.1544036388176,520.2271700067005,1006.3895926353171,2193.3120723108905,1037.6894159572742,3737.431005494203,3021.571732100364,306.4395476696238,29.80909497336454,1166.6515239035782
1919,7,30,1,3138.9791443133345,10601.575288518441,1612.8749115531916,1666.3848589100962,35.629997863976,819.1861527426859,420.6105147135642,827.3927564764931,2017.85414596146,1290.2922410156073,3868.249527726329,3288.897459640521,271.463758744938,28.280381513509838,1166.211444113324
1919,7,31,1,3753.518010433509,7799.686961931171,1387.7052835826014,1666.3848589100962,34.560994542837115,772.3805523653647,398.4754399272779,908.1958954826182,2084.640788939952,1093.0864112455558,4272.694572020231,3088.088557379378,252.45500241125882,28.280381513509838,1098.8163676664585
1919,8,1,1,2893.449572408438,10019.790791049323,410.32693406654494,1520.5939246750213,22.77852402372648,77.62589825280982,1.2400051257758442,451.7530508663024,1032.5971743787936,978.929365305729,1545.132824028432,2186.9653500520367,244.83859070539992,11.064778972804014,500.43987688874313
1919,8,2,1,2657.1120393848346,7418.79735080832,397.42515769125276,1520.5939246750213,21.43865138909919,38.542781207109925,19.840434762609327,438.48659150375784,1020.1901695566883,794.7180077862978,1508.4539036741116,1888.089074305138,240.12674278568664,21.47965035172121,478.5427638976733
1919,8,3,1,2563.5575103228107,12525.6568292444,248.77957300799835,418.81974330803166,20.768715071780285,12.607542414245366,0.0,419.1799697629486,670.1806441603118,734.6127349894307,1523.2853315172115,1787.0554099623162,234.63227629025343,16.922939749988686,483.2327570907023
1919,8,4,1,2365.6222730717745,11831.644797536639,254.45849471804564,418.81974330803166,20.098778754461385,10.626017185466543,0.0,420.3934767059386,793.423558726549,670.593239422721,1139.8884812279532,1569.7071889831461,215.80102107682166,13.66849681753616,413.3795206726936
1919,8,5,1,2344.889118705275,12056.099866013923,464.52509536790444,418.81974330803166,19.42884243714248,7.564437302407169,3.100056908214089,379.3805916752185,1135.4609235776759,632.3384846662675,1144.2402175411466,1631.1004209635314,198.5350030148298,14.319221905262232,438.40120017441865
1919,8,6,1,2913.1613891212714,9837.262713354357,604.396249198992,418.81974330803166,18.75890611982358,8.465026415504711,4.960108690652329,467.4374000026949,809.4646720533473,583.9385128974864,1506.7664957159864,1622.2914359941606,200.1083083989804,13.01777172981009,358.6461684761769
1919,8,7,1,2751.687906100525,11787.944459712422,462.9735191806234,418.81974330803166,18.088969802504675,47.5477908766849,0.0,518.0944717915429,916.7104697639252,583.1631417998395,2081.0180671706707,1548.7633777804333,181.27705318554868,13.01777172981009,358.6461684761769
1919,8,8,1,2986.0848975821345,9034.949844430295,451.1035791861574,418.81974330803166,18.088969802504675,35.841102013957325,13.639968195985373,612.1914424973805,975.0497903104302,548.8132679929306,612.6356619561521,1516.4038411581885,176.56520526583537,16.272214662262613,355.52160196552177
1919,8,9,1,3846.8682719648564,10082.49127575353,462.45377937398894,418.81974330803166,18.088969802504675,27.37642818301284,0.0,419.78216117823285,552.7716616486366,484.0184013285742,1310.6719287855371,1443.6847713598308,171.07073877040213,16.922939749988686,373.2442438035694
1919,8,10,1,2060.344448436066,9793.56237553014,367.4866161854596,950.2036497929205,16.74909716786687,40.163788723001495,3.7201035648764846,323.2855489233901,759.8806492359172,518.3682751354831,1259.2503915333705,1504.2690149248467,164.0110351235568,11.716321554357949,370.1133904387839
1919,8,11,1,3329.765017990126,10605.375317894197,339.6193906735819,950.2036497929205,16.74909716786687,32.95960469506139,3.7201035648764846,340.7764723058285,865.6217676381734,470.74367446434866,1015.286725157653,1241.7073302761469,153.02210213269032,16.922939749988686,321.11364922357063
1919,8,12,1,2655.171497843124,10900.130929827805,464.52509536790444,950.2036497929205,16.74909716786687,37.64192765559213,3.7201035648764846,268.39488900232317,795.6145829823969,446.5390176697675,1571.2432419077331,1240.8983418606442,146.74501706153717,16.272214662262613,323.20088480011935
1919,8,13,1,2531.0789729412795,10420.947225511354,473.8116227944426,950.2036497929205,16.079160850547968,33.49994053369193,3.7201035648764846,237.63750625734025,686.2217574871102,409.8536887494535,1423.1065853679463,1131.0556925484514,121.63667677698004,13.01777172981009,292.9674032111905
1919,8,14,1,3885.2705677368567,11154.859565667575,522.3308623855753,950.2036497929205,16.079160850547968,77.08556241420891,3.7201035648764846,305.79462554095164,886.0009330055284,423.11907379321434,1586.9627792023814,1169.7972488934254,131.0523043836959,8.461878621905427,304.43462517379743
1919,8,15,1,2060.344448436066,10215.618971560643,524.9066317212399,950.2036497929205,16.079160850547968,88.07209731256656,11.160134319531567,0.0,758.4199663987345,439.51396868878965,1551.1719682998917,1152.089391352857,131.0523043836959,12.36704664208402,307.55919168445257
1919,8,16,1,2693.573793615408,8584.26636043383,489.81655154429694,950.2036497929205,15.409224533229088,88.25191543827187,8.06016559886644,401.08685496512936,950.9397242020831,410.6290598471004,1559.875440926278,1143.1905187817931,127.91376184813322,16.922939749988686,270.02667243184624
1919,8,17,1,3147.5583806028812,6618.384496572136,359.2319251397476,995.6204037785294,14.069351898591282,80.50739557169263,8.06016559886644,517.4922803761622,457.23772451846924,369.2541370592137,1645.311570177697,1107.595028497404,124.77521931257051,14.319221905262232,294.0047341453345
1919,8,18,1,3362.243555371941,9156.550784462952,275.61496213904985,995.6204037785294,14.069351898591282,63.757866035569364,0.0,345.60312774100674,675.2842347963561,385.6490319548723,1347.262038194604,1063.1905532435105,115.35959170585465,12.36704664208402,309.1246183668641
1919,8,19,1,2901.4160061056714,8283.937372082568,410.32693406654494,995.6204037785294,14.069351898591282,51.15032362135529,10.54017585041813,323.88774033877087,767.9056055463269,383.30423502108596,606.5343500231138,983.9995761207307,112.22104917026418,12.36704664208402,291.40197652881653
1919,8,20,1,2923.068364360215,9850.562816170714,428.3955355778721,995.6204037785294,13.39941558127238,44.66629355778902,6.820160473090568,306.39681695633243,1155.1713425859898,320.078794192869,1594.7781423772199,842.6333448824771,115.35959170585465,13.66849681753616,284.6247477592387
1919,8,21,1,2063.3063276311586,12042.799763197569,482.0739570725972,995.6204037785294,14.069351898591282,50.24947006983756,8.06016559886644,265.9861233408966,715.3914177603626,238.10431971474245,1455.3449584638197,983.9995761207307,109.86512521042141,13.01777172981009,239.27138194881783
1919,8,22,1,2258.279685687386,11113.059242531235,484.1376298340701,995.6204037785294,14.069351898591282,45.56714710930675,8.06016559886644,305.19243412557086,864.8914262196557,152.23430610761926,1742.9147989170065,992.0894602762918,111.4303623618335,9.763328797357568,249.69498612315036
1919,8,23,1,2692.5524559620258,8909.422207375903,449.0399064246845,995.6204037785294,14.069351898591282,46.46711919942387,8.680124067979879,451.7530508663024,383.58763206383094,0.0,1573.818759317548,899.1456800891646,110.64774378611357,13.01777172981009,284.1029388651015
1919,8,24,1,2138.068243868394,10284.019500329088,306.06560021903476,929.2299404870768,14.739288215910186,45.746965235050034,8.680124067979879,367.30939103101406,662.1644871440708,125.68485237925165,1594.7781423772199,1005.0332749252697,110.64774378611357,13.01777172981009,232.49415317923996
1919,8,25,1,2406.9864480391507,7105.168259640098,290.0683147016231,929.2299404870768,14.739288215910186,48.80916214108994,8.680124067979879,327.51001294328404,479.1215691939983,113.19483843313763,1494.5105852828422,839.4063799805152,102.01473475511763,7.159774451392133,223.1141667931818
1919,8,26,1,2031.7469941376717,9715.53510567572,554.8451732270331,929.2299404870768,14.069351898591282,66.27884564155656,8.680124067979879,287.09931932784815,834.9914245277381,261.52426359129555,1501.5266499511038,895.145681812297,100.44949760370554,9.763328797357568,261.1684949399253
1919,8,27,1,3444.97190530641,7500.624650038495,570.8424587444449,929.2299404870768,13.39941558127238,81.94858496184771,8.680124067979879,410.1379744202015,655.6002136708437,256.05929862607604,1225.2357995341183,831.3254845851367,92.59910714840177,7.810744787268271,258.0376415751398
1919,8,28,1,3414.4339094663055,9877.16302180282,537.2963115223404,929.2299404870768,13.39941558127238,67.54021690600634,444.5446154984099,358.26739568826696,759.1503078172522,132.70990136014612,1616.5368239433276,814.3547053787436,77.68901304628044,5.857997278412263,6563.475728594821
1919,8,29,1,2493.5958810570396,10978.031532036244,482.0739570725972,929.2299404870768,13.39941558127238,50.43016965698151,444.5446154984099,309.4077740331398,608.1984158149451,213.89966292016123,1985.191057334599,784.4670778040536,70.62608210631748,3.905331518943813,208.51609146578934
1919,8,30,1,3021.525314159042,7745.853212437666,498.071242590009,929.2299404870768,14.739288215910186,47.00745503805436,444.5446154984099,305.19243412557086,805.0914228358206,256.8440115441875,1346.3739287430556,834.5524494870986,81.61017415753528,3.2544429324531774,222.0705490049074
1919,8,31,1,3669.564055314414,8551.96611073809,308.64901278714206,237.21580619043684,15.409224533229088,44.48647543204572,0.0,337.75639111669614,624.969870560261,179.54978911316903,1691.4932616648398,828.8985193384949,83.18347954171368,1.9526657594719066,226.23873330383694
1919,9,1,1,3659.1464112487793,11004.505070022371,402.04931332350515,720.9042361374203,20.93550991621565,101.5884264308968,121.3460673541668,363.9243453477232,608.3480038164046,246.68945271139518,731.0739384318351,830.5884062509615,177.5011202635872,26.67645862140049,481.9376651366113
1919,9,2,1,2581.124517963257,10196.998827617988,475.37848544660886,720.9042361374203,21.569606019027784,106.72734639699861,86.2923985223442,322.4917511486051,712.1092810237491,251.0147155812644,749.7952856731202,715.8468826445724,168.98106649093057,22.78600549014054,475.3804762621607
1919,9,3,1,1920.6254574352013,11570.329444112589,465.73272609508956,720.9042361374203,21.569606019027784,111.44316489076448,183.36837053022742,297.3092010518638,638.4767871574484,215.16080868130166,514.8992167990328,645.2311827268152,168.98106649093057,22.78600549014054,492.5247275187472
1919,9,4,1,2483.791039583434,9136.03062583242,544.2134368893431,720.9042361374203,20.93550991621565,114.87204973949414,94.37831488547123,291.62487905533595,208.3584873635272,289.35354672181614,723.4184349583404,674.354765686782,156.91099031301889,24.45287540706378,437.06838709543257
1919,9,5,1,2060.4465822014045,10008.26403527547,607.8968496609276,720.9042361374203,20.93550991621565,113.15320000813661,134.8299435885146,297.3092010518638,785.7505741840711,289.35354672181614,645.1138246039703,839.4153687406978,161.1710171993472,22.78600549014054,561.0828719826651
1919,9,6,1,2194.5482161078153,8984.662789021193,640.0595718096674,720.9042361374203,20.93550991621565,116.58208485686629,121.3460673541668,312.7471991546126,399.9895164527299,289.35354672181614,965.9966505894564,867.6580532037009,155.49098135090017,24.45287540706378,590.8259789481461
1919,9,7,1,2193.526878454433,10984.74491726711,461.8728937078139,720.9042361374203,19.666628475697035,119.1559521469387,140.22702158425054,275.3839590653807,649.3527147887257,289.35354672181614,1142.996864308866,871.1906359516054,154.78097686985473,22.78600549014054,521.7585992983896
1919,9,8,1,2517.495182149308,9617.367680128707,452.86916588201035,563.3964101623266,19.0325323728849,135.01344274555083,140.22702158425054,278.6321430634103,1050.987699257068,344.3768691920131,1408.5415903604662,790.8670750471482,142.0008962108698,22.78600549014054,521.7585992983896
1919,9,9,1,2446.20581393414,10849.21053618941,477.3122232563782,563.3964101623266,19.0325323728849,24.00307540252505,140.22702158425054,312.7471991546126,882.8331870935516,336.95946375202124,845.1160731217685,625.8064719932324,142.71090069191524,23.89779709731174,490.0036990061122
1919,9,10,1,3529.9471980788876,10128.21829591221,564.1546303508991,563.3964101623266,19.0325323728849,35.5757821323459,80.89972990408988,338.74179525088545,512.9548553933804,766.0292771740321,761.7137145146959,767.9187703258436,137.030864843496,25.56466701423498,547.9747810878939
1919,9,11,1,1851.2766307614602,10403.21375508995,674.1560317681768,563.3964101623266,19.0325323728849,115.30396582581547,83.59562327547464,356.6159313522288,755.6217908430272,766.0292771740321,1001.6986505469747,916.2243244176158,146.26092309719812,25.008771210649382,451.6853229852537
1919,9,12,1,2467.3475033617087,9701.854999922032,554.5012277667578,563.3964101623266,19.0325323728849,153.44480063423538,78.20295465722033,338.74179525088545,248.52726538686272,766.0292771740321,831.5013552275564,852.6558124753022,143.4209051729607,30.566094258832575,412.36733715514634
1919,9,13,1,3497.162259401058,9411.026085010764,447.71762721086054,563.3964101623266,18.39774703517842,109.72431515940696,175.28157229155795,307.06287715818127,697.8896215963816,766.0292771740321,706.3933767696917,728.1974391220303,157.62099479406433,27.23235442498609,432.02633007020006
1919,9,14,1,1777.025383350916,10308.97302656467,351.22946076482043,563.3964101623266,18.39774703517842,90.43793971200752,102.47393187904635,343.61407124788167,711.2733480746159,461.85026139278017,885.1165228252718,941.8422909102262,152.65096342669057,28.343328538323732,369.5161392948942
1919,9,15,1,2812.5596302500576,10625.262138295438,478.5962863079894,680.2735879971814,18.39774703517842,89.15100606702896,118.65634711123329,324.11584314757164,978.2175362224069,245.45633241156534,1233.2287845993226,923.2355573523289,149.1009410214077,29.45512014549493,348.85124971646115
1919,9,16,1,2898.3519931452406,11006.405084710854,249.5897556476305,680.2735879971814,17.763650932366286,87.43920802685973,126.74314534990276,344.4261172474132,597.4720761851272,254.72341830121866,897.8786556458396,810.2917857805977,132.77083795716769,28.343328538323732,422.95439953728226
1919,9,17,1,2444.26527239243,10523.04134808071,275.96655083176785,680.2735879971814,17.1288655946598,135.01344274555083,86.2923985223442,336.3056572523873,684.497095823831,254.72341830121866,1057.9159788381794,707.0199201548361,130.64082451400353,28.343328538323732,422.95439953728226
1919,9,18,1,1656.5075402361929,9709.708393966108,504.97308149212665,680.2735879971814,17.1288655946598,99.86957669953927,97.07685388336802,338.74179525088545,531.3629788599925,72.95588101242343,903.8289889720455,658.4716264614195,121.41076626030144,29.45512014549493,364.98331745550047
1919,9,19,1,3210.779181355477,6318.562178803583,613.6827766255302,680.2735879971814,17.763650932366286,206.16500701021656,18.876544852593685,268.06642095756126,746.4177291097212,72.95588101242343,1108.9822723096138,901.2130949289012,119.28075281713728,27.787432734743827,323.64096459033607
1919,9,20,1,1736.4782785062457,7037.654404392904,472.16832781767107,680.2735879971814,18.39774703517842,180.87587942407268,137.52848258635376,276.19600506491224,563.1636280990076,72.95588101242343,1114.93260563582,901.2130949289012,115.73073041185442,24.45287540706378,333.7250786408012
1919,9,21,1,3459.474899986426,11982.885966702492,461.2308621820981,680.2735879971814,18.39774703517842,198.02911828176403,102.47393187904635,309.49901515667943,716.2977450629937,199.7000958310217,1128.5206802464984,961.258012883493,118.57074833606403,23.89779709731174,282.80784691101053
1919,9,22,1,2543.5392923139625,12658.78452505091,310.70504231599284,777.2257419914633,18.39774703517842,139.30615976698076,32.359539211449295,344.4261172474132,594.9642773380228,288.11108460152167,942.9946157910679,857.0692937201704,113.60071696869026,23.341901293726142,336.74905548510714
1919,9,23,1,1832.8925529983078,12749.098556554452,357.0153877292435,777.2257419914633,17.763650932366286,87.86847972895663,80.89972990408988,350.92248524337606,536.3873758482227,169.40457210084136,1017.8622425674675,835.0018874958297,110.05069456340739,23.89779709731174,327.67712495218933
1919,9,24,1,3177.9942426776474,14621.246362474787,357.0153877292435,777.2257419914633,17.763650932366286,117.44591702956656,67.4158536697421,327.37315125792634,691.1933587100326,217.62704928104475,977.00920779032,1024.8085473054414,107.21067663919779,21.118318079389432,317.5930109017242
1919,9,25,1,2610.0283735579496,10008.26403527547,530.7002019181056,777.2257419914633,17.1288655946598,66.86589893442411,78.20295465722033,288.37669505740286,457.721685699523,48.84277405825583,1203.388307022898,1001.7973212629919,95.14060046128608,26.120562817820584,324.14391292204454
1919,9,26,1,1964.032307709626,2137.6431916580786,527.4900442893472,777.2257419914633,17.1288655946598,56.57836292688026,86.2923985223442,271.31460495559094,507.09452545616455,48.84277405825583,688.5157335073989,777.6266313125437,477.824947516856,27.787432734743827,244.99870607599092
1919,9,27,1,2668.857422400434,3467.7801409117747,384.67624596499184,777.2257419914633,17.1288655946598,72.00922620754741,99.77539288120718,287.5646490578713,784.9146412350854,48.84277405825583,188.08381967622245,795.2805562920163,102.24064527182402,25.008771210649382,298.436966318379
1919,9,28,1,3087.2994590456615,6788.119142034058,293.33197495765904,777.2257419914633,16.494769491847666,78.00933396212507,32.359539211449295,301.37855516165354,977.3376068024298,100.16299890065896,75.74596702412052,809.4018985235845,97.27061390445024,27.787432734743827,281.8019502476312
1919,9,29,1,2389.317306633366,11446.448486454115,212.92516958589914,1481.9581443746556,16.494769491847666,99.86957669953927,207.6375840010262,253.44959296666903,849.3430733680801,217.62704928104475,34.89382035640813,809.4018985235845,90.17056909388452,23.89779709731174,294.40080595652574
1919,9,30,1,2928.277186393316,11749.057492431193,226.43076132469415,1481.9581443746556,16.494769491847666,99.86957669953927,207.6375840010262,338.74179525088545,517.1345201384562,297.3875123116396,24.681449771568836,878.2558014475475,78.0996860926934,25.008771210649382,294.40080595652574
1919,10,1,1,1651.40085196843,14246.310130707529,1058.2819649969433,196.20668510030004,2.341262012654915,438.13038921905496,144.62758027680243,229.55354271180738,535.2258690138116,0.0,1094.7725210827248,831.1277318612524,65.41884469640894,1.4091141127027247,343.1239255892881
1919,10,2,1,3681.922240922043,10230.059083189604,1080.0651774787782,351.743297794818,2.341262012654915,425.7546711532001,144.62758027680243,370.68531260188337,535.2258690138116,33.529661971136804,1242.0210681708222,739.2626028948398,56.797938014520795,0.0,284.10922571926955
1919,10,3,1,2737.082777655171,3542.8940549110853,952.805357189985,351.743297794818,2.341262012654915,479.39159738596675,144.62758027680243,269.74525763067095,542.8988535562895,84.181946651133,1182.251302073001,657.5278066431775,56.797938014520795,2.113712043745526,269.06478374749236
1919,10,4,1,5332.30175523709,3126.0308323615072,952.805357189985,351.743297794818,2.8094592763943345,464.53897278410926,0.0,346.561159538221,236.92979563123652,22.115825741242958,1585.8970478604672,1573.3026930521955,470.1036487853964,4.227342338108167,535.2313277336248
1919,10,5,1,3148.6818520218853,9222.417960314227,506.99853809138654,351.743297794818,3.745991650852094,342.42131033081904,60.26119782346285,433.20373045088155,209.6607829050816,56.359202795015165,1908.1031569289757,1200.7185838879172,289.06057434926487,1.4091141127027247,610.4535375924728
1919,10,6,1,3127.4380288286948,9927.323409565943,571.69085754629,351.743297794818,3.745991650852094,301.9886758806083,66.28793491868885,406.4062124674022,1711.3747289726996,72.05346115663053,2061.3908482885327,1055.3703318931614,177.4930520308487,1.4091141127027247,491.83317356263876
1919,10,7,1,3278.4938677835225,11967.939184490217,630.0545805329876,351.743297794818,4.6824551018203815,351.5003627580132,54.23534260380806,360.8586435967728,1711.3747289726996,58.49941386087593,3307.763652772689,695.8648687803336,174.45132828814826,0.0,446.121457065884
1919,10,8,1,2714.8176168085984,13113.901376652424,548.4860038288776,351.743297794818,5.15072128904925,363.04750710722465,66.28793491868885,247.4185547007293,1711.3747289726996,62.06612090996204,182.75516296608623,660.413198658733,173.4347309630112,0.7045570563513623,444.38628532157634
1919,10,9,1,4181.662754787003,13393.836874019735,656.7753211774003,540.7826514069255,4.6824551018203815,408.433954629383,361.56895069203483,353.7144636237076,1711.3747289726996,0.0,763.925107049408,708.1614926968292,173.4347309630112,0.7045570563513623,421.8227657909947
1919,10,10,1,3368.6779825888175,1484.1648066280725,419.10136491889136,540.7826514069255,4.6824551018203815,409.25371373204104,723.1379013840697,271.53358365206674,1255.395303524793,37.810084102858326,530.9384734962274,719.7300270393322,192.7097389770894,1.4091141127027247,449.01340997315134
1919,10,11,1,3958.7047450246946,2490.0325824609463,560.440019380212,540.7826514069255,4.6824551018203815,382.02537106438626,72.3137901383724,315.30195061372183,907.6471967377623,14.267762378389932,436.5324387829432,883.9366978766989,232.76851452748824,0.7045570563513623,494.146735888445
1919,10,12,1,3879.653210642686,7044.114454332415,673.6515784264275,540.7826514069255,4.6824551018203815,75.08552649599716,114.49389480084538,355.4936655326819,1130.9732835356597,88.46236878288869,488.49572280057833,821.7254887204947,232.26021586490583,4.227342338108167,471.00482577640236
1919,10,13,1,3041.2371308718753,6003.91974646934,535.1256335066712,540.7826514069255,4.6824551018203815,37.95484645284148,0.0,395.694504563967,1054.2434381110277,84.181946651133,425.27121093562334,536.7278586803667,204.87663394786338,3.522826156448245,472.73999752074764
1919,10,14,1,3284.51975993933,9967.223718014404,568.1749706194691,540.7826514069255,5.618987476278117,346.5465496860656,0.0,433.20373045088155,1463.3226254725741,34.24337705377221,124.72609139358515,765.3030411156335,175.96815604312923,3.522826156448245,452.49004031597224
1919,10,15,1,2820.219662651277,10469.207598587205,537.938343048056,540.7826514069255,8.896644016411894,55.282614667847824,78.33964535811359,428.74203950976533,766.198542471533,34.95709213640753,285.82026483334175,717.5637358375867,163.80126107232746,4.227342338108167,420.08130719248135
1919,10,16,1,2963.206934143532,9218.744598583846,715.8422215493546,824.2036968954008,48.69789146106965,39.605823656356954,78.33964535811359,320.65780456548777,955.4273642442469,121.9948333001433,229.52300669139487,626.4177076849842,148.58457412608678,0.7045570563513623,428.18506218687725
1919,10,17,1,2362.0475912843685,10316.953088254122,641.3054186990656,824.2036968954008,287.96923121296567,135.32195423578858,24.104302754307085,319.7727656671631,519.0351676855538,1306.9206814225481,180.15300227273778,614.8491733426143,132.86765675002994,4.227342338108167,431.65540567556786
1919,10,18,1,2294.128637325646,10277.179447452243,535.8288108919277,824.2036968954008,153.58221151045575,151.8229116569476,138.60437068357325,245.6302286793335,1211.0468607563819,548.607747942959,276.2997315113557,542.5076314715269,120.69269354648966,10.568560218726546,372.05602836995797
1919,10,19,1,2077.196519719145,10499.987836533004,445.82210556330404,824.2036968954008,69.77124835616132,0.0,54.23534260380806,355.4936655326819,1109.6789915715049,311.04525381441454,196.6096704122432,546.8492026350674,113.09241830610783,21.137120437453092,385.94368917881314
1919,10,20,1,2383.2914144775586,10119.478228346881,759.446862675237,824.2036968954008,43.547239095506086,496.72112852376927,0.0,334.95528862403955,850.5749745561366,255.3960293739213,100.47182226827327,496.94360615540825,104.97577617043285,39.45552215320652,381.8949551086992
1919,10,21,1,2372.1588340542726,9340.218870970524,240.48666579989387,824.2036968954008,31.37259392150497,208.75650352831738,102.44747561432943,333.16696260264376,1284.3449814430883,214.73108494051246,826.2881527462074,478.13013111371055,96.85913403473008,59.88714541640399,375.5326587127789
1919,10,22,1,2040.632631723233,9474.359907944263,304.48345110198335,824.2036968954008,24.348601113090073,60.232901894139644,0.0,322.4461305868835,835.2290054711807,196.89754969505228,680.7803001833028,477.41103029990063,91.79228387449405,33.81890220362937,380.7381739458148
1919,10,23,1,2863.830780456378,10958.52471457294,217.98498946773796,1478.804203125649,21.071289190404762,65.18407058192047,114.49389480084538,254.5627346737945,382.6725054670311,146.96551937190674,743.1433458801021,449.9234016913046,89.25079056160973,21.840982624047296,319.4036248958221
1919,10,24,1,2778.651220153224,12812.432379487953,267.9182270621851,1478.804203125649,19.19794874753154,43.73106301164384,0.0,300.1194276568454,382.6725054670311,159.09120232040053,692.0415280306225,408.6919587785438,78.09726562288296,20.43244075702533,282.3677671207562
1919,10,25,1,2034.606739567426,8231.11696375569,248.93243765685008,1478.804203125649,18.729958254260424,77.56067010914506,295.278370146834,337.62865354376,360.51588267123685,346.00234595085703,780.3817751889135,457.15935363044986,75.56142007292672,23.25034198490282,371.47763778849696
1919,10,26,1,781.5990661054336,11293.813973183698,369.17577055688673,1478.804203125649,18.261967760989304,298.6920102419476,705.0594538494767,469.827917439375,360.51588267123685,260.3939033164099,827.1585000087333,432.56610579759183,76.57559692825333,33.114222523201605,308.98630757561983
1919,10,27,1,1143.4896368755594,11001.9717171052,532.3129239651068,1478.804203125649,18.729958254260424,235.98484619597212,421.82750288904333,424.2712244564206,406.5361913376194,294.63167527790995,671.2508857668054,425.3301538584466,74.0397513782971,58.478603549382015,315.3548908257081
1919,10,28,1,2561.7191025467223,9639.281182863804,427.53949354340494,1478.804203125649,63.213178336312005,174.9260149693558,1434.194108562116,425.1653874670702,0.0,1796.3386549731727,586.3742654700186,418.0942019193013,70.49053579629364,42.97810306150608,315.3548908257081
1919,10,29,1,1741.5849667740085,10351.406687930303,496.45087731074454,1478.804203125649,203.68958833050232,128.71980834453942,1054.5467103354883,418.02120749400507,83.52290054712249,1499.5490191705187,840.1426601923642,408.6919587785438,67.95469024636519,26.068243212774618,311.8782604828495
1919,10,30,1,2021.4314838370915,10471.107613275082,631.46093530368,1845.8441159782697,154.05089123862467,131.1967148804844,542.3534260380235,510.9137953689847,490.91262342222296,2274.359607570711,815.0269248988875,373.2492774169926,51.21956189858471,21.840982624047296,256.9122946829449
1919,10,31,1,2757.4073969600336,13633.238724709296,644.8213056258863,1845.8441159782697,281.8832870957554,98.18598542418093,235.01981794982555,358.17615456472737,370.74066253166325,1915.4468657533316,711.9618230316321,357.33018315089964,60.85464543579947,21.840982624047296,279.4758142135266
1919,11,1,1,1915.5187691674382,6918.333481986065,266.8328880542608,629.6370612443734,32.38714768601073,269.83296398296204,40.416353683455625,561.5891153825793,31.306128905030768,286.821913378904,152.7992311610151,652.1165730192381,48.70792104687181,50.030622322561676,240.7802269439056
1919,11,2,1,3412.493367924879,4069.324791136154,242.51212239915384,628.8643456384743,30.404218894935667,137.24354008932866,34.101243303197606,341.57027008061357,361.44860785652173,286.821913378904,150.3746923578918,725.2401370252804,47.11121778775727,40.435697253937796,220.51140917666385
1919,11,3,1,1856.6897203249541,4294.413197842731,196.89731113871707,628.8643456384743,34.36938724219629,134.14079595886517,20.208176841727813,312.3366140987326,337.2505488061917,401.05369388236454,166.54716547303696,694.6334086366475,44.71575948747353,34.95276614417568,207.0009596165712
1919,11,4,1,2894.266642531144,5355.888070211613,221.98240003898024,628.8643456384743,70.06072701179106,129.99792737553258,37.88978040605873,280.02813225357613,337.2505488061917,358.1186870788029,595.0333326238491,686.1300415132188,48.70792104687181,31.52583201384446,279.4821010676946
1919,11,5,1,5992.494414469415,5725.504260852571,229.5874163265339,628.8643456384743,66.09555866453044,129.99792737553258,22.73386824363525,373.1123264880565,745.6609898085496,320.8448234699679,364.622216480624,648.7188216738065,47.90997282895424,31.52583201384446,339.67872951719414
1919,11,6,1,3347.944828222602,7106.941606682601,176.36758877875243,628.8643456384743,48.24988877972172,129.99792737553258,56.835111546832856,266.17772970030086,551.416570341922,266.5595048156426,178.6698594883715,592.6019919147544,45.51370770539109,30.15489486294412,269.6494611830837
1919,11,7,1,1979.1481049816712,11884.718541155476,185.49360832378738,628.8643456384743,40.31817361542147,129.99792737553258,56.835111546832856,414.65441003536426,340.10152012705925,255.21853478526023,131.77768043990437,503.3346146383202,49.50667608804101,30.15489486294412,315.10341665985385
1919,11,8,1,3485.6211439164185,7178.635494243489,194.6119846362297,628.8643456384743,37.01329229697059,136.73229247690836,40.416353683455625,357.7290730593543,375.6770665779106,260.0762814210294,122.8877048286128,542.4447101503819,47.11121778775727,30.840772185308218,272.10762115422705
1919,11,9,1,841.0204907869364,7186.362220641586,147.48381335102096,624.7721068677748,35.03036350589553,133.62073373245946,47.99430976466739,265.41130426258735,668.1040107291009,302.2078916655504,575.6370221991449,567.1008793043849,47.90997282895424,27.413838054976996,261.0553315652777
1919,11,10,1,2357.8601069049337,9426.352870160372,172.56890225121018,624.7721068677748,35.69133976957211,131.54929944076434,49.25715546562108,253.1028766971606,519.4047380419707,329.75692018246565,649.2080091761964,550.0941450573945,73.46125909090621,30.15489486294412,283.78230930366277
1919,11,11,1,1590.018458992206,7646.545778077442,218.9403935239588,624.7721068677748,45.60598372497008,137.24354008932866,42.942045085363056,348.4954713572029,519.4047380419707,416.44901398947553,669.4213802963591,557.7435799645403,142.9287429758831,30.840772185308218,396.18497458291364
1919,11,12,1,1486.4548209258999,5927.41248836486,625.6597218743719,624.7721068677748,50.89379383449602,142.4265331254727,51.78284686752852,260.02807797375,520.1086815779819,445.62351926531807,516.6132680406919,533.9413430268199,105.40339250560227,29.469835034413574,356.8732756069742
1919,11,13,1,552.4517501626632,5364.754805422315,553.4388184563406,624.7721068677748,52.876722625571084,145.01802964351586,36.62693470510504,303.1030123965812,520.1086815779819,349.20659036638847,688.0095111199754,496.5301231875408,106.20214754679925,31.52583201384446,336.60445783973245
1919,11,14,1,3256.8415095289793,4952.071615185827,464.494522438134,624.7721068677748,46.26695998864666,165.73237256000584,37.88978040605873,369.2619510747425,532.9204539333269,321.6575618494732,748.6496244804634,363.0470346207816,141.33123289351693,30.15489486294412,305.89317533572944
1919,11,15,1,1955.4530714200791,5059.105775944148,346.6588077598457,624.7721068677748,40.31817361542147,165.73237256000584,64.41306762803315,283.1029581168516,517.2665095514307,299.7790183477491,634.6518952632274,396.20657089834646,103.8058824232361,30.15489486294412,321.8617848669653
1919,11,16,1,3420.0512665607594,5979.346223170486,419.6363911904109,594.4233071993342,36.35231603327135,154.33507664894944,70.72817800828726,273.10293097689026,515.8410238909231,256.83466972372287,642.7336912734035,401.3031979164273,99.81210721730677,28.784775205877338,267.8074129182589
1919,11,17,1,2592.359232152165,8066.955694711421,279.75759412688075,594.4233071993342,33.70841097849705,154.33507664894944,314.48561830802277,274.6449059647387,162.93653070268775,283.58030168159746,635.4600748641745,527.1368515760406,83.845074626328,27.413838054976996,259.8231081526409
1919,11,18,1,2917.0424722044077,5910.945694402645,252.3948219565728,594.4233071993342,32.38714768601073,154.33507664894944,314.48561830802277,169.24316005250654,519.4047380419707,262.51449655929537,540.059357565066,454.8672197864142,89.42829168188497,29.469835034413574,353.18917907732447
1919,11,19,1,1672.542541396282,5158.413210304374,299.5229932420777,594.4233071993342,30.404218894935667,154.33507664894944,280.38349312931365,278.4861572657276,161.5110450423277,256.0312731646822,549.7663938717884,524.5840436869755,102.20837234086993,29.469835034413574,308.3513353068727
1919,11,20,1,3849.115214802582,7291.243031419465,263.79852477168197,594.4233071993342,30.404218894935667,154.33507664894944,214.71022542675797,236.94407371841987,523.6723957290294,276.2843399075623,510.9560108334982,300.1257134109502,154.1113135524741,29.469835034413574,318.17768833731554
1919,11,21,1,2859.132627250251,12339.32872217368,381.6265962175278,594.4233071993342,29.082266367559843,154.33507664894944,265.23287221981803,199.25236558442603,262.5445410476104,157.9888675069087,485.08538250614185,273.7706685841647,118.1754049318487,30.840772185308218,316.95175177880907
1919,11,22,1,3009.064994786358,9278.40505978757,1007.3016045567849,594.4233071993342,29.743242631236424,154.33507664894944,844.9513627477164,288.48618440559244,299.54557315896915,153.94385925056142,443.0422810637812,286.5257192694408,107.00090258796844,32.211709336208564,288.692342391819
1919,11,23,1,3147.660514368219,28534.42058455079,1165.4400839428863,552.034336812766,29.082266367559843,154.33507664894944,616.342779606507,300.02818653330576,32.72897477718306,208.22917790497007,457.5983949767503,299.2807699547169,111.78536460235622,30.840772185308218,309.5772718653792
1919,11,24,1,3133.4639209845022,17364.867571962895,1138.0773117725782,552.034336812766,28.421290103860606,154.33507664894944,282.91447578417626,238.48604870626838,337.96329163651916,162.8559559630592,485.89356210722985,377.50096097870687,105.40339250560227,31.52583201384446,274.56578112537034
1919,11,25,1,2739.5339880235724,14399.57798220663,2086.755323439797,552.034336812766,28.421290103860606,154.33507664894944,142.72272921949062,210.0188181621008,155.81790169490895,165.28482928094382,523.895765544432,403.8560058054924,99.81210721730677,32.896769164739105,293.60866233410565
1919,11,26,1,3023.261588170076,16005.723731805903,1179.885793273017,552.034336812766,29.082266367559843,154.33507664894944,142.72272921949062,196.16841560882557,515.8410238909231,197.69160443362833,550.5745734728764,289.9234706147392,205.21549972293684,32.896769164739105,299.1348071285803
1919,11,27,1,2026.6403058699088,15220.384327427368,960.9071835866657,552.034336812766,66.09555866453044,145.01802964351586,94.72224632638756,177.71033631684793,471.73016206595435,365.4053070324568,536.8266391608546,264.4223580043696,298.63756661075115,30.840772185308218,289.3084540981374
1919,11,28,1,3126.825226236665,13165.835111458051,619.5757088443289,552.034336812766,153.34097929743098,144.49796741711015,85.88409017069166,206.17756686111193,992.5603857685801,344.33950191015464,594.225153022761,270.3729172388663,176.46838647297312,30.15489486294412,273.94966941905193
1919,11,29,1,2804.082527725849,17192.5995735832,749.5718063502607,552.034336812766,98.48477405523234,144.49796741711015,111.14276794073848,211.56079314985283,0.0,217.14127461746781,476.19540689487775,339.23580892287856,167.6820810199175,28.784775205877338,291.15050236296236
1919,11,30,1,3134.3831248725464,42666.72983397777,1079.5301512072585,1651.0882438524359,64.77360613713195,144.49796741711015,75.78044268756446,235.41122284299288,155.10515886472893,199.31708119247227,432.53594625048186,409.80656503985585,150.91629338774175,30.840772185308218,254.29696335816624
1919,12,1,1,2388.398102745038,29186.75896076819,586.4117232447127,916.8507210847368,37.41856241485223,269.6478570888079,7.169118604282875,247.84738798135587,108.98805796214279,182.69798260599606,353.041269230758,223.69428566130236,51.32364210093386,15.762098513094365,178.85471360419106
1919,12,2,1,2119.0713635132124,24643.19050350455,484.26756478577363,1455.4650378830859,36.85132209678224,299.9260562029562,8.762314863600574,267.64671178925977,179.5583974466916,132.12136667154172,406.9495129476267,252.6470821779328,51.97313483644041,19.515212681113645,176.62288038230528
1919,12,3,1,2047.1691927057316,32665.05251628719,433.19548555630405,1455.4650378830859,35.71753069555442,296.40021060015675,8.762314863600574,241.2415306371069,167.01060391744295,129.59907514917757,265.2161255544019,257.0335971422531,53.92241986623946,15.762098513094365,282.26089060027664
1919,12,4,1,2122.952446596349,21045.829360870062,404.2734939662724,1455.4650378830859,35.15097961239659,275.2803954393016,1.5931080717687687,258.0481455930464,515.9290168330535,149.1982144602843,407.8198602102935,299.13694979192826,50.02465662992076,16.513375341761652,179.97377364221796
1919,12,5,1,1804.9079012919428,29014.49096238849,653.4887312238571,1455.4650378830859,34.01718821116877,275.98556455986153,7.965716733941726,324.0610984735251,334.0212078348859,113.15747115127915,397.38457415308426,321.9504231106268,53.27292713073291,15.762098513094365,146.4396936265698
1919,12,6,1,1618.3095119945856,5553.996268348145,1346.966854625202,1455.4650378830859,34.01718821116877,278.7974264281157,7.965716733941726,249.0426466996959,308.1424835924157,154.88738311640475,346.94883839223087,385.9863505819035,41.578830598469644,17.26383467659538,146.4396936265698
1919,12,7,1,3342.7360061897843,12534.270229163145,1145.1090856263995,1455.4650378830859,34.01718821116877,221.07051929610165,13.542080016651667,400.2748089655978,58.806563068528696,215.57184878132827,399.1252686782771,364.0537757601687,48.07537160012172,27.771900351991622,177.7356535661642
1919,12,8,1,8637.350402012244,9871.84298067652,646.7168272734428,1455.4650378830859,33.44994789312144,209.1002734745543,3.982814273196392,300.0555588703773,347.35213854795995,555.0536040557137,256.5215340223855,294.750434827608,45.47659383478834,31.525014520016594,154.2668270385524
1919,12,9,1,5878.206731041176,9892.869809890364,449.1927710737157,726.5024818543749,36.85132209678224,195.02333490537032,19.914512303726696,366.068511750856,185.04035773332177,377.40954631499386,398.2549214156102,349.1414226334629,54.57191260174601,24.769245518811765,166.55762689430657
1919,12,10,1,4348.1407923098905,7603.605446128496,428.88470245455665,726.5024818543749,51.02543769931974,180.2324126015834,1.5931080717687687,322.2545242273828,275.99866187949004,274.99516868502803,368.68975776931626,375.46051241951795,118.88540941289416,23.268326849132922,129.67265361874573
1919,12,11,1,3461.109040232121,9444.973014103029,467.03971884384896,726.5024818543749,89.0077942577718,216.8483191867277,1.5931080717687687,279.05185223171185,149.76398728524202,268.67075623806346,696.5175996669736,228.96169912258642,103.29758376065368,30.77455518517717,129.67265361874573
1919,12,12,1,3372.150530610885,9072.950138190274,382.1234063268344,726.5024818543749,70.30195922481585,203.4677351241182,1.5931080717687687,334.2618560851192,456.340196510007,266.1484647156993,513.9045342130674,260.5392136097429,90.95318766960446,77.31120888344871,138.6125602145872
1919,12,13,1,3008.350058428707,9065.223411792782,579.6474625265616,726.5024818543749,78.24194520785808,171.08284326227562,68.50496989929124,297.65591732127575,148.18891362342248,264.87797713401096,571.2941669804627,297.3841415581834,118.88540941289416,347.5248015612055,120.7264601687739
1919,12,14,1,2443.3460685041023,9358.7123472672,664.5637750437555,726.5024818543749,91.84744202254659,121.09516722844957,68.50496989929124,331.8622145360176,298.7360380924899,262.3556856116468,381.736085614526,332.47626127301226,89.00067534671557,155.37287710174255,169.91480700834958
1919,12,15,1,1714.3152514250112,7945.988092908056,606.7197918636923,726.5024818543749,89.57985922009094,67.58781582164268,68.50496989929124,282.0536851960977,542.5820789650328,217.46823833331285,494.7746566239827,314.9302014155978,72.76255013568912,89.31937573469594,177.1824104012999
1919,12,16,1,1246.849007411189,9710.721735132734,468.2702792683619,1426.6064754546546,90.14503183346977,135.17210579769122,68.50496989929124,298.8511760396158,493.9747778037316,231.3782089883825,305.21657525790516,403.5324104393179,70.8140719291417,70.55543988224959,125.75594348570809
1919,12,17,1,3223.545902024459,9414.319443803208,714.4052938487122,1426.6064754546546,86.74021145531616,197.8351967736245,1010.0119981160925,345.0648051121905,297.9529009086645,207.9862905731399,553.9049839167116,580.7368284866247,71.46356466464825,54.042882034315795,125.75594348570809
1919,12,18,1,1727.490507155346,8171.329834906593,865.7489395868922,1426.6064754546546,69.73678661143701,207.68993523343454,399.8776219556025,214.836349484954,297.9529009086645,202.93236570794699,552.1642893913779,658.8131993479593,81.86028937245723,54.79334136914952,125.75594348570809
1919,12,19,1,2479.8078227346755,6314.6354817818465,1389.3867947215858,1426.6064754546546,58.96266674278131,209.8054425951142,259.6858753909168,292.25444280778834,519.844702752033,192.17993036608567,523.4694730076098,432.4762181957657,84.45826031451121,54.042882034315795,142.5292703476625
1919,12,20,1,2505.341264072639,7005.100819405206,1069.4410843735307,1426.6064754546546,52.159229100547556,168.96733590059594,405.45107504916297,268.2489032046405,465.7466420099328,220.6257736465212,350.4302274428983,444.7638533520787,81.20676252058142,52.54196336463695,155.37960022241128
1919,12,21,1,2375.3249807800416,8357.404606685353,897.1626249555407,1426.6064754546546,51.591988782477564,95.75315195827812,305.08482559002744,283.24894391443775,454.76512284818745,186.4907617100486,570.4238197177958,296.5122318214023,453.466952877037,53.29242269947637,155.37960022241128
1919,12,22,1,2777.73201626518,7565.22514943058,708.252491726686,1426.6064754546546,91.27537706022743,83.7811432139337,223.04394880249706,289.8548012586867,755.0762346026444,182.69798260599606,406.9495129476267,285.97740489883415,374.20463444660595,108.08903404394874,152.58823698153088
1919,12,23,1,2400.0413519950157,7413.730644973373,530.4174023175503,1407.1308882421567,121.32601845435659,73.92464183126894,137.00817604755525,306.0592247992455,477.5112983555036,177.64405774071983,304.3462279952383,309.6627879543138,193.5972445784101,93.8237667313825,163.7662636533885
1919,12,24,1,1386.9765334734068,6433.4497336053755,518.7232566694433,1407.1308882421567,83.34228342612552,77.44431720424981,100.36624945913549,258.6503370083307,453.1988484806842,166.89162239894185,273.0403698236106,368.440290724489,135.12676191701044,68.30406187773131,153.70729701952013
1919,12,25,1,2167.891303351131,7265.022828725298,524.2646001955242,1407.1308882421567,70.30195922481585,61.956158932518676,81.24983447339982,269.4441619229805,1075.0097724232846,167.526866189786,331.3003498536726,319.31671637991815,103.29758376065368,66.05186637938517,153.1477670005255
1919,12,26,1,2448.75915806788,7105.80159786939,491.65092733231273,1407.1308882421567,64.63231298378724,43.65085002417989,59.742655035633966,257.44595417766567,766.048954470221,163.7340870857335,490.4318014053006,332.47626127301226,95.50367093454733,60.79783354168706,155.9391302414059
1919,12,27,1,2450.393298313575,6656.004787394781,473.1925209660546,1407.1308882421567,122.46325603005457,47.17052539718432,52.57388918160356,221.44220682910648,456.340196510007,251.6032502698688,342.60598317354874,402.65151194235415,79.2590911373134,57.04471937366778,132.4640168596638
1919,12,28,1,3762.199380488394,6808.512633018613,655.9498520727035,1407.1308882421567,200.13313627559347,32.38577332320419,182.41594500157152,264.6448788248739,145.83950207206152,366.03120900283636,322.6057583217971,311.4245849481081,65.6165163985305,52.54196336463695,185.5627869781468
1919,12,29,1,4115.1736735433005,5600.103291443553,692.2475629768317,1407.1308882421567,117.3560254628468,44.354256221940396,529.7161502736369,247.24519656597508,456.340196510007,366.03120900283636,308.6890832139204,265.8066270710269,80.5588834316337,46.53665369827154,622.0842177628831
1919,12,30,1,5839.498033972877,5438.982045900373,604.8701296107913,3630.5806202572694,91.84744202254659,42.24227470585759,312.2544733196059,259.84559572667075,457.12333369383236,366.03120900283636,321.7354110591303,253.51899191471395,80.5588834316337,69.05452121257073,927.8139348908092
1919,12,31,1,4443.329461617611,4576.755380481235,601.1784483376116,3630.5806202572694,80.50952801029105,44.354256221940396,433.3359780269495,271.8529275844071,458.6896080614831,366.03120900283636,395.6438796277505,382.4807341144137,43.52730880498929,80.31386371663427,580.7230043352524
1920,1,1,1,64255.50419770848,274406.74916747585,892.7233004610073,12774.629242820884,3839.2593343006583,1491.843079020848,38.08843397749042,705.4332354266849,1639.1750342306784,298.17632186541823,4121.793978200288,1410.024959126626,450.932778001722,215.40646433632827,2748.086434919614
1920,1,2,1,46620.19142124023,151856.16216064212,1156.1354321900026,12774.629242820884,4066.2566247955083,1675.210356913079,34.77661663632495,705.4332354266849,1639.1750342306784,315.50566392075774,6444.729002930073,1149.8591148016417,331.7904921088894,123.99268168924156,3192.539969508115
1920,1,3,1,31691.41953448234,89692.82092529123,1598.3000757693897,12774.629242820884,2881.609209367089,1631.647964927632,71.62227425949307,705.4332354266849,3546.0947158982103,558.2052560585682,4272.440300129144,1388.2480314196991,302.8414993631963,101.9216556008398,3110.3707378964214
1920,1,4,1,25650.648519279206,72392.76305949363,2762.110034407485,12774.629242820884,1643.1411947712274,1445.1570271449798,1042.4620962408085,1316.0137434767337,2185.9106360679875,0.0,2722.093675011873,1668.1126623504815,311.75751962702316,132.3976650613791,1967.5591350308032
1920,1,5,1,20099.829289999736,55783.60632913915,2268.382166255996,8.138212151877553,1382.9517051052865,1374.916891230444,1620.847339037217,885.8518754020995,1725.4311133278088,362.88860138534886,2565.31569911797,1345.93857187485,221.5642264798458,125.03371613559575,1701.2729363048425
1920,1,6,1,16747.890063811283,45113.712829957214,2169.0130373518805,8.138212151877553,1157.1428820999377,1300.7088630227008,445.87875509525816,873.9783222611959,1220.2758941175532,350.1770342261708,2434.98799523058,1394.221131590776,248.2898287819461,99.8198618449416,1500.3683610099831
1920,1,7,1,15384.28931021654,37326.422268631824,2057.3326889373643,8.138212151877553,1068.8567257369573,1278.5899740688335,359.77150422494134,780.8048545430363,2224.4988819798386,297.0218781413779,2380.0435665622504,1426.6998637708518,261.6526299329584,114.53570561343243,1402.9873694952219
1920,1,8,1,14636.571725272934,26809.272979342328,1846.2832116187324,8.138212151877553,903.8295257661266,1214.4283114546413,2121.759711888468,780.8048545430363,8295.337922648512,387.1699781743987,2295.5229246500367,1983.4425755468055,1095.5812557147976,259.53536660433855,1471.4563691434812
1920,1,9,1,12888.289951003171,27637.821513236406,1813.986246150329,8.138212151877553,769.6855024153574,1215.1881206171538,2652.917763518791,1294.8109700109221,11954.102062439397,419.51977483699693,2258.8532293681583,8023.366804752938,3850.1711181975493,1811.5095192266672,1224.9486743083992
1920,1,10,1,11918.224768431604,23719.754919945317,1917.9121251329589,8.138212151877553,674.5486798807366,1168.5020687412855,5290.543717375549,1339.7608497584686,11137.970979115613,1029.7384294511328,2263.902826751138,5007.324537137055,2290.316741819246,1860.8216772117828,1123.0009388058263
1920,1,11,1,13170.651723212368,21113.334826720828,5759.971928137869,8.138212151877553,621.2544020300726,1131.8623824589683,4631.052743775099,1914.780066151592,10278.29914773082,1936.9282174276293,2131.6514667178512,6647.936050783479,3060.755218266704,2219.156691903647,1005.8253633156964
1920,1,12,1,11130.169787457971,19638.287543978626,16975.09318705951,833.2735132060651,606.3561131438134,1117.3415851304696,1622.030130944774,4462.929381274268,5788.855949553015,4523.516469008183,2148.9643720313547,3232.816027989804,1288.2189479383303,838.4929761216295,1361.9027536893414
1920,1,13,1,11686.038781527875,16272.586639950256,11590.933225919454,833.2735132060651,543.3079128257477,1111.9384977524621,1223.3447729610768,1740.3236460747662,2741.7258251785797,1636.519125282697,2106.163022784286,2471.1213165949653,866.2239334375926,526.4237238771328,937.356363667437
1920,1,14,1,14067.912825144762,14871.247318959358,5903.229755166321,833.2735132060651,791.4684136872239,1157.8647404657693,872.309031824818,1928.2650300758198,2887.82463857773,2959.8161017031675,2100.0313688190963,2195.2387524449973,701.4459972272987,397.1820369267993,984.5192514006949
1920,1,15,1,12323.56640658511,11406.973116686573,17240.503893384484,833.2735132060651,1022.4216031114112,1225.0656397301575,727.4001261215767,7427.75560054735,1942.5157908643255,15550.737548616775,2197.7771467344946,1626.798719500836,586.7617214663605,332.03519709979673,1266.033290114213
1920,1,16,1,10608.735155852437,12833.17777417198,16561.78796064394,833.2735132060651,721.5440800370284,1157.1049313032568,630.5294688924581,3696.576337125526,2017.5255629978537,4038.0157951742844,2151.970084759462,1742.0297769671756,555.5893382770748,300.5082907613135,1129.0792107332709
1920,1,17,1,11148.86272708157,11598.791426784168,16317.961859953815,833.2735132060651,603.4868130620191,1240.3462462211687,498.0483267322252,2496.4993589598866,1904.9593162334338,2213.233539510194,2251.7597473300198,1810.9693081078522,551.1313281451424,293.1553000928579,742.5783005534245
1920,1,18,1,12855.823266393694,13664.39045126132,12326.408677181456,833.2735132060651,873.438714248858,1307.6315687258304,460.781933130511,3149.4599706133854,1445.4083876463937,3819.686383188905,2406.4938385689074,1772.5174757568445,542.2265371260246,289.9993219818123,1135.1735627451383
1920,1,19,1,11887.725761677346,12635.143129950933,12488.692934362063,12076.635019804826,845.3399471756454,1333.6339267326318,871.4641804622561,2745.5047305425237,2231.514926691058,3393.1765150338333,2435.949823303529,1791.3078533783055,566.7175197398233,297.3632709075956,1154.9520666360172
1920,1,20,1,10457.223961008758,13067.622375402216,7552.37356865351,12076.635019804826,686.5861577386977,1257.9907034400885,2108.073119815296,1409.1363245386194,2455.7188260669045,1792.5593209491567,2483.8007699337204,1934.1644991356761,607.9176184147323,339.3881877682422,899.3108838253121
1920,1,21,1,10234.876363380798,19369.20908120294,5004.350844950278,12076.635019804826,604.0640686997765,1207.5056057515114,1983.4575438403153,1412.5287682931119,2143.2984821599744,1375.3103749759573,2332.1926199320587,76.85388886741501,636.8666111603875,344.6481512866515,1060.6102110850113
1920,1,22,1,9112.6112987157,21427.70372382512,4151.678979389397,12076.635019804826,545.5999572697847,1207.5056057515114,1831.1308431739474,936.6537206261758,2128.1314443281763,1049.389345149287,2318.96748392873,631.5806793354943,637.9783063822217,336.23220965719656,1060.6102110850113
1920,1,23,1,9159.638799452945,18188.993645463157,3989.9543230956706,12076.635019804826,492.87444600338165,1188.4259534478401,2223.9867267560703,1227.1317171079813,2600.7858681849507,970.798368551404,2341.3299866252128,1655.2953849000974,644.6597069577468,325.73419913503324,783.6629163593049
1920,1,24,1,8718.288656550632,18039.801626498203,3428.4348046540017,12076.635019804826,456.1932458452561,1072.2595748199487,1408.4517064941058,1111.1101407030017,1291.2617582549199,782.42106241708,2294.4408680679694,1840.5859297892903,637.9783063822217,313.1212449481683,917.5617796920684
1920,1,25,1,8702.940769280973,22577.72553667917,3433.7909845707777,12076.635019804826,429.25747910105486,1131.102573296407,1041.6172448782465,1160.2157640498679,1291.2617582549199,696.8907372802205,2284.341673301724,1788.3213032926947,615.7107142120537,302.6122761686773,867.3597559950548
1920,1,26,1,8687.592882010984,65285.7170608289,2967.003901970916,12849.005676420913,433.8415679891288,1177.7042019320018,866.9019831045485,912.906614344441,3928.572329789658,656.4471483546866,2066.4876147743003,2412.0125128190625,704.7810828927257,308.9132741334408,671.0540848569864
1920,1,27,1,7662.924638959708,46769.03380228162,2680.4882479141756,12849.005676420913,444.16425704081036,1113.5425393178095,719.948537103926,879.0669878930426,4662.883950524916,646.0444686435084,1825.1889969680403,2449.4688284750114,865.1122382157963,355.14616180882507,993.6527393763847
1920,1,28,1,10321.45418900585,45537.31159808978,2377.8241111231514,12849.005676420913,410.9211235487403,1133.3820007840418,584.9835319378419,732.5303799160052,5405.449741508718,1021.6446371881162,1324.3170279693552,2239.6636849670817,720.3672744873686,347.7931711403694,511.2823656214099
1920,1,29,1,9632.57017192982,36952.55417348757,4425.163927081432,12849.005676420913,435.5648458489047,1309.9109962134169,548.9675183526357,1790.2773803602731,3614.0884433205197,2035.246226892233,1721.4317935965703,1921.347221685292,717.0321888219416,392.97406611207185,1059.0826030608887
1920,1,30,1,11556.172043090295,33631.25565605629,3976.044243908748,12849.005676420913,456.7705014830136,1410.7967683502488,387.50797445719707,1171.2412062520584,3291.556740859057,646.0444686435084,1929.0664288487724,1657.2864182905046,587.873416688157,297.3632709075956,683.226708796365
1920,1,31,1,11428.272982507935,31435.11361498454,3376.072150243475,12849.005676420913,711.8071356766195,1300.7088630227008,197.47555748059625,1058.612073601643,2552.0862637185674,646.0444686435084,1966.6979522037425,1841.5814464844937,534.4334413287032,273.1893552375577,1832.1648238428297
1920,2,1,1,11823.776231386004,27549.90478777516,10583.65162962606,2678.123736014436,1949.8506975976595,891.4249941362224,566.8783672385678,1270.1309416966603,2590.364978246087,816.7245330742329,2565.1954706088513,2082.994245064124,688.5099073735236,496.60630568213514,1062.8775029944607
1920,2,2,1,16676.06982209972,29560.444852872763,10155.956666120477,2678.123736014436,1806.9799272525386,952.1253038988497,314.93524241484016,1297.8641693899438,2164.449793421743,684.5216973798344,2421.4021736998957,2199.7185775732687,646.7820341993752,382.0815583260304,931.6800938515686
1920,2,3,1,13566.154972090433,51846.002685746185,8746.561861147986,2678.123736014436,1623.786152799341,879.9434334578713,235.48542028134938,1210.4239316168885,3026.8042301374057,668.4482886067318,2300.692750542278,2049.271117015188,625.9180976123012,336.84587206767935,883.9704832465271
1920,2,4,1,15368.54788737577,36771.39243617314,8696.197781333274,2678.123736014436,1493.4791816289596,828.2764104053642,200.4156402222279,1174.294405631152,1739.875911262834,699.339172870781,2554.855818824368,1995.1398967150135,616.5304490725525,296.4208607772109,913.1236763799747
1920,2,5,1,13773.744985804908,39914.19335948666,7954.007119429519,2678.123736014436,1385.1588590143592,968.5034125135655,170.3473802293812,1270.1309416966603,3459.4259282886383,806.8419873486905,2262.820770169071,1484.5642716777502,649.9149934608358,279.1068141957708,918.4140241686898
1920,2,6,1,12370.790675108075,45737.12233777457,7441.252821125874,2678.123736014436,1411.9842680631257,928.3179501394095,186.09540962714718,1345.782437422698,2646.4933359361316,1642.1010509813207,2163.8727071623434,1824.15990431901,572.7139363907891,269.47450600267797,907.8172485068363
1920,2,7,1,11203.957707024756,50985.48443350192,6982.939694812367,10155.243818469875,1331.8476030567022,915.232347895711,3242.3705591644734,1284.4640165596015,3026.4946987530743,1391.2949803856784,1445.2669081452098,1875.9267724680037,630.0953766275692,270.43883264771796,872.0390605741609
1920,2,8,1,10538.882591995764,40853.747859872055,7020.113182294623,10155.243818469875,1350.6084112838384,851.2395317620178,2795.021762698351,1262.5827543428484,3040.526788175513,1095.9730523433639,1387.7976807853902,1908.4055046480796,648.8706737069904,274.28518097056053,934.3172277037481
1920,2,9,1,9997.771181839347,26542.85865976261,6674.040005282349,10155.243818469875,1244.4952425783295,922.5771698002097,6501.976086124839,1362.5750340076765,2606.047901718293,1404.8692087892032,1752.3305204407575,1877.0467287500355,621.7520478416661,263.69950438975536,872.0390605741609
1920,2,10,1,9458.529065645129,20766.10816353483,6494.647949561448,10155.243818469875,1160.2838318936178,1009.5331072905565,2105.7920211364426,1285.3121274981706,2611.103580995559,1011.9523843840709,1615.5104770608223,1821.6711125810014,593.5778729778633,251.19613277618754,944.9300834500245
1920,2,11,1,8255.785976706027,17357.780968373114,6074.30774056862,10155.243818469875,1093.135418736775,925.8696761712271,1157.3618815465468,1361.8117341629213,1733.9948149606846,909.3971858663807,2620.3803562954186,1904.796756628039,589.4118232072284,237.71747626026237,910.4704624434388
1920,2,12,1,7392.172166096109,18543.32469050483,6163.604053509859,10155.243818469875,1036.6832129854379,902.0623224117386,841.733861014405,1059.9690511034546,3910.1036238586157,840.2066795927683,2170.8459606913634,1502.6080117778083,570.6365261278072,209.80679484067915,889.2608310352423
1920,2,13,1,7267.618157867032,21864.62320793611,5587.6148549943855,10155.243818469875,984.7302055872101,943.0920171887295,674.2420783903943,1156.6536981076042,3041.1458509441754,792.0118256629287,2248.9944916201493,1940.8842368281555,578.9798549137103,209.80679484067915,926.3736659784304
1920,2,14,1,6835.811252562073,27990.37646281434,5322.923635524042,6016.57670623465,939.9928936609696,907.8031027508898,567.5964908966895,1244.0939358806595,2611.825820892332,789.5380176829001,2175.4146440380123,1756.7136482209944,557.0715985727907,197.29246496979397,958.1800730484804
1920,2,15,1,5906.870537162422,22345.945078644196,5574.983863548811,6016.57670623465,906.8855850248425,973.3999604498819,511.05058920175026,1149.10551075372,3047.852364271064,866.1499478966794,2150.0464286134215,1933.6667407880743,566.4592471125013,201.1497715499642,962.1518539111058
1920,2,16,1,6404.004347257115,19367.432985739197,5504.713980759728,6016.57670623465,887.1060903781342,1215.35696709775,501.0306520419873,1676.9697589589166,3490.275889592497,788.3074567902123,2318.005655855638,2180.554881191179,757.3676356576673,203.06746658271652,982.0429183932795
1920,2,17,1,7363.050533840243,17834.662600421485,5825.445231897059,6016.57670623465,967.7520985943249,1343.2581761247654,1707.106663152745,2029.190231773175,2605.7383703339615,880.98010958236,2020.19963876265,2072.1680010041464,736.5036990705931,371.4958817452252,1221.9095383446438
1920,2,18,1,6350.188357919954,15866.748826457222,5808.097604405383,6016.57670623465,955.6976426293899,1403.1142534846063,984.1673522254017,3072.3666862916507,3046.717415861994,834.0285027399423,2542.231825366632,2569.4285902434235,678.0779390799676,255.04248109903017,1048.292866385492
1920,2,19,1,5399.111266650069,27811.87886869517,5747.260993708502,6016.57670623465,872.8444805041078,1311.261768057943,928.322677161371,2719.2981025388235,3049.9159068332724,893.336463288012,3903.579234145365,2161.2667452221162,863.7759581006911,222.32112471157458,1304.0787699563377
1920,2,20,1,6733.393620203557,21885.936353502435,5159.360290602086,6016.57670623465,843.2601290690193,1754.1460865765912,788.7701290966133,1918.25732099997,3065.392476049257,920.5102924846109,2796.2746651396033,3405.0404162549567,777.1872524909339,199.22111825987395,1404.8044190396924
1920,2,21,1,5718.760534213438,28787.84332609045,5109.63575465805,4764.096635290045,808.77759376647,1717.2531305734526,2047.0748514397308,1654.3251968974077,3061.574922309316,967.4618993269477,2520.3502367066235,3202.7016479609088,689.5542271273312,187.67111503402876,1358.413375360674
1920,2,22,1,5660.5172697020325,21677.24513649823,4753.249932731355,4764.096635290045,777.4275192041047,1620.5040972104246,1109.4588092904223,1535.759287676505,3512.1494407511827,946.466246983256,1849.9560698470375,2869.2035550776986,637.3943856596646,175.1567851631333,1464.4454523171003
1920,2,23,1,5658.746359632532,19272.411878422274,5031.3715734857,4764.096635290045,751.9009353403112,1513.877544734393,786.6242066357577,1576.977479294088,3076.6387830128588,1105.8555980689064,1868.3510317426078,2530.852318305443,601.9324310083996,151.1034103237306,1589.0178666606978
1920,2,24,1,5776.118343689929,18190.769740926902,4936.559194659934,4764.096635290045,717.8683198730729,1315.398506831747,623.4242689335069,1597.1625196335592,3067.249664355245,2930.764715680661,2201.8649160446694,2399.69299371628,569.5922063739617,163.60678193728813,1524.0704055100848
1920,2,25,1,4533.628162077629,15420.948865026112,4816.484832943021,4764.096635290045,687.8595157631627,1283.4020987649246,727.932382479963,2720.1462134773924,3073.2339377853596,2072.03619172423,3040.098081637353,2298.5236095693285,677.0448485708312,156.87841193665318,1353.1069474874691
1920,2,26,1,6457.918720487301,12693.754280257965,4118.02298319585,4764.096635290045,669.4976930503589,1299.7802073795922,621.2783464726514,1918.25732099997,3522.1576221774603,3951.369084897749,3421.8235980969616,2132.396761062081,1066.1494054485497,150.1390836786906,2219.855660272982
1920,2,27,1,25676.228331395745,11414.077498542249,3659.789799866137,4764.096635290045,663.6826914052833,1308.8134940897608,518.9246039006575,1790.4470025479727,3081.1785766495727,8368.702103684172,2429.457483810983,2067.3148571151014,741.7140685950355,162.6534135495758,1688.4088687335397
1920,2,28,1,46975.35727408861,10931.867580101945,4315.56209624669,7844.902011167564,658.7505513238556,1267.8682225530436,447.348796466074,1725.736137930312,3092.1153522288437,3299.044949843137,2747.942804472937,2501.9823341454075,703.1191546823477,177.0854384532236,966.139714858221
1920,2,29,1,46975.35727408861,10931.867580101945,4315.56209624669,7844.902011167564,658.7505513238556,1267.8682225530436,447.348796466074,1725.736137930312,3092.1153522288437,3299.044949843137,2747.942804472937,2501.9823341454075,703.1191546823477,177.0854384532236,966.139714858221
1920,3,1,1,9393.10377696237,5799.484518165376,3439.147164487553,6484.957529110937,943.9827488042932,1793.9938559896523,437.5231751197018,3558.6734985037933,2356.152897443964,3521.433944154839,4971.929766195995,2116.468493939403,540.5758381603177,563.7365900858765,2280.1559770134672
1920,3,2,1,9631.97986857332,7180.665155641349,5226.11268210246,6484.957529110937,1437.8758812272656,1841.5241402683555,598.0787280572347,3151.5802479600243,2364.097536308177,2715.7337143353743,5522.576337970769,2010.3215263164336,495.61394252270674,465.86839387140816,1797.431841400319
1920,3,3,1,9393.10377696237,9200.174502831664,5512.8681651107445,6484.957529110937,1158.501130659367,2112.5227415731233,505.24646034109276,3709.63724558047,2738.21780282297,2219.0691891042284,4944.397437607271,1997.6286884530223,484.65419972991134,449.56250696432903,1683.7456442389232
1920,3,4,1,9602.563084639367,9880.419065493013,4740.6988842695755,6484.957529110937,957.4803438636409,1772.46592971775,412.4141926249508,2489.03598269996,2749.051401274275,2326.1406729599644,4722.335381260411,2103.7756560758467,510.9643199794078,856.3001442829171,1501.4618067535503
1920,3,5,1,8454.423056179974,30184.742408422342,5090.049723619013,6484.957529110937,853.9987817420072,1559.2972480060575,528.07434415699,2368.2649850386047,3871.5153779467646,3890.85593584654,4402.888232525508,1832.497356640978,507.6741512926273,521.941796629152,1411.1238922340826
1920,3,6,1,9707.341930424214,40477.21562153254,8814.513397405915,12846.145044359331,768.9894000286499,1842.1995261905943,2171.6059422784506,2924.7953829695393,12896.10924205327,2440.950735625191,4501.355381495762,1865.9716055162578,486.8439024395665,469.94486559817284,1450.0537767217415
1920,3,7,1,7338.454560651315,33273.37242008713,6664.366904238604,12846.145044359331,713.462501108424,1888.2946153844978,1199.1820239924107,2591.3181618990543,7385.522007003936,3062.5742793371696,3261.558995438477,1839.3415339204305,506.5849145601732,393.48910420658507,1677.4744112978688
1920,3,8,1,8725.569064614681,23735.73977912041,5758.772783380477,12846.145044359331,729.4473888422266,1765.0366845729775,780.6933500707087,2226.2064028176237,5149.467286676019,4750.726217332359,4310.19205199309,1543.797515040626,547.1561755338407,375.1449814361185,1545.0709958202485
1920,3,9,1,7925.806400403085,19821.225376757502,5703.77201050346,12846.145044359331,783.2934551701588,1735.3197039937413,738.0874958577241,2315.2580513740754,4025.042944569431,3496.1884165632464,3135.559517879499,2292.05275105065,629.3879342137056,397.5655759333498,1272.4974840688103
1920,3,10,1,7547.0284132933975,34403.8571828386,5622.709824897031,12846.145044359331,816.1036469338918,1712.272159396814,499.9154482434776,2426.445395428866,3374.304797600722,2691.883668168498,3624.408635966184,2548.3983000578996,777.4118373842047,345.5796031597085,1697.7353177227058
1920,3,11,1,7581.266007972375,46709.53460424237,5348.105675431234,12846.145044359331,862.4029447034949,1815.521782261506,530.3554428358437,2561.1254124837337,5376.972854151254,2314.849959614971,2848.213381079969,2913.255168839009,809.2130582747698,304.80392763468285,1314.54690494254
1920,3,12,1,6962.628090324457,53444.4886032266,5727.435133717922,12846.145044359331,876.6645545775027,1698.1734782697329,455.78886157789145,2486.8308942595077,4992.018989185156,2169.846753398094,4891.737350612194,3025.250797046082,903.5162549691887,313.975989019911,1250.6928895354279
1920,3,13,1,8326.130460026176,68800.60998382152,9299.76730927105,11094.484678675852,885.0687175389904,1639.499326273822,530.3554428358437,2064.2172135386854,6888.311426657749,1965.5990176069795,3105.863076126641,3179.9292035587787,976.9779735658756,549.4579807848469,1330.128506788271
1920,3,14,1,8710.811480701193,57161.856409099986,11709.248841992096,11094.484678675852,865.7136755671038,1697.4136691071717,521.2225996067732,2924.1168942186696,11766.319689285227,1892.5265357338878,2667.38970336178,3044.9122517757737,948.4669213621286,479.1169269834113,1194.6216350090695
1920,3,15,1,9196.335991450946,39100.741637035455,26806.481338818936,11094.484678675852,795.0677723697115,1704.1675283297538,2025.5311416949137,2544.248004804941,6222.715773241717,2032.4552640429617,4073.221660515385,2845.0622752197355,837.7241104785168,406.7485955759159,1423.5698776093195
1920,3,16,1,11036.705089339981,27277.274134071286,14603.18485673985,11094.484678675852,708.4115142780463,1636.5445128639485,1591.0240859394494,2401.4261227391335,5059.909539479355,1895.0637746878297,2560.8672442804395,2671.966809846352,745.6218457383485,384.31704282134666,1280.2802449494309
1920,3,17,1,11883.790405966907,22879.66176553656,10729.147860201709,11094.484678675852,645.312379638983,1775.4207431276236,1516.5081957632342,2674.5178449789764,4793.093486195495,1987.0386867676596,3773.251530258119,2512.559699031584,690.789444040472,400.62292972842585,1420.4664213077385
1920,3,18,1,10652.024068664963,19424.26804058319,10898.626985927322,11094.484678675852,594.8279784956572,1669.9761160155706,1543.121013683325,2846.090687864408,4706.424698585923,1984.5014478137177,3658.79398957481,2360.121205083096,639.258440274009,405.7294776442273,1196.1814032020382
1920,3,19,1,10164.039960596514,16661.551546537376,11874.730818526074,11094.484678675852,655.405864246261,1574.9155474582124,7236.996771536588,2091.4415746687982,4318.478696904912,1984.5014478137177,3386.3561879062686,3094.5636469475326,833.333475814611,417.9588928245315,1249.1331213424592
1920,3,20,1,10991.448498672235,17681.030342797523,10494.115487733277,7247.5066823156685,1236.7702038965563,1624.6408359842285,4911.712366411642,2376.4068500494727,3920.7308680535552,2068.991504979467,3453.924610032335,3304.6176696292628,1388.1592254544669,407.7677135076045,1121.4250905283013
1920,3,21,1,10941.272713366769,20407.33687983345,8727.37554502808,7247.5066823156685,1251.8807191202263,1583.1046017655462,3186.694854372916,2066.422301979138,4245.635644461558,1778.985092545713,3260.356710347291,2301.2612804809937,1071.269941015661,401.64204766012466,1286.5193177215058
1920,3,22,1,21873.690876386034,18866.57406492854,8686.604623273486,7247.5066823156685,2763.7811468364835,1349.1678029445127,2545.2836999308715,2375.6435502047175,4257.397837065711,1669.3763697360348,2886.0853614531766,7618.564828577871,2449.547431165191,371.0685097093538,1261.595186802119
1920,3,23,1,29675.5335719172,16594.947966642445,13268.936456570293,7247.5066823156685,8193.040201020642,1361.0714798242327,4582.220335020152,2254.872552543362,3839.9431767461324,1739.9116126551846,3962.130518087395,8297.507214686446,3929.786462870522,349.65607488647316,1244.4698968478426
1920,3,24,1,44935.85917726182,15107.46801565404,12883.611274496154,7247.5066823156685,4218.465353986706,1525.1902589321965,4461.997986130404,2218.827837651511,3849.848181044299,1771.5002376315517,3948.424468047592,5053.989382223348,2030.6966051705851,335.38842384278144,1221.1055341214249
1920,3,25,1,33620.727671422756,14082.66093300266,13492.776811302085,7247.5066823156685,2343.997451437448,2738.5210682631814,4061.707410557893,4453.176105480004,3886.269707265976,1647.9367005753547,3774.453815349305,3836.970222373453,1535.037745669194,323.14805040513926,1246.0135849563885
1920,3,26,1,26809.610775941976,14003.624684860124,11439.840986475487,7247.5066823156685,1751.716188990702,2344.1801129065707,3250.650102517375,3228.843154469458,3451.068580911983,1895.0637746878297,3050.918647458167,3992.893024755009,1311.4634843943172,289.51715865929225,1781.8341594700985
1920,3,27,1,21951.41415166293,11241.796238546529,9110.30243758727,3538.506505723838,1531.255469688125,2225.396613829998,2052.9043258413053,2868.9048721136164,3017.8278199920883,2079.140460795235,3009.6802688296398,3514.796131897821,1257.6754024502482,263.00913417795834,1610.420459082504
1920,3,28,1,18952.673100467626,10733.832935880899,8150.187201755216,3538.506505723838,3251.816832346898,2273.686707271214,1519.549660668389,4298.565481367177,3951.271297973228,2051.3576942496998,3173.431498252706,4129.154372406872,1547.1653299071033,266.0664879730344,2647.7467078634127
1920,3,29,1,17216.197393328854,9725.01071240461,7446.049400155769,3538.506505723838,2788.22962090623,2321.8923774721557,1142.1545570207738,3704.463768854809,3540.6263281086467,1891.2579162569166,2921.552771643869,3282.716302335508,1300.4588246229132,314.99510695159967,2886.0535596218083
1920,3,30,1,14526.381765386563,12856.267015202044,8141.393473533687,3538.506505723838,2529.907723009523,2142.2397221523597,812.654077115725,3031.572550143424,3364.399793302411,1942.8907289693282,3036.010312327179,3087.595030081397,1141.4527201702388,344.5604852280199,2228.860507572887
1920,3,31,1,15265.24479998234,9335.157758085268,9198.239719803369,3538.506505723838,1967.083476195438,2229.1112364023843,645.2552281415822,4140.223169124461,3555.3806574278588,1843.3041000277535,2701.775056970406,2861.2394215162144,1055.9195635589601,344.5604852280199,2155.5353224164674
1920,4,1,1,20210.019249886107,20912.636039303816,9161.465947240244,6638.287407609626,1480.3211487094693,2860.5126504704494,5248.892545202256,5004.278593403692,9165.636998228387,4517.6808194141495,7156.000862890831,6090.446701486122,1658.1102671946817,540.8119157514597,2179.977050801896
1920,4,2,1,21337.49866086701,20521.00698952073,7405.678193320305,13158.907483087873,1336.6014730147235,2532.190669014297,2692.1188667407087,3865.011169538051,6995.615639888826,5126.745030304244,6192.369362284761,6634.247696224865,1744.463158666497,537.6121046110931,2323.250603377295
1920,4,3,1,18906.4326708726,25118.430097740948,18029.541143814407,13158.907483087873,1252.1353907251191,4523.566060782988,9856.880846779935,9365.689095323622,19406.586025584682,5603.111643904017,7000.906086124444,7253.210201449159,1853.8360017010286,537.6121046110931,2218.7300543605015
1920,4,4,1,18188.23025375564,23025.30159357332,30336.76350487596,13158.907483087873,1331.4231503818805,9974.60583930255,26044.23295308869,18399.766813641814,31749.66586098619,5305.493514608436,8484.165203152123,7608.858540799926,1855.969558187328,564.2297116657243,2579.5671497355015
1920,4,5,1,17555.621823336125,19664.040928204657,22298.496480486636,13158.907483087873,1216.5662565750265,7121.606857217146,15799.565330901854,11228.988827500267,20093.745698775067,5444.4073473358685,8752.996149546965,8116.32317616475,1878.8772173033708,491.8394637435735,2447.871257974295
1920,4,6,1,16953.512399670864,19252.874828319695,13477.58764437398,13158.907483087873,1109.858854124767,4540.281862358798,7046.989700100808,6441.996256574237,11812.749396933183,5725.914009274064,8864.207520484071,8584.713781243992,2031.9318220837256,498.22812776697884,2459.288117943857
1920,4,7,1,15462.012585493761,17892.385702997697,10936.200188328707,13158.907483087873,1208.4167652184506,3802.8448584966663,4276.55311205238,5313.923897098556,9073.396645700997,7854.530629670842,11647.257049620492,12603.241360899914,2319.4004855009166,518.4570707982045,2646.9427036402603
1920,4,8,1,13973.46428809916,19128.54814584925,10660.396894105517,13158.907483087873,1425.4818631224543,3662.871126109335,3568.990095923283,5362.266220600667,9382.51532150854,7403.028957819589,16111.822507325254,16460.86855469826,4645.089348014097,545.063719595508,2810.1555609511684
1920,4,9,1,12163.200661393275,19299.941358112046,9151.07335934203,9921.62553344417,1643.310975841156,3342.062813038229,2622.3341441947236,4919.637121728074,8145.937441150118,5332.768833363151,10835.233699016228,10563.925410836328,2719.386180458771,588.7214167983362,2873.1894920505056
1920,4,10,1,13240.504287068712,18516.683258546575,9510.816786589683,9921.62553344417,1295.0900014171089,3428.7654808077054,2803.132335778779,4739.243925080904,8180.398601937697,4719.898764042142,8371.75154712383,9150.540582863461,2257.976517184808,485.4507997201681,2635.525843670698
1920,4,11,1,11905.434862373335,24789.852436925306,10075.214252449387,9921.62553344417,1149.9271866279694,3460.424195913433,3176.13421234116,5061.865326136825,8137.8896251577935,4205.092980290408,8076.951242758806,8541.90656335154,2128.840203540366,462.03300380589326,2539.5277394198524
1920,4,12,1,12095.31577539182,37355.727843786044,10746.735316644928,9921.62553344417,1099.5022088590997,4067.0051773386276,2908.485300687797,4902.844525143167,8620.345876184623,4311.783878302988,8092.340491926269,7911.246736959038,2041.3643876020828,469.48461879031845,2626.8425980600537
1920,4,13,1,10562.49472625741,28294.088787135468,10364.607853924163,9921.62553344417,1072.082566065602,3182.9250051069034,2452.9414460050334,4884.270895587092,7524.604775691721,5433.243495938621,8062.764278682529,8139.593378914483,2073.5923197898856,465.22185668893206,2876.0839072540534
1920,4,14,1,10285.052148685934,22416.988897198833,9748.247448573224,9921.62553344417,1014.2721117548354,3536.2362656865234,2225.1695186636275,5326.051883521045,7967.544186653707,4568.55246044041,8963.636497527274,7311.696807290633,1943.445374125611,430.0896836888662,2904.706457600207
1920,4,15,1,9709.604759957847,23195.806758104594,10745.935886806667,9921.62553344417,952.0473496259048,3857.8888111604647,2118.380306438318,5253.453587174029,8047.609638064357,4282.098182542078,7811.847380146641,6744.501170215331,1685.1727468366882,431.15263464988607,3019.357459829452
1920,4,16,1,14083.65424798553,23498.631034694205,13466.395626637339,8091.107077264115,919.4493841995824,4212.804113305432,3866.5467458106746,6907.948406259208,10056.57149942948,4429.638627712897,7274.4259443750525,7328.496151521686,2045.5192081280468,444.99291365770637,3193.987177109923
1920,4,17,1,21366.02998976638,19381.641749449846,12590.220523829747,8091.107077264115,933.5412130036615,4135.303578726672,4117.129659940667,6562.003954390836,11598.140970471315,5942.974801782471,7741.994616347321,8543.275398807373,1972.641410253917,468.4216678292986,3554.98507332962
1920,4,18,1,22282.96787024998,17796.47654794855,10072.016533096014,8091.107077264115,963.168009706251,3581.2338527567704,2477.1041949737482,5273.044949856444,9016.64922524229,12390.86015539648,13835.896829661831,14147.536634288143,2867.2753326933303,484.38784875914826,3837.1905556750617
1920,4,19,1,19748.598792861805,17313.378581776728,8902.450679622012,8091.107077264115,931.3340590945888,3329.5681734765435,1933.2733729053373,4897.331804042036,7582.383967431389,8502.034010712981,16312.604117557556,12985.27089267285,3015.1644849278514,452.4445286421213,4103.637555245653
1920,4,20,1,22768.00046153593,16345.406553969338,8646.633131356988,8091.107077264115,866.1381282419256,3249.6193649296006,1622.9594674435484,4701.078932842414,7742.618047381087,7068.113415901272,11487.473360998478,10227.689647041452,2433.938781081206,430.0896836888662,3888.8076268049035
1920,4,21,1,21994.703064475456,15768.17552821211,8608.260499117177,8091.107077264115,790.5515959096091,3287.947516017539,1373.8128006298475,4806.159878139018,7265.2174756315235,7042.106716623529,10327.388476488522,10148.546069775084,2288.1831853329463,397.0943708681574,3668.1888679570575
1920,4,22,1,18215.77774372707,15505.313399559876,9007.975418281329,8091.107077264115,746.841459456437,3367.052092161696,1137.507874526805,4792.250858745433,8161.207656109881,7698.236710108972,11120.535951160742,10665.094794983423,2668.293117234216,407.7348387356215,3562.2211113384565
1920,4,23,1,18842.483140581255,14173.241801659875,8583.478174129117,10725.463142737111,764.6175374779868,3227.922592177151,1133.199132577832,4454.617894075628,7425.348378453112,7833.4715463532375,11592.793534988634,11129.752212455796,2643.364194078509,387.5058957043855,3539.2265905547683
1920,4,24,1,19639.392671903046,13976.09520517035,8298.881151684236,10725.463142737111,782.4021045530333,3150.42205759839,1039.251661063132,4347.671104714043,6840.540416344359,7477.4969211173975,12185.159399428409,11337.317443399517,2693.3343328365586,450.31862672010226,3458.986969078773
1920,4,25,1,19050.073154296057,13525.855005080233,8469.959137086535,10725.463142737111,755.7294984672025,3081.279423807559,955.2734356264572,4395.080506183628,7424.316607172008,6361.111781389647,10603.192676412384,10409.495883497577,2302.7812033970995,422.63806870445137,3360.2552504690093
1920,4,26,1,16881.6921579593,13471.684093432206,8572.286156392478,10725.463142737111,729.7954400355803,3123.74431366935,908.299699869107,4609.907006939324,10420.889938774217,6754.25695730056,9584.015604592392,10659.86833233375,2479.7540993133293,391.76865780577185,3390.325008416904
1920,4,27,1,16641.635459635025,13910.379673006943,9378.910863265619,10725.463142737111,737.2063837379665,3397.950998104813,869.858962873442,5697.100419172963,9648.093249255218,7486.1235335607025,9857.415234333881,11579.974637848152,2591.2604988341227,385.37999378236645,3696.8114183032108
1920,4,28,1,15632.216719961038,14040.034641869315,10023.25131295799,10725.463142737111,842.4197127728725,3664.5595909149565,800.0742403274566,6414.093406693254,10459.065476173626,7257.898889654965,10321.497279541569,11387.96435526648,2540.167435609606,460.97005284488375,3947.499935098951
1920,4,29,1,14551.961577503098,14727.383586386339,11198.413175300473,10725.463142737111,886.1722944935267,3907.023137004516,726.0483639414972,6417.825094823217,11418.61276756569,6946.579670008196,9945.061817483176,11153.022415205529,2268.4197147230357,447.1297738370634,3703.8866554674173
1920,4,30,1,13856.387455719849,14610.161285770868,11197.61374546205,10820.817544788379,823.1495613359501,3752.866300249781,647.7475396610886,6716.3601452220055,11553.774805385425,7682.1252427515865,9874.006768592672,11240.005686446264,2555.776085693591,407.7348387356215,3590.84366168461
1920,5,1,1,5504.677183576807,6579.4568411225355,13825.339624046566,11482.577095024946,318.5347543469638,4455.520929115764,3841.961571160654,6075.103464521638,5939.7009108451,3350.6777625555487,12640.825448997655,11866.310127297467,1056.5596305048728,352.1107245284044,3024.1814851686995
1920,5,2,1,5430.790880117328,6780.422042858722,13316.902246869893,11482.577095024946,1031.080437677792,4455.520929115764,4414.770794964271,5411.202221759762,6537.921899607485,3424.5114161148713,13096.491498566756,12468.846607051339,1053.7747778279893,327.3231464478837,2979.3180495138035
1920,5,3,1,5286.855245015784,6559.031743287735,12620.598857686127,11482.577095024946,1360.6254944096484,4455.520929115764,6415.040880919271,5214.101239621499,6570.009986448668,3980.4204709201736,12431.627843126767,12153.143375094385,1229.2654134484656,323.6740467569802,3302.5277472427438
1920,5,4,1,5791.859766531026,7584.194045032285,11673.27449926723,11482.577095024946,1639.8304639075996,4455.520929115764,5287.164311925399,4799.459801723846,5956.931491238817,4187.078583717485,11357.02542860197,11662.975842308218,1400.0622247991055,359.3979656528735,3535.688971972632
1920,5,5,1,6807.870227019536,10391.04651135461,10829.87601983113,11482.577095024946,1628.0306795475576,4455.520929115764,7543.001935049356,4444.101318436608,8557.614182295658,5370.827417672037,10601.028563248248,10868.553519559502,1959.9523637827547,386.3771951993997,3627.0238517288617
1920,5,6,1,7605.370061697827,9726.786807868353,10356.613555540895,11482.577095024946,1612.325930579137,4455.520929115764,6467.928576214408,4417.555446057437,7858.382785116786,4185.048792554363,10497.872502422228,11097.149040688893,1836.4306724706876,398.77098423966004,4106.37116960457
1920,5,7,1,7021.264890406643,10276.488353935107,10430.161100667143,10184.80368310585,1276.4989742599014,4455.520929115764,5375.282309038573,4376.846121003024,6599.931353599678,3604.147934052878,11095.047507227033,11782.811164489802,1522.6855765379757,391.4727848578632,4114.732813525954
1920,5,8,1,8476.657815942574,19672.921405524074,10285.464299929594,10184.80368310585,1086.9384096843598,4455.520929115764,4723.141542292202,4940.924706287771,6611.3840148195,4035.351694272678,11983.175504104924,12797.367116458676,1351.7764727407384,392.93023308275093,4038.8348148552473
1920,5,9,1,14616.894946721724,32057.635075069677,10672.388341680416,10184.80368310585,903.6597446961978,4455.520929115764,4053.5123523412517,6018.534464914845,12411.176739951932,7127.484807423174,12899.316743608155,13522.84990806657,2109.413610270361,389.2920916491853,4100.743140042105
1920,5,10,1,10345.066323267169,23861.842557055297,10058.426225844427,10184.80368310585,773.9130510565813,4455.520929115764,4009.4111112165347,6114.879867543524,9850.526774600488,4508.4198972323575,12331.838180556211,13922.300982005136,1779.835279360431,350.6532763035064,4155.415427220191
1920,5,11,1,9754.074279483373,18124.166161031968,9754.642887279806,10184.80368310585,691.3315386432039,4455.520929115764,3841.961571160654,6318.256870627673,7277.392376748118,3747.8825207927844,13437.940464470787,14388.949432867772,1457.6682499291942,325.86569822298577,4196.25884175906
1920,5,12,1,8221.15484645594,15901.38268800267,10445.350267595253,10184.80368310585,621.3308035115405,4455.520929115764,6979.06365055242,6806.175093623213,7353.12438877842,3922.571422770653,12923.362445432298,14719.958734013117,1367.6097077179943,289.41853434332273,4073.8893989870194
1920,5,13,1,8047.605659634725,13775.396417753338,10204.721886258501,10184.80368310585,551.330068379877,4455.520929115764,7472.456846277069,6897.262208432417,7005.211112802661,4941.653448615278,12898.114458516828,15605.96859271781,1546.8284525671593,278.48219352796036,3781.714264273822
1920,5,14,1,7901.407194999877,14202.547376813394,10233.50136043836,10379.326663290662,476.6179085577121,4455.520929115764,5948.007047705929,6930.847401602302,7100.54677917322,6151.408981847574,14111.22011554936,16780.678293022855,1867.9848499785644,295.24832724289394,3632.6518812913273
1920,5,15,1,8582.22373286964,13734.546222084438,9952.901487185112,10379.326663290662,446.72795119673316,4455.520929115764,5031.596774756394,7124.471128892186,7841.152204722924,7677.4313506867775,14990.090517224979,17183.862554568146,2360.0503511872444,303.2697716084707,3577.8187932686765
1920,5,16,1,12568.542299547109,20030.804641493232,10493.316057895016,10379.326663290662,423.9178644517984,4455.520929115764,4379.540493146284,7376.444888760031,16384.527943340065,15666.181921020407,14143.681813011946,15823.737869787079,4132.474329068982,347.00417661261315,3624.290237370011
1920,5,17,1,10203.39351769893,13526.743052811751,10776.314220663211,10379.326663290662,402.6867416572002,4455.520929115764,4300.208950203577,7597.4625993678,14459.24273286946,9415.186310231258,13831.087689296945,16804.321814533218,3223.5792659053604,376.16409936780707,3565.2763273866353
1920,5,18,1,22698.147897679253,23147.85218058002,10527.69154094303,10379.326663290662,379.87665491224647,4455.520929115764,4123.972955977277,8299.359212180467,14787.346000248739,7922.02118584531,15115.128166711009,16922.539422085167,2881.873350757483,368.8768582433482,3139.475690776533
1920,5,19,1,39108.58120933849,27614.732272206344,11451.033004212126,10379.326663290662,347.63522973277446,4455.520929115764,3383.798677254041,8263.992986039413,14787.346000248739,7922.02118584531,15388.046882416023,16199.54542221514,3270.8543859438573,328.78059467278166,3188.6807492367175
1920,5,20,1,22268.210286336493,22170.11162772169,10606.835094937598,10379.326663290662,312.2358766526104,4455.520929115764,3278.023286663767,7670.824195559571,14787.346000248739,7922.02118584531,16613.175390360415,16143.547608111676,3462.2007150309696,352.1107245284044,3455.6101513412673
1920,5,21,1,15599.750035351888,17396.855068578272,9955.299776700223,6399.519984872938,283.924883241968,4455.520929115764,2960.7816000291555,7722.983018285459,14787.346000248739,7922.02118584531,13686.81347835166,15996.708895573489,3515.0904574018414,371.7917546931338,3816.7688484055943
1920,5,22,1,13284.777038808848,16358.727269948466,9748.247448573224,6399.519984872938,258.7548396250248,4455.520929115764,2846.219755268413,8207.423986432621,19212.61302474403,10654.75440117213,16510.981157607486,13739.37478926698,3839.054165979472,342.63183193792963,4211.69572284465
1920,5,23,1,12079.57435255105,15396.083528532305,8186.96097431834,6399.519984872938,235.16375995841813,4455.520929115764,2643.539913394545,6214.787336114467,20009.14045372756,10671.753902163411,10981.551794616671,10799.365109245025,4121.357376850905,306.9079130420466,4478.6251249491315
1920,5,24,1,10821.244364204958,12976.153459013478,7358.112117939672,6399.519984872938,215.50311206066004,4455.520929115764,2625.9670050536565,5278.557670957575,19353.965690250247,10590.942841480828,9671.541959232569,11059.817164619772,4102.829123154059,279.20543851174034,4201.886871321525
1920,5,25,1,10060.73687320308,11904.279846569043,7475.9480761092245,6399.519984872938,198.98341395658224,4455.520929115764,2951.995145858736,5292.721123632745,19190.94582784171,11227.789818916459,10368.867312135286,12092.665735862649,4218.827220540798,249.32227077275616,3840.7281742571313
1920,5,26,1,9730.462145222054,12060.57624738967,7291.5995553908415,6399.519984872938,180.10375898049597,4455.520929115764,2564.2928555881,5155.751207043539,18558.470032547826,11662.926299514917,12633.611738450398,12989.00408027972,4447.230057021488,255.1520636723274,3561.0955054259766
1920,5,27,1,9240.903894869169,11197.393851950144,6883.730451875839,6399.519984872938,164.37354285158642,4455.520929115764,2546.635462110951,5117.671025898935,18671.964873465095,12180.903631958998,12668.478006095498,12660.483570872382,4458.3470092395655,246.40737432297055,3362.82806398323
1920,5,28,1,8069.053348255433,10944.300248348849,6229.237243236635,4100.811414620773,151.79276556985363,4455.520929115764,5084.4844700515305,4431.718898732606,18046.711477138648,11059.06342848037,10641.184885294708,9813.679141436041,4308.88576275196,245.67317108185264,3497.739972637312
1920,5,29,1,8069.053348255433,9130.906779740768,5731.752054844893,4100.811414620773,143.14242005698821,4455.520929115764,5851.1025964223345,3915.3889592928426,17363.678889072387,9147.634462539663,9599.404853759854,9186.254744302805,3813.1146108039334,235.47103350759792,3324.8790646479097
1920,5,30,1,6564.271708556256,9456.820297360446,5813.453784322159,4100.811414620773,143.14242005698821,4455.520929115764,3859.6189646378034,3699.714347598506,15871.73761664993,7997.884630567754,9091.800088250386,9461.01735217074,3143.739336339079,250.7797189976541,3413.4803300452886
1920,5,31,1,6039.983944060916,7553.112374414324,5555.237946542189,4100.811414620773,129.77216080008708,4455.520929115764,3419.02897907203,3906.568605531033,13785.496086332849,8639.679223963523,9893.363558561048,10665.219234570252,3264.3414240383236,275.5672970781645,3323.5926578908
1920,6,1,1,8386.636554071216,12612.941936652389,5336.833714710801,4962.052373948614,370.73394429658794,1518.774092670758,1895.0860913184067,1727.9412263707643,10049.968163230702,3883.4979428802058,6231.563856258274,12536.043983975555,2086.955120940898,213.2586458996436,5819.3825675682365
1920,6,2,1,6374.0956438593585,12573.867836447233,5711.686365902932,4962.052373948614,394.69854231703766,1627.004686712137,1941.299460849456,1990.0075064083449,9374.467505516215,3690.414058486339,7121.014366736469,12987.759684410716,2231.7000846693254,191.19967389429715,5422.365282148919
1920,6,3,1,7284.441803528435,13120.905239318019,5224.993480328698,4962.052373948614,355.75076487536455,1605.983299881926,1941.299460849456,2680.963488112562,9810.597226023203,3725.935403841365,8895.94784689209,12143.934845664042,2435.847752674197,212.21761145328938,5126.813329698215
1920,6,4,1,7603.107232164192,11597.903379051944,5259.528849344462,4962.052373948614,324.29882167106075,1627.8489191149233,1941.299460849456,3488.619534972701,9667.593726467365,3729.360676429121,9094.204658432902,10967.980749489992,2747.122414780665,176.49369255739612,4772.569068953464
1920,6,5,1,5340.769618245641,11354.578300502291,5917.459606288582,3924.6918340318803,305.5719696579103,1864.487261625009,1417.4071309370477,4287.9640946342715,9653.664814172891,3729.360676429121,11182.814318885446,10987.642204219685,2707.3708886674967,175.44169985371425,4324.256314093499
1920,6,6,1,7019.789132015557,10965.613393915171,5649.570667464865,3924.6918340318803,290.59727929018334,2268.452466373754,2334.155344431579,4812.096654709433,8945.353829720592,3729.360676429121,12324.624470008954,9709.77208637728,2642.91502429193,187.00266133689735,4114.2504109919955
1920,6,7,1,5501.922434579697,10608.618205678235,5776.60006877524,3924.6918340318803,276.36113657664606,2609.353510631914,2765.536450145628,5052.536105811917,7049.061392248,3729.360676429121,13446.356460109373,8445.83920226729,2516.2491444736934,189.09568848693343,3783.0006710309326
1920,6,8,1,6170.932905318799,10104.207093940091,5499.117971891408,3924.6918340318803,265.1301188008461,2586.728082236355,2958.1625608052577,5040.068875013958,6116.236977035523,3729.360676429121,12735.805971203326,8349.52296200924,2337.4795694111453,174.38970715003236,3557.397085999209
1920,6,9,1,8734.22684717712,10366.181174860101,5182.863527848798,3924.6918340318803,253.89910102506502,2392.0480901463693,2580.6829720214305,4732.798281947245,5665.249750081213,3729.360676429121,14159.311519197789,7354.130706422309,2178.1365876185646,173.3377144463505,3765.794980654341
1920,6,10,1,5338.900324283445,10908.778339071881,4859.733987196683,3924.6918340318803,246.40326678769563,2181.158835922312,3227.754630592479,4395.674183840683,5027.511921253984,3729.360676429121,13395.86048627843,7717.12098140013,1995.7736542632683,148.1337225872964,3783.0006710309326
1920,6,11,1,6483.990452067642,10946.076343813294,4870.846061949365,3924.6918340318803,238.16888489615545,2027.6773850898644,3836.3855521679116,3726.345031071563,5649.360472352788,3729.360676429121,11969.349225556001,8911.741015608668,1931.3177898877016,149.17475703364033,3465.901405398349
1920,6,12,1,6724.440685962702,11605.00776090762,4286.702679083039,3478.1471692254445,231.42857641998754,1962.2493738714197,3990.401955559354,3244.6180179280245,6923.804358726576,3729.360676429121,9059.93953333325,9657.383020293712,1834.2971159843883,134.46877569674956,3080.300979948527
1920,6,13,1,5727.418316775878,11467.360362458052,4268.795450704482,3478.1471692254445,229.92601395111888,1774.069971283146,3882.598921698961,2958.9742537964803,7479.103662196616,3729.360676429121,8249.59938185679,10607.852585010954,1656.3135880483262,143.92575177255867,2903.2592499984667
1920,6,14,1,5398.520963293569,10843.950854640694,3837.9827108294844,3478.1471692254445,209.70508852259618,1980.8224867333997,4391.030471676861,2592.6751394008656,8176.477871069645,3729.360676429121,8302.980839906579,11621.910778632371,1403.6555830918167,142.8737590688768,3341.763153335241
1920,6,15,1,5349.132249129994,13527.631100543975,3608.066689326284,3478.1471692254445,196.22447157024143,1997.0317488675196,4375.569691742354,2281.9272914857756,10074.833851104446,3729.360676429121,8956.06210145266,11595.778465384003,1425.3280252947563,150.2267497373222,2981.890863028024
1920,6,16,1,4662.511061587598,10888.35324123708,3697.8426601706105,3478.1471692254445,190.23119980175963,1863.7274524624481,4475.769063339837,2432.8062274685662,10074.833851104446,3729.360676429121,9009.44355950245,10912.85401249476,1520.8888973916205,152.33073514469618,2951.8211050801297
1920,6,17,1,5886.800223040105,9586.475266222818,3638.445023182829,3478.1471692254445,179.00018202595967,1739.2875962869975,4383.257839141477,2291.0020785291704,10124.56522685179,3729.360676429121,7508.029937597437,9367.314343237527,1632.3952969124512,162.83970392418718,2622.0185727208072
1920,6,18,1,5519.631535275686,10249.846921976854,3553.5455743523535,3478.1471692254445,167.76916425015972,1617.296014079681,639.3919596855321,1686.9774680347664,8876.844216657732,3729.360676429121,6780.647457414506,8224.212298004182,1675.8524737649664,132.37574854671348,2839.099712986583
1920,6,19,1,5420.952490841888,9113.145825101934,3810.3224384232244,1972.7872240406018,156.5296574208822,1597.1188596523536,400.58627354937653,1664.7569614426143,8876.844216657732,3729.360676429121,6521.314563240175,7441.11397766319,1641.8278624308464,132.37574854671348,3046.0504000399073
1920,6,20,1,3237.8139105916443,8787.498721802136,3701.280208475363,1972.7872240406018,148.29527552932313,1538.107014695299,400.58627354937653,1512.5210479579405,5723.854358845908,3729.360676429121,6349.748480724402,7402.7865848990095,1487.5380407373882,112.4098036914031,3495.9711633462434
1920,6,21,1,3939.3894498329196,7949.714491496172,3338.0992329227947,1972.7872240406018,137.8112944612282,1632.6610438110147,123.25536528124614,1677.9026809913712,5734.79113442518,3729.360676429121,6945.600971928759,8087.577631591687,1437.6801944259366,118.71080165616662,3610.1397630415313
1920,6,22,1,3820.1481718129994,8249.430601023356,3210.350344758115,1972.7872240406018,131.07098598504137,1727.9748820892426,269.6258638416965,1303.9705681481307,5706.004715683384,3729.360676429121,6962.673420224025,8739.64106693049,1465.8655985344485,104.00591614501374,2990.413307794038
1920,6,23,1,3944.1118766852487,7850.608364612006,3222.1019633814717,1972.7872240406018,122.82811504000476,1585.80614545455,7.703523693932364,1363.083900570847,6917.923262424426,3729.360676429121,7157.203147982017,8498.228268350858,1438.3539491058245,113.46179639508497,3667.3848637338383
1920,6,24,1,3361.7776154638937,7791.819604758387,3224.899967815549,1972.7872240406018,114.59373314846458,1736.0795131563025,46.22097319332176,1565.35835943477,6917.923262424426,3729.360676429121,7257.233267570811,8312.06664635329,1392.089461087122,98.75252758099074,2901.8120423966593
1920,6,25,1,3039.3735989034158,7344.687571729292,3006.735564935869,1972.7872240406018,106.35086220340911,1512.2735031690456,46.22097319332176,2206.8694734167943,6917.923262424426,3729.360676429121,7345.961907302174,7595.5435050019405,1326.8475495850314,114.51378909876682,2660.449974590085
1920,6,26,1,4114.61116283094,6856.794147805292,3062.6157106349424,1187.0669511373178,100.35759043492729,1552.7122352640713,84.73859166297537,2228.4114912580044,6917.923262424426,3729.360676429121,7721.555769796592,6806.845403250645,1166.9431055591983,99.80342445894497,2599.1848527817497
1920,6,27,1,4145.306937370588,7902.026328290773,2622.1298697161983,1187.0669511373178,94.3643186664266,1578.545746790325,84.73859166297537,2395.2349128871324,5582.811224724024,3729.360676429121,8420.323864808734,6852.639171228563,398.14409883281405,89.29774315664716,2572.0095100374033
1920,6,28,1,2769.1130455032944,6109.324371836668,2580.0798602200916,1187.0669511373178,89.12657265912733,1564.0249494618265,84.73859166297537,2420.254185576793,7322.171250346451,3729.360676429121,8836.795420404467,6948.084334378383,1787.246580839124,85.09525147057839,2180.6202541804846
1920,6,29,1,3129.7883963458835,5977.449283644793,2515.1661573479473,1187.0669511373178,83.13414979598384,1652.8381982383908,84.73859166297537,1952.521002920725,7910.280880554448,3729.360676429121,8653.807629522,7509.431310869436,991.0033001521427,85.09525147057839,2180.6202541804846
1920,6,30,1,3597.5054225066237,6254.875395100842,2183.7225463770646,1187.0669511373178,77.14257583819753,1663.3911032735846,15.406709447319734,2189.4831991747596,7121.491736178912,3729.360676429121,7766.280775189702,7805.099769336069,962.0430781617785,85.09525147057839,2180.6202541804846
1920,7,1,1,3945.48925118364,11766.632448119477,480.2095095851701,514.541888909181,81.55603475100446,103.88279716679378,334.01198618101915,661.4332399303992,1799.5122913084879,1472.7403508067462,2150.8880281772517,3606.259228266972,780.3314409970656,46.62628911352453,1275.6009403703915
1920,7,2,1,4240.050626094603,10808.428945363024,561.0398605385811,530.4946803724614,79.05940411769592,119.50109661894862,0.0,578.8526778357063,1719.756371282025,1253.8020014723495,1923.6561459382935,3606.259228266972,745.1389882177936,46.62628911352453,1212.1167669060094
1920,7,3,1,3330.294769782027,8565.664398364685,1042.4565091798333,530.4946803724614,76.56277348440624,84.35654592201792,395.06094563832215,640.1965420270477,1779.083219943348,1144.3074544156832,2660.0557643054044,3000.4873192536897,653.856458338162,45.69374141473989,1222.6974624833729
1920,7,4,1,3164.124374917556,10073.125423322128,1100.0954005233427,530.4946803724614,75.73084624173693,240.57246550720328,416.6131038967942,428.6352683850515,1276.4042518075978,1031.4510657450114,826.8114572261336,2735.0576804029247,652.0710084364397,51.28902760744769,1135.1574826607152
1920,7,5,1,3055.9020928860764,9081.176106752451,569.3539308571851,530.4946803724614,74.0661428510977,303.05410563977233,707.5207735609664,396.3900904982437,1670.8504125594206,984.2837935915474,2304.299605815835,2098.6736330131453,624.0315845086145,50.356479908663054,1215.959907092917
1920,7,6,1,2545.978376733114,10113.087571259508,787.4703679466871,530.4946803724614,69.90480882713106,275.7178604365387,341.19322276262477,403.4633357264255,1163.2189422746599,936.0001362983263,2237.6930117627176,2376.29835137972,573.3203156026884,67.14124266106907,1175.5506548346045
1920,7,7,1,3012.514796180855,9489.67806344215,651.9670103501215,530.4946803724614,65.74432370854049,442.0907400599969,764.9875632410732,419.1957936380848,1330.2627126793577,946.6692260995682,2125.8804982801603,2168.7331204359984,523.2041966639525,60.613408769566384,1138.0358177797737
1920,7,8,1,3024.0257116334274,8602.340769693754,679.3075108208803,530.4946803724614,63.24769307523194,243.69612539762457,283.72643308251793,376.72239783130993,1450.0513584112182,931.5092233498295,1515.6005859811462,2168.7331204359984,479.0620358868782,60.613408769566384,1203.4496013798546
1920,7,9,1,3996.648875416715,8129.100133346161,327.4704446743379,1366.0471637877893,59.086359051265305,236.66366948212902,280.1358147917152,445.93673153320043,1276.4042518075978,853.4637531270504,2305.501890907164,2168.7331204359984,488.0117438846805,60.613408769566384,1179.4098751060021
1920,7,10,1,2911.0810027496186,8135.760491336074,536.6732390663767,1366.0471637877893,56.58972841797564,294.46826210311303,305.27859134099003,403.4633357264255,971.9801353288634,765.3073856728676,2993.2089630801097,2168.7331204359984,433.71834593067655,60.613408769566384,1203.4496013798546
1920,7,11,1,2347.0461455810805,8119.065193975344,451.08628057488596,1366.0471637877893,55.757801175325184,246.81978528804578,308.8692096317929,346.0547062903587,1111.527201093074,726.005554276559,601.9600994676368,2099.91802888215,442.66805392847886,79.26436274527956,1186.1313504119682
1920,7,12,1,2916.885652422253,7771.394506923587,445.1465168761404,1366.0471637877893,52.429243299366185,298.36861580414046,344.7838410534276,389.30836416062294,1191.1799439915717,679.9546672627712,2181.786755021439,2099.91802888215,413.43833006619735,79.26436274527956,1176.515459902454
1920,7,13,1,3311.8969818368423,7188.213561362783,501.602252058984,1366.0471637877893,50.764539908708095,267.1320168998793,290.9076696641236,388.51962098769457,1065.4070248294513,746.2146625445513,1915.3603788089695,2062.959471573803,382.41192705752235,78.33181504648466,1162.0916241381158
1920,7,14,1,2222.3937534596357,7538.104367744748,552.7177959216144,1366.0471637877893,49.099836518050004,212.4510841693166,219.07840682080553,417.6183072922282,596.1574462003207,674.9055617444363,2833.7859599854546,2273.1379338423612,365.70281099637407,76.4667196489154,1353.525029683535
1920,7,15,1,2845.3605623887743,7929.111784114785,354.21137276640076,1366.0471637877893,48.267909275399546,378.8239637927748,323.2316827950041,325.6067515599355,253.8466882807991,622.1309915027995,2204.389714736159,2198.2253025304635,358.54978214496526,81.12945814284883,1189.0257656155165
1920,7,16,1,3300.287682491574,6455.041353878801,296.56448712452834,434.3488367840788,46.603205884760335,401.4747191603766,323.2316827950041,339.7617231257382,464.83359754609114,544.0855212800204,2017.6748400710167,1915.6230006880162,332.29580811882437,64.34359956471516,1074.5516443153915
1920,7,17,1,2157.6571520260727,7193.719457300597,575.8932669347901,434.3488367840788,45.771278642109884,362.42052820601555,298.0973547593845,385.37312940542034,574.7275566924949,855.1383308366457,1989.0604549002255,1979.4605087661362,346.017945099123,66.20869496228444,925.4410210794938
1920,7,18,1,3584.2235969845506,7000.480270831728,441.5810597972533,434.3488367840788,44.93935139945943,351.48771858949254,298.0973547593845,433.3507652038874,331.8692325550941,599.1055479959057,2162.790650580276,1979.4605087661362,379.4249479767105,66.20869496228444,1047.617502837991
1920,7,19,1,2241.7753803324294,7280.3929159378595,574.1105383952647,434.3488367840788,44.10657525145179,413.96935872211026,305.27859134099003,450.6522283519643,628.0288610724294,526.6800620560335,2268.711967116024,1979.4605087661362,356.1579530313815,66.20869496228444,1046.6526977701415
1920,7,20,1,2936.168895402351,6822.78191967219,610.9562596438197,434.3488367840788,49.099836518050004,394.4422632449297,158.02944736350256,378.2998841771665,197.25403351433013,330.7164114495136,2820.6810524912453,1791.4322929651335,354.3725031296592,60.613408769566384,987.011664492667
1920,7,21,1,3494.399102898583,6811.592518249977,578.2755678530115,434.3488367840788,54.92587393267473,362.42052820601555,186.75439368992502,300.43481890130954,657.6922854030909,370.57643541574123,2006.9745027593215,1791.4322929651335,503.5193307666636,60.613408769566384,889.8397140759386
1920,7,22,1,2013.8199008172246,7583.661216392531,547.9611883835347,434.3488367840788,53.26117054201664,381.9476236831961,179.5731571083194,369.6491526031281,436.2638507733713,375.067348364157,1728.5252756347086,1707.9333301574666,359.7400820794215,68.07379035985372,1028.3696417344058
1920,7,23,1,3505.024563316242,6957.143541513448,452.8690091144113,493.2492509312638,51.596467151358546,378.8239637927748,201.1253153667915,496.27211574101347,339.56624631181325,312.7527596557696,1698.8288338818502,1707.9333301574666,325.14277926737765,78.33181504648466,1211.1519618381599
1920,7,24,1,3384.3075269049077,8217.993711312927,594.3201247082491,493.2492509312638,51.596467151358546,351.48771858949254,201.1253153667915,498.62986415043144,310.43934304726815,274.00912082929904,2078.2700086680625,1554.374879926947,320.96550025207165,68.07379035985372,1523.7970440742265
1920,7,25,1,2887.8624040594095,8217.993711312927,641.2706391131328,493.2492509312638,50.764539908708095,355.38807229052003,215.48778853000272,416.8380452286669,164.28894108413508,307.1327753727816,2423.3258298457927,1591.2089976483212,328.11852910351837,73.6690765525615,1218.8382422120421
1920,7,26,1,3397.8845041050668,6846.04877024884,467.1308374301236,493.2492509312638,49.93261266605764,339.76977283836516,204.7159336575943,467.9536915001132,403.298758343321,284.1073318658877,2487.527853716539,1538.3221732171512,270.84938131337367,65.27614726349981,1046.6526977701415
1920,7,27,1,2726.6112038326587,5777.460934413417,567.5712023178232,493.2492509312638,49.099836518050004,349.1407525096775,283.72643308251793,471.10018308238745,410.438615608215,230.77456905433183,2270.9963087892766,1538.3221732171512,248.77268630250097,65.27614726349981,913.8955204342808
1920,7,28,1,3650.9278762730046,6491.717725207167,580.6498744728698,493.2492509312638,47.4359820327491,280.40335027217054,150.83976226824169,408.18731365462844,410.438615608215,244.80550046957913,2238.8952968540466,1425.3310283150195,222.52994152103128,62.478504167135654,975.4661638474539
1920,7,29,1,2631.9658990016665,5880.740885636714,427.3112371830144,493.2492509312638,47.4359820327491,93.72668136092558,168.80130223591098,377.5111410042382,178.0218168352418,233.0200255285802,1614.3081919696367,1522.3939060944729,226.70722053629942,66.20869496228444,923.511410943795
1920,7,30,1,2126.764609701034,6451.75557727049,450.494702494553,497.93115207194853,45.771278642109884,58.580442199136925,136.47728910503048,517.5088136444369,347.25294235582277,178.55819138253307,1852.2404115204336,1383.519327117627,212.98508355600083,62.478504167135654,887.9261840247295
1920,7,31,1,2580.7078908758963,4746.615127184467,583.0241810925644,497.93115207194853,44.10657525145179,126.53355253444414,129.29605252342486,466.38468626362356,569.2385334772229,215.61456630467424,1754.7350906231288,1432.6729639419284,190.3132385779,69.93888575742297,921.5818008080963
1920,8,1,1,2040.5803196467627,7911.972462888997,204.1424035153479,450.48280161122113,41.76444539177455,184.81935762502755,2.9531779377662937,147.44408668131925,206.01377169057224,184.901288767388,757.7161330341759,664.7811611195203,266.7956239894121,76.0809889908994,827.6741075376461
1920,8,2,1,1832.104850897375,5858.09566847241,197.72298191367838,450.48280161122113,38.93334605071409,91.76806218638934,47.25000215289813,109.45719773996804,468.12494793277034,46.53169379553881,433.62816384718167,697.0607899605554,259.1372791280682,85.72425544133019,701.4132843252956
1920,8,3,1,2401.550822167766,9891.075638276174,123.76772756996134,450.48280161122113,38.22535898911911,30.016683082217746,0.0,110.74632636662766,8.704744766975912,230.21637648449374,454.8845642598311,703.0463340902859,270.07456343152137,85.72425544133019,714.0522307140757
1920,8,4,1,2121.255111706486,9342.262139940942,126.58971489925972,450.48280161122113,36.80938486591029,25.299956647669845,0.0,102.05318924568233,323.0475881018699,45.307476000269176,499.3450669327931,545.2196060291895,271.16380016397545,77.15161073204342,611.6381727620346
1920,8,5,1,2130.109662054644,9519.87168632789,231.09917766386562,450.48280161122113,36.80938486591029,18.010009849330654,7.382818116711342,121.05087427104145,556.1350382077779,230.21637648449374,313.7843859551603,650.4332767503693,266.7956239894121,84.65253787444826,569.5565917193921
1920,8,6,1,1840.9594012455334,7767.8423159961,300.6895450902965,450.48280161122113,35.393410742701455,20.154360152490053,11.812711751065175,145.51039374118588,35.785955112519375,271.8397815236981,389.8048722724619,573.9153747676365,241.6421159403965,86.79597300820186,482.579414852941
1920,8,7,1,3044.6863291119175,9308.516326127718,230.33172501905634,363.7102957443474,33.978285524849824,113.20312289392243,0.0,113.96066682405367,560.0041805117017,1209.8316504008624,407.8511714915596,459.1322998141382,165.10358430556676,83.58191613330422,433.4708368994945
1920,8,8,1,3044.6863291119175,7134.220259261342,224.42393851376272,363.7102957443474,32.562311401641,85.33501127690565,32.48453488974797,105.27601081247533,252.44347933852632,216.74363763916548,337.6256993140023,514.1221532637448,148.70888709505815,91.08284327570905,483.97838220134594
1920,8,9,1,3044.6863291119175,7961.4367215574375,230.07590747078658,363.7102957443474,31.14633727843217,65.1798068920027,0.0,107.52350479983465,347.22198921725936,264.49447475201663,373.706274901171,327.61210042285535,119.18720287147914,82.51019856643255,398.40017268323305
1920,8,10,1,3044.6863291119175,7733.297259223945,182.829604025491,363.7102957443474,31.14633727843217,95.62620426723132,8.859111387617624,121.37315642770635,501.97736366454126,124.90193060436737,356.30920963134224,459.1322998141382,104.96761035250779,86.79597300820186,384.3783390305377
1920,8,11,1,1600.017247886669,8374.378916906844,168.9594963305463,363.7102957443474,29.023224998966683,78.47309030676705,8.859111387617624,123.29836825840077,417.82609798074765,216.74363763916548,407.20193754229075,417.28326674063965,116.99750016186188,72.86583629027413,420.8479705951374
1920,8,12,1,2334.649775093921,8607.04742267334,231.09917766386562,363.7102957443474,27.60725087577673,89.62371188321193,8.859111387617624,113.00230146342594,495.2089440606711,127.35670929229488,346.6428374980378,436.40963124676796,73.25846926823816,39.648070845767464,460.1316169410366
1920,8,13,1,2205.865259476647,8228.739088869379,235.72787642781037,363.7102957443474,26.899263814162882,79.75885625627853,8.859111387617624,115.57207760745017,190.53720247458753,170.21067522410607,394.3254642154346,388.5874980023374,80.91232243172873,24.646216560957814,440.4978338102985
1920,8,14,1,2137.980373475193,8808.190233956111,259.8626632468341,502.0599976807349,27.60725087577673,183.5361243727787,8.859111387617624,141.97377112709495,268.87959584592346,133.47145517128857,490.9651398469998,379.01809377001877,87.47244716487396,21.431063860332547,447.50875063667957
1920,8,15,1,2039.596480719153,8066.581573018471,261.14175098818293,502.0599976807349,27.60725087577673,209.6904442120823,26.578179014215387,122.33152178840604,213.75205629856458,175.10754640522703,458.1066883042659,505.7598130243244,102.78015349181717,19.28762872657895,389.99028850851374
1920,8,16,1,1994.4382739444309,6778.468337848395,243.68220331909848,502.0599976807349,27.60725087577673,210.121002737498,19.195022956958997,124.58749688513235,281.4568877621066,124.90193060436737,520.6014673454425,485.4263845252979,113.71856071975257,22.50278142720422,432.07186955108955
1920,8,17,1,2913.934135639752,5226.072097655512,178.7205346566124,502.0599976807349,29.023224998966683,191.6829670599755,19.195022956958997,119.76174564430984,256.3023039297404,83.26710798995089,421.3768787676847,414.8940266722958,110.43400665530773,20.359346293450617,505.0272127648453
1920,8,18,1,2247.1864944339545,7230.307023856374,137.11820587004115,502.0599976807349,29.023224998966683,151.80142835082452,0.0,103.98688218574374,546.4673413041062,188.58028525055528,548.9513497962304,353.9061851341599,132.30296063987845,20.359346293450617,505.0272127648453
1920,8,19,1,2313.9891576151035,6541.2707886489,204.1424035153479,502.0599976807349,26.899263814162882,121.78052410658354,25.101378832491584,100.44177846228584,390.7524195655566,108.98202478800061,671.3800406343008,524.8861775303079,159.63494215384017,24.646216560957814,607.4251906324635
1920,8,20,1,1718.0779191935892,7778.321279232675,213.1279948982417,502.0599976807349,26.191276752567905,106.34795578302126,16.24226744487396,104.95372865581042,151.84577943448107,155.5200616809051,525.110036437532,534.4555817626266,148.70888709505815,13.930136717927722,516.2511117207974
1920,8,21,1,2146.834923823023,9509.21511354473,239.828951498326,195.86747725365322,26.191276752567905,119.63617380340611,19.195022956958997,144.87431053722304,0.0,85.7168121999524,728.079805535733,658.7956169897898,131.21372390738642,11.786701584174123,534.4859275031307
1920,8,22,1,2051.4025478501403,8775.154858327822,240.86021598976808,195.86747725365322,25.483289690954052,108.49230608619868,19.195022956958997,114.28294898071857,122.83237101099739,0.0,578.5876772945295,496.1904087918609,114.8077974522446,17.14528941855299,545.7098264590828
1920,8,23,1,3143.070221867957,7035.202937150468,223.40066832068365,195.86747725365322,24.06816447310242,110.63665638937611,20.6718231386828,49.578021139666276,524.2223524843961,284.09464567115367,634.6502310977196,564.3459705353179,112.61809474258945,17.14528941855299,437.68381902906566
1920,8,24,1,2686.765727266766,8120.663679893206,152.26740130635923,195.86747725365322,23.360177411507443,108.91442228761616,20.6718231386828,61.16745711608549,69.63837084431974,0.0,668.157916589866,459.1322998141382,106.0613387828531,16.07357185168132,485.37734954968414
1920,8,25,1,2369.084137558289,5610.419156036339,144.31307441499436,195.86747725365322,23.360177411507443,116.20859024797981,20.6718231386828,29.617730198939814,184.7386478749843,25.714916798047206,577.3012322470183,448.3682755475752,109.34140114944469,11.786701584174123,628.4740211959629
1920,8,26,1,2363.1811039929594,7671.755551400366,276.03512887620667,195.86747725365322,21.944203288298613,157.80392073484393,20.6718231386828,6.438688623913615,24.179559971799513,53.87953780611056,644.316603231024,459.1322998141382,109.34140114944469,10.715531930166273,519.0490464176074
1920,8,27,1,2606.090935207043,5922.656738584421,283.99745006602143,195.86747725365322,21.236216226684764,195.1105506154018,20.6718231386828,89.82342951057413,480.70223984895335,193.47715643167626,453.59811921217636,314.45883608794855,100.5938195556088,8.572425544133049,486.7923969825121
1920,8,28,1,2478.2902585170505,7799.368010479822,267.3053550417463,299.86098813084095,21.236216226684764,160.80094576485453,1058.6832424016168,108.49035126990135,86.08067797939961,62.45033099247499,490.3279287487576,483.0371444569541,100.5938195556088,9.644033528436326,454.5196674630606
1920,8,29,1,2919.837169205082,8668.589130496215,239.828951498326,299.86098813084095,21.236216226684764,120.0667323288704,1058.6832424016168,115.89435976418704,186.668060170519,117.55408659380387,588.2540494278339,534.4555817626266,98.40748561940046,8.572425544133049,374.5534074229237
1920,8,30,1,2650.363686947179,6116.3399489190515,247.79127268814077,299.86098813084095,19.820242103475934,111.91988964162498,1058.6832424016168,118.47261701757826,52.228262247599254,143.26519753344954,612.0953627866759,558.3728703642411,95.12630032836451,16.07357185168132,380.16535690089984
1920,8,31,1,2305.1346072669453,6752.89256316895,153.5544833460676,299.86098813084095,19.820242103475934,105.91739725760557,0.0,103.66460002907884,326.9167304059384,79.59445460415769,418.80398867251876,523.6915574960636,91.84623796177294,10.715531930166273,455.9186348113988
1920,9,1,1,1949.1816832766854,8802.86194756418,130.96259611491456,475.599151111557,27.40860702394887,44.62359211578635,53.32025919274133,74.38781042747885,423.56274630351356,40.97260324748538,586.053867710907,530.4859589406109,99.05092133868409,0.0,821.177753414136
1920,9,2,1,2731.628782363402,8156.896027355811,154.8495596841591,475.599151111557,28.239685361261003,46.88275802572912,37.91608429953183,65.91942270524586,5.842301701912406,76.82378966646982,426.9795272927244,444.4982043950798,92.7951091359518,0.0,653.4785525377315
1920,9,3,1,2613.764878841873,9255.233462211212,151.70780041952958,284.3945041181364,28.239685361261003,48.95450434224247,80.5726295942611,60.77223741868255,525.8009625443264,58.8981964569776,330.7005371885149,425.12296071515067,93.83718304083273,0.0,503.11368271363625
1920,9,4,1,3114.046973504786,7308.188809946809,177.26557235078715,284.3945041181364,27.40860702394887,50.46061494884131,41.47121883310942,59.610325432755396,0.0,41.826384155481755,284.65301819510177,365.7777217241007,91.75191230658862,0.0,475.6488984488752
1920,9,5,1,1076.7133223189383,8006.016717700409,198.01077665540006,284.3945041181364,27.40860702394887,49.70755964551759,59.24435694687591,60.77223741868255,364.1739913652087,11.096868288893846,556.1530374926044,634.6543371318268,82.36875546473132,0.0,383.1240924422734
1920,9,6,1,2280.5386340780174,7187.147904084677,208.49130183593397,284.3945041181364,27.40860702394887,51.213670252165024,53.32025919274133,63.92721011039706,426.4826590288794,38.41252914297339,441.9239309765059,526.8647669619164,79.24028790116195,0.0,481.43772885597144
1920,9,7,1,3282.9721173663665,8787.143502708965,150.44470127497115,284.3945041181364,25.74814816003899,52.34325320715059,61.61416501881839,56.28912299706874,450.83246126207104,34.14362460299168,471.824761194952,520.804559080118,84.45402619897541,0.0,377.33526203524394
1920,9,8,1,942.0848034718862,7693.246306513274,147.5107937683069,284.3945041181364,24.917069822745734,59.309858995178146,61.61416501881839,56.95319386201839,185.0069084080425,34.99740551098805,774.4278958019427,459.0327481446178,81.32555863540604,0.0,228.43367989737922
1920,9,9,1,3102.831209730627,8678.712874640323,155.47311495805502,284.3945041181364,24.917069822745734,10.543618478802367,61.61416501881839,63.92721011039706,0.0,29.875988682486945,379.7417460591523,442.0716324504849,76.11294326203692,0.0,429.3864954455743
1920,9,10,1,2331.599874418397,8101.837067976264,183.76493693641368,336.50568483909655,24.917069822745734,15.627586008576372,35.546276227600906,69.24062514093252,183.0568606867989,7.682378966646972,254.75218797679923,508.69658727503014,77.15501716691784,0.0,488.6576867803854
1920,9,11,1,2039.2029451483716,8321.89529594927,219.59538229025267,336.50568483909655,24.917069822745734,50.648878774696534,36.73160268924762,72.89343895357698,183.0568606867989,62.31332008896293,73.55580188031946,342.7563981483141,85.49610010385634,0.0,456.85127971033546
1920,9,12,1,2361.21342613774,7760.826738913718,180.62317767174605,336.50568483909655,24.917069822745734,67.40604773823986,34.361794617316754,69.24062514093252,183.0568606867989,33.29111231447227,215.28116843225746,345.1829700927642,85.49610010385634,0.0,365.7736813054744
1920,9,13,1,1683.7419406219165,7528.247037920516,145.8399854062011,336.50568483909655,24.086840390790798,48.20060480652904,77.01749506067434,62.765298124469915,423.56274630351356,52.922998720480194,186.58262330499699,359.71751384230225,91.75191230658862,0.0,419.2560422331892
1920,9,14,1,2532.9917028894547,8246.500043508215,114.40640416313896,336.50568483909655,24.086840390790798,39.727888411840894,45.025508515324496,70.23715549382625,1.9474682930135103,19.633155025484882,206.31212165175455,368.191849709897,72.98447569842966,0.0,387.4496351631393
1920,9,15,1,2033.5950632611282,8499.504842336217,155.89681277236897,336.50568483909655,24.086840390790798,39.1630969343552,52.134932731097045,66.25188219319001,222.97609155123126,41.826384155481755,171.0250542247396,330.6484263432263,80.28348473048723,0.0,445.2896989806327
1920,9,16,1,2166.3149345888405,8804.371628708746,81.30201455797098,336.50568483909655,23.25576205349754,38.41004163104096,55.69006726468382,70.40253712685967,21.42163533750803,68.28851782546033,73.55580188031946,444.4982043950798,69.85713105930465,0.0,396.13288077378365
1920,9,17,1,1447.9157496861628,8417.804450998417,89.8878910216152,327.35166224218057,22.4255326215426,59.309858995178146,37.91608429953183,68.74278401995495,0.0,37.55874823497702,212.8886211007694,299.1527668997002,64.64339276145327,0.0,359.98485089844485
1920,9,18,1,2574.706473417871,7767.131877810462,164.482689235989,327.35166224218057,22.4255326215426,43.87053681247211,42.65570044339363,69.24062514093252,404.0932222297858,57.1919032604619,221.8576678811288,492.9425355739402,68.81393422994147,0.0,378.7824696369846
1920,9,19,1,2207.1442500823428,5054.412471072841,199.89743107380775,327.35166224218057,23.25576205349754,90.56925217436566,8.294243766621864,54.79475152319751,0.0,34.14362460299168,247.57454598219158,506.27001533057995,68.81393422994147,0.0,368.6680965090225
1920,9,20,1,2622.029125833203,5629.68979181904,153.80230659594937,327.35166224218057,24.086840390790798,79.45662105608287,60.42883855717411,56.45535274104081,255.11576695654287,0.0,202.12816953437124,375.45912158473834,78.19821399624313,0.0,399.0272959773318
1920,9,21,1,1201.070562761969,9585.587218490597,150.2368495170059,327.35166224218057,24.086840390790798,86.98970678638828,45.025508515324496,63.26313924544748,708.8681409439798,37.55874823497702,275.6839714147424,438.43799651313657,65.68658959081645,0.0,290.59928643567173
1920,9,22,1,3003.5618619400007,10126.408287238633,101.20781753234152,327.35166224218057,24.086840390790798,61.19249725348744,14.218848431585378,70.40253712685967,0.0,32.437331406475984,219.46512054964074,301.57933884415036,71.94240179354874,0.0,345.52885496519394
1920,9,23,1,2071.6696297578483,10198.340153524794,116.2930585815933,327.35166224218057,23.25576205349754,38.59830545686951,35.546276227600906,71.73152696769746,0.0,32.437331406475984,325.91544252553877,306.4200387743968,67.77186032506054,0.0,433.72811825092987
1920,9,24,1,2156.083009741963,11696.47667729706,116.2930585815933,338.00274895138205,23.25576205349754,51.590197903826876,29.622178473454962,66.91595305813959,48.686191439697055,37.55874823497702,300.198564424476,370.61842165449184,63.60131885657236,0.0,472.7544832453271
1920,9,25,1,1427.5502838857594,8006.016717700409,172.86870824002327,338.00274895138205,22.4255326215426,29.37253375886712,34.361794617316754,58.94625456780575,453.7523739874369,17.925593209492217,284.65301819510177,312.48024665634,58.387580558720984,0.0,420.70324983499665
1920,9,26,1,2540.3704948461987,1709.9359078374976,171.82145515185525,338.00274895138205,22.4255326215426,24.85335770657876,37.91608429953183,55.45882238814709,404.0932222297858,46.94780098398278,280.4690660777185,242.23409985310033,52.13176835602659,0.0,367.2208889072818
1920,9,27,1,2420.637297362474,2773.99470024062,125.30263285955148,338.00274895138205,22.4255326215426,31.631699668809883,43.841026905040344,58.780024823833756,196.68655930965042,0.0,247.57454598219158,319.7475185310366,52.13176835602659,0.0,426.4920802420262
1920,9,28,1,2280.5386340780174,5430.056661680835,95.54785427697828,338.00274895138205,21.59530318958766,34.26823746281258,14.218848431585378,61.6025380276042,0.0,38.41252914297339,299.0083021841736,333.0749982876764,54.217039090270696,0.0,416.3777071141308
1920,9,29,1,433.4499163138237,9156.660163966799,69.35693391367202,338.00274895138205,21.59530318958766,43.87053681247211,91.23549864088596,51.806008575454996,0.0,16.218031393499466,293.0209224300119,400.8945731464659,55.260235919595985,0.0,436.60645336998823
1920,9,30,1,717.4743763102915,9398.20914705271,73.75699574383006,338.00274895138205,21.59530318958766,43.87053681247211,91.23549864088596,69.24062514093252,296.0048628252421,15.364250485503172,222.4588104267216,499.0027434557386,51.08969445110779,0.0,364.3264737037337
1920,10,1,1,977.1881764070417,11673.387436266294,0.0,389.55133870030426,20.694614613608554,145.91712850316898,30.600516351278834,197.16883101334236,1.4969969516997532,70.94120115179072,724.2084475420294,452.54944566728545,76.18256457895238,2.772329521923374,438.32702240765406
1920,10,2,1,1697.3189178220762,8382.460151267333,0.0,389.55133870030426,20.694614613608554,45.64426909079411,30.600516351278834,175.23668214031528,0.7390680863409282,49.94808604700111,550.3580233528601,414.7322552093614,69.55843315122725,8.316988565770131,543.1530930292853
1920,10,3,1,2185.499793676244,2903.0280356906483,0.0,389.55133870030426,21.52314623486798,39.17491618799465,30.600516351278834,187.34770634399794,0.5601898993423845,39.08997194367177,455.97864369278125,430.5858585799717,75.07872982838033,5.544659043846757,444.67865577095694
1920,10,4,1,1930.1935919750008,2561.4848779890494,0.0,389.55133870030426,21.52314623486798,80.8656449363863,0.0,159.47029979111616,0.315402162909297,57.91121050390008,454.9927699180665,243.96381011090799,71.76610265229557,10.165208247052387,330.3331751465496
1920,10,5,1,1165.2588257988818,7556.842174888396,0.0,389.55133870030426,22.350828950770214,75.47522104435177,12.750496763487005,159.47029979111616,0.44721094406557466,72.38869597500587,191.7284034954723,224.43923892684302,71.76610265229557,9.24109840641126,522.5062645773621
1920,10,6,1,1639.075653310671,8134.5172245113845,0.0,389.55133870030426,22.350828950770214,77.27174759757793,14.025377469563235,141.1935090636056,1.308698692905075,57.18682878255402,464.92364477137437,342.76884210696795,69.55843315122725,12.013537510903026,436.7511741301957
1920,10,7,1,1590.7691619677294,9806.71110374241,0.0,389.55133870030426,22.350828950770214,67.20849735598173,11.474771206048308,123.60368819633172,0.0,52.11996259156242,384.454703616686,391.56160412914954,69.55843315122725,13.861099696748022,431.9753890443513
1920,10,8,1,1533.4113524909105,10745.377556396283,0.0,318.3502066885349,23.178511666672446,79.4279171543723,14.025377469563235,72.42528171545457,1.1957197376282653,40.537466766887,270.2135742497044,372.0370329450846,70.66226790176141,16.633538801243155,466.9174125848951
1920,10,9,1,2283.0966152897367,10975.381918966812,0.0,318.3502066885349,23.178511666672446,63.254957013556535,76.5012908781553,73.11055535390422,0.8285123386966057,0.0,302.0019920613979,313.4882073101974,71.76610265229557,16.633538801243155,424.0318273190336
1920,10,10,1,2371.740502662704,1216.1813688825137,0.0,318.3502066885349,23.178511666672446,79.4279171543723,153.0025817563592,66.48511270131408,0.0,33.2987240313341,292.07111720794654,420.8297949672662,77.28639932948654,14.785976615398159,428.807612404878
1920,10,11,1,1443.7836261903337,2040.2896641168827,0.0,318.3502066885349,22.350828950770214,81.58493094357135,15.300258175639417,53.005237442682,0.8332172157382703,50.672467768347175,157.95621528332248,232.9882385466504,125.86860344700425,16.633538801243155,458.9738508595774
1920,10,12,1,2000.9316108662604,5771.955038474901,0.0,318.3502066885349,20.694614613608554,67.56814035954997,24.225267969535313,76.3096298143833,0.8285123386966057,60.08308704846137,401.3468091481307,284.22001647208083,114.83025594154896,12.937318603825524,447.86251249485315
1920,10,13,1,1322.8698219936086,4919.606825365121,0.0,318.3502066885349,19.039249181804085,57.504890117953785,0.0,62.60076460237513,3.092837592125718,53.567457414777564,385.45260024228395,308.6101755038447,117.03118789583735,10.165208247052387,433.5673174062994
1920,10,14,1,1435.8145308774176,8167.197381046504,0.0,318.3502066885349,19.039249181804085,68.64622513794716,0.0,108.06629580054482,0.0,24.612486472565973,233.4597190113569,301.2931277942431,118.1428831176716,12.937318603825524,365.27519868709334
1920,10,15,1,2560.7359606466025,8578.452285704758,0.0,416.7845559261466,19.039249181804085,80.50684616517417,16.575138881715603,53.462369238605156,1.520521336908076,70.94120115179072,194.71007052166996,247.62233396570872,113.71856071975257,11.089756417980528,404.9769272290585
1920,10,16,1,1456.3767644632119,7553.911617373255,0.0,416.7845559261466,18.211566465916082,43.84689830519317,16.575138881715603,86.59212683441416,0.8708768674972074,63.70245841623782,133.11700529893716,242.74430215935598,105.9939633148643,15.709757708320657,403.4010789516001
1920,10,17,1,1590.7691619677294,8453.770384141148,0.0,416.7845559261466,19.039249181804085,16.172960140797247,5.10011422025856,86.59212683441416,0.0,71.66558287313678,169.87086053723013,275.6710168522734,98.26487421212273,14.785976615398159,298.5750083299021
1920,10,18,1,2327.8612864936777,8421.090227606026,0.0,416.7845559261466,19.039249181804085,42.4100147555958,29.325635645202606,102.35850918354132,1.859458202738517,33.2987240313341,203.65507160026308,313.4882073101974,85.01548843222811,13.861099696748022,431.9753890443513
1920,10,19,1,3265.6565522414876,8603.761646065028,0.0,416.7845559261466,19.039249181804085,89.85165463198999,11.474771206048308,68.0846499315758,0.0,0.0,102.32287725773702,386.6711283641429,81.70286125610545,15.709757708320657,721.030987371544
1920,10,20,1,1226.1584554147018,8291.879282610116,0.0,416.7845559261466,19.039249181804085,42.4100147555958,0.0,41.81017305272709,1.002685648653485,49.94808604700111,131.13323489843816,328.12230272925575,75.07872982838033,16.633538801243155,427.2156840429299
1920,10,21,1,1639.075653310671,7653.372963349889,0.0,416.7845559261466,19.86693189770632,23.00195604719745,21.675506557382946,56.432453745697714,2.123075765051069,71.66558287313678,269.2156776239629,311.04919140694864,80.5990265055713,13.861099696748022,331.9251035084977
1920,10,22,1,2121.845415062986,7763.224467789807,0.0,352.08659413434043,19.86693189770632,10.063250241598519,0.0,54.60477467294371,0.39072146642716976,34.74621885454926,249.35392791720363,364.719985235483,69.55843315122725,13.861099696748022,401.8091505896519
1920,10,23,1,1570.993999523826,8979.050617579853,0.0,352.08659413434043,19.86693189770632,14.73523235879704,24.225267969535313,88.41556535241695,0.4189610463899681,55.01622085746969,116.23091119287159,508.6592553989238,73.97489507784616,16.633538801243155,411.32856059236127
1920,10,24,1,1063.1363451184504,10498.500286918439,0.0,352.08659413434043,19.86693189770632,16.53260314439798,0.0,74.25296078824881,0.15534348407741144,5.791121050390008,150.00911083032733,453.7689536188375,67.34964072567666,17.55841571989329,462.1577075834736
1920,10,25,1,1715.2247863034556,6744.544914488585,0.0,352.08659413434043,19.86693189770632,14.73523235879704,62.47591340859358,58.48827466094402,1.4169315002889775,94.10619280106665,400.34891252238936,368.3785090902838,67.34964072567666,17.55841571989329,350.9800035985396
1920,10,26,1,1495.8287054583232,9254.34541447969,0.0,352.08659413434043,19.86693189770632,17.97033092639819,149.1754050840352,67.39852818222175,1.3934071150806564,89.76243971193873,71.52754693144573,189.0735083308216,64.03813647403629,21.25463591731092,821.0812729073309
1920,10,27,1,1832.59677036118,9015.460574589042,0.0,352.08659413434043,27.31692524618362,25.158125603996293,89.2500979389458,35.41287224261874,0.5695996534257136,138.98994989607996,429.16768615876833,258.5979055299663,43.059661591362186,19.405977905738286,679.7373304676307
1920,10,28,1,1335.4629602664866,7898.385332589994,0.0,352.08659413434043,66.22395523108896,18.32997392999893,303.4537123978681,41.81017305272709,1.1250434048751923,77.45683078547445,260.282699396253,463.525017231543,44.16349634193424,18.482196812815786,495.5078027620692
1920,10,29,1,1225.2730003801155,8481.921497243966,0.0,437.35250044861607,62.0846927462206,13.657147580397618,223.1252448473888,39.29722034155762,1.482861685149146,81.07620215320483,6.954016967567301,442.79338205457987,41.955826840828024,18.482196812815786,590.7983832965014
1920,10,30,1,737.1413164722956,8579.961966849327,0.0,437.35250044861607,41.390078132593175,15.454518365998563,114.74771206047821,53.462369238605156,1.5157751890151703,42.70934331144822,295.05278423414427,267.13446119111984,55.205212620760555,22.178417010233417,451.03028913432644
1920,10,31,1,984.3308470212512,11170.752419991892,0.0,437.35250044861607,33.940084784115875,15.094875362397776,49.7254166451109,16.9070915616478,1.398153262973562,130.2999064788611,51.658583514084384,274.45150890057664,70.66226790176141,18.482196812815786,555.8563597559577
1920,11,1,1,2060.7490176617753,6191.735201360106,1012.6377762101704,282.0392503874117,40.70670932613031,526.0580948443313,147.24069546383222,815.5689219175946,1878.1332629257367,167.2801642323549,1984.131086026221,1194.4582627454593,82.41704121678681,23.902150888250116,548.588161578208
1920,11,2,1,2510.658559233832,3641.9725534323225,753.1188677937624,282.0392503874117,38.35778822367102,551.1149125600273,124.23539286180625,588.7840569271094,1455.9324547132228,180.56261015618608,2206.794284918674,1298.7759684409557,77.96239985830125,28.248195745336975,487.9984033173739
1920,11,3,1,1927.8323785486723,3843.4705838082646,820.6147290436936,282.0392503874117,36.00971602655006,517.7086363804483,73.62034773191611,438.43943083566205,1467.1787616768247,156.6618192101304,2567.8404978094595,1223.4402425336687,82.41704121678681,28.248195745336975,548.588161578208
1920,11,4,1,2356.4909992857392,4793.415242657643,860.7461069277772,224.41658522774605,34.44348565645814,509.3591779166138,138.0402641257626,526.6344873441057,1464.7025106023193,58.41612105573153,2477.909572986767,1347.1829677438545,75.73451771681735,34.76616720523963,408.2572644597597
1920,11,5,1,1894.8737744757186,5124.213022802789,972.5063983260867,224.41658522774605,31.31272272696981,527.7296750019076,82.82246877272651,336.8102970592643,2294.556151964356,164.6287495254823,2424.7685719552155,1478.5911715068185,86.87280549975463,28.248195745336975,427.3925649720501
1920,11,6,1,1889.0691248030844,6360.6418799742205,773.5123229694225,224.41658522774605,29.747341262216207,509.3591779166138,207.05617193184057,447.6838400667565,2290.635421096305,124.79917242672981,1842.261445263306,1349.049561547289,84.64492335827072,26.07517331679355,532.6527978742369
1920,11,7,1,2339.9625053027507,10636.147685368007,938.7704591485838,224.41658522774605,33.6607949240719,548.6075423236143,207.05617193184057,623.2258421450027,4359.749548147489,111.52306960034662,2459.394382582222,1349.049561547289,100.23785249973147,30.42121817388041,711.2542960173326
1920,11,8,1,2088.7884270973373,6424.847730993061,938.7704591485838,224.41658522774605,104.89923405551903,463.432935203258,147.24069546383222,623.2258421450027,5605.407015779483,80.98613017038231,1866.5476041058294,1401.3141880438843,21018.900163450213,8083.248936920663,26890.725249362786
1920,11,9,1,1952.133200059514,6431.68569852886,659.5935710077094,224.41658522774605,144.82325264928198,511.8665481529782,174.85043799169637,209.14415746686547,3535.8801802157122,185.8654395698503,2431.741825484379,1190.588191592964,13843.41282268481,10664.685616155017,32870.90866157234
1920,11,10,1,2213.9327386825867,8436.364648595481,897.9995373939894,224.41658522774605,90.02641232974925,508.52338783782574,179.44642940392782,328.41399876681095,2700.2486196797813,154.01040450333875,2592.1266566519826,1126.8129033084026,3327.8989488407315,2116.368238147999,10228.702528477044
1920,11,11,1,3020.779043172513,6843.473431826166,957.0774024464346,629.5106914625632,79.06449754980132,592.0264148006058,156.44112680190185,286.41554508566645,2282.071719463429,122.14395186145315,2601.2640233451366,1374.1863581004554,1984.656702045191,1086.4564229854675,6079.236732508578
1920,11,12,1,1359.5670139916099,5304.930736251463,810.062255177893,629.5106914625632,73.58481351785372,494.331841146424,188.65530925565272,404.0061267271357,2701.796276601293,242.966002227955,2699.370486788034,1459.3030355377557,1552.55536734617,738.7837926757126,3738.1372353760366
1920,11,13,1,2552.3733297622484,4801.318867471546,760.8573486287593,629.5106914625632,63.40813618630698,582.0053761791465,133.43582419987587,461.1179173347105,2282.5876051039813,260.2192271146471,2849.295437662036,1534.5889856102824,1312.0249466275698,586.6831809349487,3071.456933493252
1920,11,14,1,2114.958542570375,4431.979815760297,972.5063983260867,629.5106914625632,57.92845215435937,516.0454985469189,138.0402641257626,246.9359808923443,2283.1034907443886,90.28003645861153,2597.8976250896735,1121.0140185590592,1142.6879370833794,504.11271195319864,2762.076108403397
1920,11,15,1,2023.8550578783836,4527.800166036152,1085.0661195626576,629.5106914625632,54.01414958714649,507.68759775898906,234.66591445970468,459.4386576762343,2294.3497977081356,111.52306960034662,2416.7132618441283,1434.1662389845892,986.7811041581901,473.69258960504595,2254.910244404753
1920,11,16,1,2606.681238563543,5351.375632631469,1097.6971110082318,629.5106914625632,50.883386657658164,574.4917077940515,257.67121706173066,755.9297607129024,2285.9924503314805,718.2542892723342,1626.5714999000168,1561.7168155538561,815.2656211490533,415.02207986008034,2022.0706213641931
1920,11,17,1,6470.118323189069,7219.739255846505,1848.6815011336798,629.5106914625632,50.0998470199336,597.8769453521227,1145.7029327434461,1993.1455168812522,2287.4369301248817,2766.8590792570462,3028.195459234328,7512.666740128847,719.480164158843,395.4725487833137,2022.0706213641931
1920,11,18,1,5891.227498214347,5290.189143901061,6126.910223930528,1292.6242742081135,46.96908409044527,566.9780394089566,1145.7029327434461,1695.7978217965763,2289.3972955589797,3137.2959665303074,1719.9890514871474,7512.666740128847,686.0731612812555,358.532263323803,1808.5270996805534
1920,11,19,1,2706.5408897106695,4616.693744002919,4041.2777187162296,1292.6242742081135,46.186393358077915,508.52338783782574,1021.5097824497702,1397.602015773187,2287.9528157654336,1765.7914499852632,2515.9017818690936,2980.328106176396,688.2965517248861,338.9717739896984,1808.5270996805534
1920,11,20,1,5264.718869145552,6525.552343793685,3011.0524860628398,1292.6242742081135,74.36750425022107,624.5969009013481,782.2140825233103,1250.6243901081311,2288.3655242778755,1664.8093396189718,2196.4546331341903,3003.473869339155,699.4359624323056,334.63230408700815,1862.7169843246822
1920,11,21,1,8164.2889564432535,11043.761594325484,2148.227861555289,1292.6242742081135,234.0601830038818,507.68759775898906,966.2565033395183,1471.5572896220142,2719.2332112513755,6346.142071561406,2530.9303455092004,6094.055449506162,648.2081482717734,338.9717739896984,1655.2838947374
1920,11,22,1,4714.851292533674,8304.045536537144,3088.4372944129723,1292.6242742081135,193.35517148844704,574.4917077940515,3078.215939422531,2455.959656093245,2287.333752996771,7765.47354238803,2332.5533054594143,16683.615415243403,848.6726240266411,297.6920186274974,1597.9423135382874
1920,11,23,1,3578.320563419221,25537.588627213805,4250.088792487664,1292.6242742081135,408.62907910470335,623.7611108225599,2245.4459513646743,1569.0052364709195,1864.823413399926,3175.7351366823505,4096.305534266578,5949.083330771412,755.1217867247323,249.88114189659038,1680.8512290353751
1920,11,24,1,2361.311810030764,15541.723356569066,2755.794538684698,1292.6242742081135,525.2686741458083,523.5591669320138,1030.7186623014952,799.607474052523,2286.9210444844744,1988.8147540354514,2923.1157422624105,4536.196261146148,683.8385415929916,232.50134577116376,1403.389371606798
1920,11,25,1,2627.0467043639464,12887.348685820005,2076.5190050572696,8006.718431448731,201.96307173383025,564.4706691725924,519.9384255356929,1113.7392846127389,1870.291801189634,1472.359764963671,3298.10846221138,3896.4523449101293,628.152717300565,239.02150888253192,1671.3639792015117
1920,11,26,1,2443.757512159987,14325.09796382009,1785.4466009220146,8006.718431448731,133.0744026101996,556.1212107087092,519.9384255356929,1471.5572896220142,2285.373387562818,1217.4560534574223,2831.9825323486766,3896.4523449101293,576.9249031400706,217.29128459708735,1215.2041431231005
1920,11,27,1,2537.8125136344793,13621.764160128678,1599.0995056076506,8006.718431448731,145.60424557095382,655.4873645204673,345.09643605760317,1004.5874068107019,1861.934453812979,954.5854116358217,2408.6579517330415,2833.489393638211,534.6018799986563,219.46101954843758,1278.9938381923207
1920,11,28,1,3765.545111333619,11783.505355026087,1714.3772882946696,8006.718431448731,236.41165082239382,656.3231545992554,312.8822536038523,682.8565222402559,1872.664875136029,947.9378455765391,2699.370486788034,2568.681952722021,498.96025743280484,206.4316515830289,1266.226251127823
1920,11,29,1,5525.632952733711,15386.315003480664,1734.762749171967,8006.718431448731,175.3498890224934,556.9570007874973,404.91191252556297,781.1271366997012,2290.841775352526,722.2377544299293,2547.1611942406366,2566.690919331759,478.9160557062674,208.60138653437912,1320.4482959408645
1920,11,30,1,41482.58454153482,38185.16442541165,1123.0390368833375,8006.718431448731,125.2474952864882,415.8351123323259,276.07207973786996,608.9436539384076,1438.9082285755817,779.3256308932998,2173.3707593829968,2466.2681727060653,463.3186348669155,204.2509583743612,1317.2644392169682
1920,12,1,1,3872.3900188663797,9942.582406728236,11667.678490399076,2682.986810519156,789.5413985435335,458.8656379039899,54.66610741325245,2053.3613935241947,2651.0331295728456,1077.9586557705215,1708.2066575932415,711.1597951560503,142.53280252946806,49.56310207797572,566.4370553333881
1920,12,2,1,2771.671026715014,8041.805041297253,20322.305920139494,2682.986810519156,1504.599841709287,337.47346070273386,43.1575421527437,6267.624647591296,7668.949577912995,2161.9813126409385,1549.1443400259423,791.8090914237332,139.96130550122228,51.98049364497233,774.3043072011593
1920,12,3,1,3203.5763159126673,12478.846729130308,9829.789292082576,2682.986810519156,1195.6831849737819,549.502428670633,36.827915744577446,2381.4955156813194,6050.203615047312,674.7406412124885,1393.6888777323431,747.8196974558365,130.1918626429211,51.07424576378436,558.1236516654071
1920,12,4,1,3459.6695887558008,22295.326357924354,5053.755608958812,813.4684039001207,493.1715628757568,492.8544344414872,55.81679496907538,1449.5912163113753,2700.454973936002,476.1636344833791,1801.1432951438976,652.4989738928442,124.52109408722812,48.655758371049856,430.2869801755982
1920,12,5,1,18084.92716636188,17220.133569923546,6726.962260579594,813.4684039001207,544.8104752946164,472.62662606992734,85.16101734423201,1382.7600743471478,1860.1804426352464,357.6365167507019,1417.37389402913,844.347485011582,167.75368604643452,66.78838677503607,575.779584407044
1920,12,6,1,10145.347020972915,14485.834603300427,6610.645219102934,813.4684039001207,699.2772927158653,339.8964076987758,100.1233349748772,1510.4855817052592,2289.8100040714216,345.4704559666279,1700.6322615186286,733.1482701606718,332.40810056545973,126.92949465369276,722.3334742130774
1920,12,7,1,7979.52400584788,32939.46647288026,4422.5258086149415,813.4684039001207,453.15416469353306,404.64059067098333,113.36215582587484,1227.1317171079813,1868.7441442679776,296.8442714146149,2029.4572339649226,766.1496486056571,220.23917560941186,85.22346308134803,615.2883519353992
1920,12,8,1,8270.44517672649,58529.449916278354,3454.496217383412,813.4684039001207,331.25984553813595,687.086983357964,109.90671375307028,949.7146290811193,1443.8607307247373,271.5099404596403,1970.6654930046552,907.8863380809962,188.33689151692028,71.01936993016703,599.6906700051787
1920,12,9,1,17612.68448113453,128766.92113036916,3061.4165658775505,813.4684039001207,259.61223402816455,606.9608860064751,104.72777490071535,874.4871888243663,1019.9265467600551,354.59183000602013,1930.8698564855508,1302.509156047969,222.81067263765763,104.26343519226012,861.6030857569381
1920,12,10,1,42311.96075746576,123438.63473876775,2552.739359749333,813.4684039001207,210.7577311561539,647.4249450735442,138.1078522347617,833.8711559732781,1447.6782844646782,255.309669738873,1465.7057546959393,1019.0855529319065,1554.5766313858342,600.4905851707861,1537.1595942639105
1920,12,11,1,33818.47929586179,65961.52138482984,2583.7572374763877,582.9300660605876,177.25992605919086,590.776950844447,101.85528026808282,666.4201322495542,594.0835859254025,190.4705282712777,1259.1531760256605,1529.86028130821,3269.6191690307546,1991.2249394390954,5823.402588684265
1920,12,12,1,29334.14146405471,56736.48154550437,2415.6371424760814,582.9300660605876,171.21571996971159,589.1560246310058,82.28683300885871,832.1834152053627,1021.8250059171712,207.6856945736056,1955.5167008554295,1386.8791959638668,1175.2527466110878,717.1521927062377,3256.2171039861073
1920,12,13,1,23839.401053646037,55101.585671014764,2575.5231101417407,582.9300660605876,187.96462251819307,566.4968269393573,59.2697024877445,751.8418659886623,1023.7234650744319,207.6856945736056,1959.364013147367,1080.1729461395626,714.224877655754,377.1613007848403,2255.392646938711
1920,12,14,1,15998.204801012458,40004.77422814388,2430.1867655336787,582.9300660605876,148.4141222782732,599.6836026941564,120.83909038439413,791.5843445730085,1024.6830123656998,219.85175535767962,1651.4588012879894,1001.9751097336377,525.8879861388336,273.8030176480303,1674.4191952496903
1920,12,15,1,12079.57435255105,31606.50682724804,2399.248830790254,582.9300660605876,130.27301495637664,582.6892044254321,324.5412024069531,710.4031655271059,1026.5814715229603,246.18829569948073,2069.252870484027,1560.347980097879,428.6427273422496,217.59811580233384,1432.1888028820717
1920,12,16,1,10047.946967144813,28593.36087279689,2015.6823943605516,582.9300660605876,117.70921578165556,585.922614528219,201.97861524296,710.4031655271059,596.941592373931,192.48763323958383,1477.127463062346,9131.376886481372,368.4315174499397,186.15887552248222,1203.5460818866595
1920,12,17,1,8168.912999402559,24728.577143422306,3259.8350517506074,582.9300660605876,145.1628147891393,576.2139418958116,247.4400670613152,1112.1278738293422,1460.059539837495,352.56203884281797,2019.9591817444127,2386.377957918294,341.1556821592957,165.6121430286823,1054.9178611846532
1920,12,18,1,6645.930339543589,21811.34034402031,4179.818909698581,9559.278805648944,403.37435499041123,513.8927059197432,2489.3545397305793,1375.9751868380908,2324.9934047557736,823.6638816132092,1632.46269684697,1707.0622530490912,309.2533980667662,150.807537375822,1050.7531193084847
1920,12,19,1,5953.996421792363,19321.254503678367,3577.68835546974,9559.278805648944,303.8147355841298,520.3679684493637,1852.3366123737685,830.4871933281526,1463.877093577436,924.9758330434775,1676.947245221698,1531.1046771772146,290.7363736146291,135.69610051771514,928.1263951850091
1920,12,20,1,0.0,22143.47019576344,3136.6429136641154,9559.278805648944,244.25553625309806,536.56034593539,1013.9061201868594,746.7616814662546,1132.0594495863247,665.6192671730962,1712.053969885179,1382.0260520749664,269.63662288957516,129.35126952363066,868.8712839346878
1920,12,21,1,0.0,20701.280679103646,2955.2522833475605,9559.278805648944,213.5506297564804,492.04397133479085,461.5000567886812,847.4070065538518,1460.988133990489,673.7257456309279,2612.0845891660942,1422.3444782294087,260.3724960411711,119.37925535329802,970.7386190149452
1920,12,22,1,7558.145793174861,18422.550198961875,3963.7330243985107,9559.278805648944,431.7532608290062,499.32969697110775,431.57542152739086,1529.9073221999747,3209.015038373757,1375.8178227666972,2710.6719666453228,1286.7053285119741,554.1969119386142,245.39921464860964,1581.8622290741757
1920,12,23,1,7938.006003104853,21399.286196403125,6864.704021723521,9559.278805648944,810.0085065234529,430.54164078941704,313.60882577562927,1947.6867705705356,4970.351792282835,1422.3761575713056,2528.7662323450663,1520.0295539434367,536.7017487509803,238.74755244927863,1244.0678947361998
1920,12,24,1,5702.7239596942545,18086.86815629056,7478.266422640379,9559.278805648944,904.4237595108768,479.90390938224596,226.72431165179827,1662.6366840959756,5879.032759518342,973.6020175954906,2140.307919374675,1666.743826894649,368.4315174499397,167.72708669338397,973.8420753165263
1920,12,25,1,6191.691906690313,18989.12465193524,5478.33279609498,27848.253119100194,570.8633804751887,504.1840332873357,319.9452109947216,1094.3175441180952,2373.486654965936,1422.3761575713056,1677.9090732946465,1370.9509288410436,325.7266999899347,150.807537375822,1020.6190410226981
1920,12,26,1,14791.034436899441,22755.335083065413,7432.139320968846,27848.253119100194,1114.2731619429123,458.8656379039899,832.6517088670718,1842.7754474616318,4154.839771727713,1995.7921611587108,1489.3907709927262,1265.9239175002508,315.9460278869624,142.6436356649445,928.1263951850091
1920,12,27,1,27118.53619919499,31925.31596301204,5503.674721969923,27848.253119100194,725.7970958387602,633.6723992316536,394.74835063419516,1060.5627287604384,2837.3710229334692,1096.188717654491,1035.5642176131958,1197.4821447070317,1149.5377763288577,503.18126008015196,2081.72773472609
1920,12,28,1,29153.115101384054,73954.83901996489,4373.8405314608735,27848.253119100194,438.2728539142858,560.832027516433,386.6884686355524,880.423965394854,1503.7034650266123,1764.9034163513672,1640.0370929215826,1275.6302052781962,674.608102478563,335.7610045920042,1940.3837922863904
1920,12,29,1,42183.077857955795,149192.01896484144,3233.29398111811,27848.253119100194,332.1936414227436,605.3484021170807,4493.004031135681,842.3268220314441,1509.4813842006515,1812.4766467375364,1594.5907164737625,1264.6795216312464,513.0305009977185,245.39921464860964,1340.7252824501243
1920,12,30,1,82774.30433112355,196258.54875732074,2943.9003796433344,27848.253119100194,271.70913526060065,590.776950844447,1245.8178192047167,761.9852728147437,1511.3385725064943,1998.8368479033925,1335.017365281194,1279.363392885065,745.1053004837802,280.14784864212504,1584.9656853757567
1920,12,31,1,164301.10090210437,320585.2312280218,2882.024510156648,27848.253119100194,229.37422547385071,1074.7078487881313,559.8998949839595,761.9852728147437,1235.6492862054276,15186.643758728289,1189.0599552081048,1279.363392885065,861.3953582317786,335.7610045920042,1871.8826324692182
1921,1,1,1,2042.8771235473114,215377.25468446704,5742.4260096802755,4246.606495619054,90.36655313252447,422.2590632161229,1430.6466913336533,760.8317898700471,729.2825729783362,257.6432659687227,1059.0505786977108,1081.4369476296858,211.60532858531582,410.9690153134552,221.74681318637536
1921,1,2,1,1298.7160934332637,119375.76519332835,6248.708122588333,4246.606495619054,91.2116262682705,358.63400650769904,5476.939289471416,730.8140563156106,441.755645891458,287.2639770921428,707.046420339911,988.813531830028,204.74559540589453,316.5618680280519,236.6806860948536
1921,1,3,1,1537.7931594009106,70669.61819888899,8301.422801280565,4246.606495619054,89.52246723175408,309.4710995330269,2779.445958161253,818.0630737581256,441.755645891458,266.53166856739495,836.2524623204773,1124.5316917359319,199.0226918305649,499.83507768578716,241.27391198940637
1921,1,4,1,2408.524400908776,56903.0046058596,5277.73708408425,4246.606495619054,126.68199156569652,556.2728835529235,1193.9414148058972,1558.267651109224,1600.362731170175,273.4387893061334,939.0050544902127,1244.0450393525252,196.7361141041071,391.14215780905647,334.3397351144635
1921,1,5,1,3707.14075422357,43847.6368306256,3966.3220651155816,3607.312932957296,588.6487242126874,667.1388621951069,840.8087029300062,1743.084281903636,2769.503956934723,234.94062189257357,1256.365590147942,1053.4385060863115,192.16295865119145,291.17305523426865,367.6582891034823
1921,1,6,1,3550.847987277005,35461.28062690471,4241.222025471626,3607.312932957296,461.12758292105775,546.63145039703,748.3884427391031,1426.940066808255,2197.3326844634084,258.6393800530161,1276.8121430586555,1027.588516383879,194.44953637764925,244.36080114758,314.81263631150057
1921,1,7,1,2894.0593016720477,29339.724779612636,5036.517982348009,3607.312932957296,310.7914414339089,408.7631573279903,765.6731880428831,1064.7912800087013,171.37584084334478,240.8625748555511,1415.0862890136045,711.9832265455572,192.16295865119145,221.35121125431945,314.81263631150057
1921,1,8,1,1637.333798464595,21072.74434108479,4133.8709713302105,3607.312932957296,226.34336195657454,366.3429519721774,616.1385746844303,1030.0633169868622,1620.3924349109311,264.5613330159936,980.7183327729148,871.402924312951,201.32218807529722,209.45509675168614,237.83488131960547
1921,1,9,1,2488.5159765893313,21724.719674063523,4020.425285628993,3607.312932957296,187.48579347133494,346.10434446527404,565.0523158924477,828.3816696675078,1330.9685147185896,294.1710978307607,1213.7397256052793,924.1771296384894,213.89190631177365,195.16932416035868,292.9771470588977
1921,1,10,1,1312.5799700163138,18645.158850300137,3854.587153185518,3607.312932957296,166.37870977686927,378.8831166651935,386.96578606748074,862.1516199162652,742.6039156250641,332.6692652443205,1197.4517936257114,1114.8293746459262,220.76455800942162,180.89398675719275,294.13134228371763
1921,1,11,1,1620.577458421436,16596.57054411571,3243.6270701535395,3607.312932957296,144.42260400675505,384.6595744382567,205.88098940655655,959.7192332681624,1332.8761055510115,384.9926204437692,995.9781612445604,824.0112765250233,228.77403931116123,169.78051136657544,267.702627136562
1921,1,12,1,2920.191212929275,15437.039510174423,2872.923778611123,3104.816877775187,139.34821625233536,311.39308457393946,168.31323196295074,804.9303153280026,1335.737491799753,549.844028248082,1191.3293794774065,829.3938340626341,228.77403931116123,157.0913225637646,230.93326497548088
1921,1,13,1,4469.0555255727095,12790.737582462843,2559.9591018462884,3104.816877775187,176.50774058627783,752.9350141019377,132.24986805467285,912.8165245892822,745.4653018738054,558.7324308467544,1260.5242110788618,866.0203667753403,382.03933957587725,153.12595106288683,266.56020941407155
1921,1,14,1,5101.70710230653,11689.642237777356,2700.028704361508,3104.816877775187,323.4576661205478,824.2795189254309,480.14350314330846,1129.5569351844783,1637.5607524031625,506.4090756473056,1221.8259329711952,739.9930960241868,361.46014003766123,153.12595106288683,286.0873082170345
1921,1,15,1,4189.085010691879,8966.539118471414,3083.1351057447127,3104.816877775187,448.4514858847035,774.1503681050513,682.2687688289832,1170.771443023633,1343.3678551296578,478.76964638393997,1263.5276595290331,810.0006278180809,227.6242911888429,119.7959600791766,275.7466612031771
1921,1,16,1,11962.829909104159,10086.834761055221,3021.012633178822,3104.816877775187,387.6476839790651,720.1562419020182,392.98336020852656,1005.7138256726497,1643.283524900645,419.53917044575286,1431.3742209931725,696.9097798533987,241.35667606586432,100.76008983733101,283.79069526979214
1921,1,17,1,27173.198102687795,9116.80231941459,3054.6934917989647,3104.816877775187,937.4487120562693,959.249080457348,282.52089782891886,1728.0155393281084,2914.2689056650374,591.3086452973366,1051.9347162158492,722.759769555831,212.75507670763417,106.31369697618821,313.65844108668057
1921,1,18,1,18349.189748023407,10740.479685155644,2882.760727795688,3104.816877775187,1004.2154131908377,936.111741413322,700.3004507831664,2063.918767866918,3447.4405433392294,2094.795080445108,1152.6426530943777,721.6741157001047,287.10114911353435,101.55316413750855,595.1525234092304
1921,1,19,1,13340.2409566673,9931.562786748069,2105.1071254344874,4501.6450248646925,975.4572584658604,1019.9859082792402,646.1948846861837,1556.3715841626922,3182.7093267003033,2039.5162219184972,1155.750067067873,858.4779294617349,467.83121913238887,92.82621627912403,999.5801746737937
1921,1,20,1,10176.484372401952,10271.324579990815,1800.910164246949,4501.6450248646925,686.6219228020246,888.8708194795623,422.28221332544405,1315.2717029535977,1985.0602157172793,4107.602309332976,902.3860868478932,805.6922962009413,505.5791293964982,93.61929057930156,572.1746164341371
1921,1,21,1,10180.473977174133,15225.001437733159,1770.7577765297076,4501.6450248646925,569.2298123198036,827.1677478119625,341.88658118211123,1380.037358129375,2290.69865798575,2945.651649411012,1192.369034709967,794.9271811259225,761.7921014253445,87.27260914025689,456.1308863339866
1921,1,22,1,16684.52715686993,16842.835234549395,2638.8685420419547,4501.6450248646925,1546.4048596363918,1164.6389135690608,341.88658118211123,2514.1847711846367,4760.286945149485,2635.761652403171,1078.3766143020418,764.7688598063506,980.2700817083083,87.27260914025689,402.131038317253
1921,1,23,1,13280.396885086257,14297.543569692298,2477.52119074772,4501.6450248646925,1481.3460750027953,119.54116795236935,235.93729940831003,1880.0002740472132,3245.5538469032426,1517.2678376991687,1315.3949039181343,764.7688598063506,619.9596897929654,84.89234272091706,482.55960148114224
1921,1,24,1,9500.046883294839,14179.83739562094,2407.48638949028,4501.6450248646925,967.0065271082772,1000.7030419674533,190.85809452294052,1465.3603707261707,2329.6982927828717,1060.2047213069638,1765.1035507042911,805.6922962009413,446.1022714718067,76.16539486253254,403.2852335420049
1921,1,25,1,7733.449890214369,17746.91882688772,2367.4970525888125,4501.6450248646925,718.7070593815474,679.668524237532,169.81762549819004,1251.5039777496452,1709.943226768428,933.8514809162109,1558.5587111324853,667.8256844540952,415.21409438707093,80.924884182405,372.2632925002965
1921,1,26,1,6426.355626758969,51317.38750859768,3116.815964364856,3472.4389636311817,576.8315216016972,461.79103968540426,193.10942470858305,1165.1830351810247,1717.4676128298286,1063.171170942779,1229.9121403368852,890.784702622249,426.64698301945566,80.13180988222746,346.97699507569934
1921,1,27,1,5903.517921376921,36762.72690617965,3637.3188842457876,3472.4389636311817,483.083688691172,436.72121294996305,166.8088384277114,1196.11886430967,1679.421773449026,820.3273142270532,983.7679881223164,986.6536520538306,428.9464792641401,104.72754837584307,327.44989627266835
1921,1,28,1,16417.22363713994,35794.3640556607,3035.233440151696,3472.4389636311817,450.98867976193384,424.19155090753804,156.28860391538046,1132.3511391057175,1410.0275569974406,766.0336234760827,1219.746622505622,892.9445823984464,386.6124950288407,126.94406396892607,307.9227974696374
1921,1,29,1,28981.48646563644,29046.711537774965,3086.663576647953,3472.4389636311817,3564.806759232029,1902.1350314409483,143.5170392173184,2955.170025763671,2991.4203571114663,709.7695971737108,1384.5897355198156,958.6437825752009,394.6219763306282,100.76008983733101,421.65813712021594
1921,1,30,1,16153.90972218213,26435.47102361556,2494.308158377496,3472.4389636311817,2212.689742021876,1412.396438784074,216.4012239188875,2282.4654317112145,3005.621311086452,627.8364771594952,1049.890060924868,923.1029037180183,358.02381418883726,100.76008983733101,953.6243607236071
1921,1,31,1,11866.081993381003,24709.11380389725,2064.262401647612,3472.4389636311817,1487.2694848328633,959.249080457348,282.52089782891886,1619.2411723918074,2700.088846086486,610.0596719619095,1794.5604489655193,959.7294364309272,333.9953702835227,85.68541702109458,765.1961015261826
1921,2,1,1,19931.068040155802,100175.46729510081,6637.481462088637,5956.745063064145,721.915573039508,2854.515378473583,668.6240246665261,1605.0705667909867,2669.779347304092,871.8625352060137,7593.526302719675,4707.737956653589,275.33237900725584,959.6825143416572,1342.399711439839
1921,2,2,1,27548.220951263884,107688.62734223352,6737.347880981207,5956.745063064145,715.4788010241562,2854.515378473583,2908.2136285923366,1737.0967020722978,8834.371076953752,871.8625352060137,7838.538385903224,4573.231157892232,265.66932737221373,900.1915066403094,1148.0002585794616
1921,2,3,1,81204.41553106945,189498.59229989946,6609.1467715034805,5956.745063064145,715.4788010241562,2854.515378473583,15329.033707936484,2064.8169048416253,23533.31223651789,14958.130728057424,8196.526337711639,4271.6479446961075,253.5905128283991,807.047017122303,1154.524994850131
1921,2,4,1,46605.565546333244,134402.08528759374,6005.136706916713,5956.745063064145,1918.493720461833,2854.515378473583,3694.601158390071,2191.3544252775755,9296.32599021579,4338.788347369246,7540.965954841899,4045.717663343978,235.47875027186234,736.139913573693,1189.2921816212545
1921,2,5,1,35192.30369458363,146089.22313868857,6182.629485676498,40966.83668977194,1737.7309971475968,2854.515378473583,2031.246879643359,2050.3469202491924,4989.833708656132,2682.283464034464,7249.053868936806,3906.2968523931067,214.9512248065052,680.2490457876188,1115.4236872349554
1921,2,6,1,46164.71421901784,166959.11215850138,7881.107070374314,40966.83668977194,2857.650349019074,2854.515378473583,5488.511547435007,2955.6689907496484,7689.180713863525,5606.589811638206,6885.405571972386,3724.5926807441724,208.90535827550846,636.984755675396,1115.4236872349554
1921,2,7,1,49561.8626824502,186159.41005672998,29915.017856261788,40966.83668977194,8509.570561875613,2854.515378473583,6907.270373769692,10116.016125068965,12144.994966697868,7800.448985086756,7061.10730630629,3547.802521284347,207.70393608023556,594.920512201601,1035.0540115825092
1921,2,8,1,39989.803433019166,149428.40538185913,32622.317349151293,40966.83668977194,10744.078196771547,2854.515378473583,5194.997004540557,14107.736012636942,12257.330871276357,7338.733687531229,4843.869246605933,3448.4937633202885,211.32112118428097,554.056315366224,1260.8993955671638
1921,2,9,1,29578.9297802566,96836.28505193024,71749.8519632073,40966.83668977194,9169.240969950828,2854.515378473583,2874.7592828430766,10313.606259503511,8335.748028800814,4056.811437340133,3472.3329601193636,3267.818105850399,336.91495540323155,527.6135485682546,1112.1613190996204
1921,2,10,1,24812.349478804907,75792.75855547281,37678.72307658962,40966.83668977194,19554.16308402593,2854.515378473583,1902.5844115574023,12225.640085648572,6520.56937444128,3127.1414463163683,1739.5742388780588,3158.7956028610797,601.3699420619456,501.1812169584468,1023.0998467544107
1921,2,11,1,24902.115586177308,63353.46990410345,22546.929070519556,40966.83668977194,7386.985675580564,2854.515378473583,1902.5844115574023,6103.938466074463,6413.42635601797,2443.8728623096017,2419.7397955894317,3008.5182533527427,518.0454994871611,470.53306933192397,925.3583552186985
1921,2,12,1,23315.25028807913,67681.88488681297,17523.669584898085,9437.557075126779,4272.456786930838,2854.515378473583,1323.6559063431139,4719.41042307155,5891.276354264726,2538.2300426065763,1890.555282122143,2927.037074493753,1496.2227812424596,456.7064450196445,954.672558427802
1921,2,13,1,22401.630795271434,79801.44683839876,15413.002444707088,9437.557075126779,3086.6888624483663,2854.515378473583,1291.9900004609065,4756.034453039922,5218.21472220967,2370.970446906066,2191.4777133777507,2845.441616281604,4169.7101286619645,438.67443987881177,952.5054980057075
1921,2,14,1,29740.508773526028,101845.05841668611,13439.197206210525,9437.557075126779,2425.8337724071384,2854.515378473583,3639.369927200267,4055.387819774554,9147.533905283623,5301.406727336592,2159.0173666665764,2801.2155065782063,1645.9484075125383,431.463724860103,922.0959870832957
1921,2,15,1,26374.27974707751,81559.52628942805,11676.030988289915,9437.557075126779,2002.7048635459562,2854.515378473583,2842.9881746158317,2871.6432871162897,7888.100046782266,3945.596941769657,2142.2673656944835,2768.8744496119266,1410.4438202041747,421.8529165645485,899.282965140339
1921,2,16,1,21968.758677499838,70687.14890566561,12619.095029651884,9437.557075126779,1847.708972992517,2854.515378473583,1731.314993696403,2556.5967949899814,6442.994013921052,2787.2585636921094,1873.8052811502757,2804.1867697625876,1327.11937762939,411.0316264424145,950.3384375836814
1921,2,17,1,20351.971343611418,65094.018648356105,33367.573173220466,9437.557075126779,1798.3472244086013,2854.515378473583,1333.650129129815,2568.272575661175,5730.1909061897795,2323.791856757639,1257.4052453807283,3074.343160817912,853.7590326951197,424.25300984140415,1076.3223796197794
1921,2,18,1,18729.199602564724,57911.437643297955,23376.6543495409,9437.557075126779,1833.7889598918568,2854.515378473583,1025.5861019048607,2902.3795302505705,4606.407951330644,1938.5912564499442,1920.70528387182,2963.377908823459,704.0204879068145,405.0313932502951,935.1336821225095
1921,2,19,1,24122.147853233775,101845.05841668611,22499.882791811946,15650.811608377722,1659.9368813793533,2854.515378473583,1774.8687645774903,2669.5624678082054,6719.382730091735,2911.8275557778393,2506.9553178916904,2858.240903844203,673.8299108064631,385.79934147103444,912.3206601794847
1921,2,20,1,22191.17914354335,79879.08282555178,19084.750651097835,15650.811608377722,4812.573039935867,2854.515378473583,1974.122006241288,6416.290547276649,5872.942286819384,2646.7079610222277,1269.6500736773385,2978.119945391191,851.3432697863473,387.604629022752,917.7500887369138
1921,2,21,1,26813.136272006825,105184.2406598556,25437.0675102035,15650.811608377722,10011.549847786493,2854.515378473583,2315.714020857153,9759.355953114771,7835.005435278662,4896.6122346006905,1484.5121551114355,2929.8940583247722,725.7494355673966,373.17276379718294,881.9111492570727
1921,2,22,1,24579.955000830945,79120.25366079157,18744.734364076296,15650.811608377722,5454.571942018071,2854.515378473583,2689.9187624611814,5100.0209143510965,8294.946780439774,5217.7769294863365,2028.1363245888685,2854.355405834139,1194.2911732023967,371.9727171587551,844.976902063923
1921,2,23,1,24303.674870364102,70340.7087479372,14610.008005860338,15650.811608377722,3510.903729778408,2854.515378473583,2812.163887494632,3863.785265171344,8364.255914019506,4229.434724264002,2256.398406800324,2669.6799710010273,952.7794749177642,357.5512871213574,754.8318995076661
1921,2,24,1,22466.4618728177,66392.9605409496,14003.75255069912,15650.811608377722,2650.627175458229,2854.515378473583,2168.9567494099724,3012.6507921446732,6671.481004743094,3112.035540422051,2710.49670901355,2934.808070513881,730.5809613849417,360.5566213114929,613.6432020103962
1921,2,25,1,19096.24324159645,56285.25589087328,15279.348243833785,15650.811608377722,2151.283726783475,2854.515378473583,1499.4490250443528,2986.4052338839288,5761.772132194004,2560.4510491034375,3439.87261340819,2565.571480200816,647.2565188101092,337.7244296169586,1041.5669703509855
1921,2,26,1,17470.47929697118,46328.64923730098,14151.306788463186,4862.81760044277,1831.6170429541376,2854.515378473583,1130.714805386697,2045.357270389679,5228.494517251308,2047.944879555188,4283.379558908445,2676.536732195269,1357.3487102844217,334.7190954268132,945.9925392372995
1921,2,27,1,16328.454930961145,41658.80287022812,12934.51894371269,4862.81760044277,1664.2807152547502,2854.515378473583,896.0294138852885,2763.5674711604615,4569.633839171455,1645.01125928464,4087.577823408163,2648.0811732388506,1579.5472238172442,364.16719641492807,953.5890282167549
1921,2,28,1,15168.477343476292,39898.2190325163,13220.004316778117,4862.81760044277,1447.5826389714061,2854.515378473583,705.7709727295395,2111.3204415317755,5026.501843546817,1499.9726700809913,4048.5329935561585,2589.1130269679234,1154.4375444670031,373.77800471047266,905.8077014110766
1921,3,1,1,5120.557984854806,11418.333680519449,14531.953952550417,9241.921930022027,1038.768637199542,2166.9068504605157,528.9784317496484,2169.89893088185,4832.563442246246,1960.9217260330952,4953.610632284478,3129.4258090787757,573.2721649146517,468.55038358148005,684.0137782154511
1921,3,2,1,5163.645716393245,14138.097617580928,12544.248677162754,9241.921930022027,1582.241489108305,2224.3563486769544,723.0872787368838,2196.843040122936,4162.151241902924,1809.3153516578675,4179.876104626166,2705.6779672710513,525.5899141326922,320.6837673513428,730.4760247642411
1921,3,3,1,5486.305002335853,18114.228873636133,13616.689984969971,9241.921930022027,1274.9152424249162,2551.723964656311,610.8468967246562,2075.394962543747,5527.9862779484965,1651.7979706284361,4342.6399071747865,2561.57170283739,513.9632477269072,385.9767396697607,836.1202203390226
1921,3,4,1,6946.201128561882,19454.07574870771,11754.085041599834,9241.921930022027,1053.5771617747125,2140.860277228953,498.6170349470385,2175.5871317217056,3740.891599733423,1601.226024808051,3799.246772193503,2523.973795622117,541.8801656190275,330.28414045872586,773.2754680997181
1921,3,5,1,31161.805473582597,59430.76556394006,9619.039375169965,9241.921930022027,939.7390971905323,1883.5453400619785,638.4519920851252,2360.7031415076,4502.0203418873525,1601.226024808051,4292.158869762584,2455.177624972567,538.3921656972968,296.68283458286527,803.3316539532659
1921,3,6,1,56075.88987407645,79695.42780217812,12951.62668142458,18307.557245774304,846.2282006732181,2225.1965607167194,2625.5349272456842,2495.623273707398,4760.60487695478,1601.226024808051,4116.8036871730155,2770.2458018506536,516.2885810080452,391.7369635341945,815.1798212608073
1921,3,7,1,32414.541372017866,65512.25122431272,12909.926570752297,18307.557245774304,785.1282282760353,2280.8606083486916,1449.898720491174,1905.7468673221101,3971.39215865639,1512.1230726482675,3502.2519273728913,2180.9071772004536,537.229499056704,549.1935176835633,840.6781137267229
1921,3,8,1,22659.95770426402,46733.52508428628,11058.013963451795,18307.557245774304,802.7207554713626,2131.933024306793,943.8754404474977,1795.8747774167368,4565.606702969603,1357.5611949458776,4022.772647233777,2110.9682130186984,580.2481647581133,435.8986798281904,847.0497424676536
1921,3,9,1,18268.400251388415,39025.85767148895,10178.78316842721,18307.557245774304,861.974598471476,2096.0139596083686,892.3578520404898,2075.394962543747,4321.647030950744,1626.0741453734474,4310.5261122077245,2058.2854311758097,667.4610813197514,341.8045881876034,901.6973531105359
1921,3,10,1,26742.320787302287,67737.81618938624,8837.42960846282,18307.557245774304,898.0777813857462,2068.2869622973644,604.4085132031064,1961.6309457480627,4311.2612586408195,1806.3598483307053,4396.470944781273,1779.7866473339504,824.4469148343263,336.04436432315964,1185.8767059561128
1921,3,11,1,41666.434838488625,91827.51168717549,8065.65679094024,18307.557245774304,948.9993612249024,2192.9534236920786,641.2082935273547,2142.8550286436457,3749.263803942639,1876.7446127518751,4900.93476715874,1786.1862911153512,858.1642474110885,360.0557322797987,1029.2123704448409
1921,3,12,1,35161.384257600344,105184.2406598556,7849.992372411073,18307.557245774304,964.7457590231604,2051.1676419878727,551.049883756527,1858.4449866543698,4303.94882711621,2023.425148248298,4720.958894645727,1741.0459465860674,958.1664970191046,329.3241031479935,1047.432166493245
1921,3,13,1,55100.431507300505,135236.88084838638,7757.289818685237,15811.483618816446,973.9961507077741,1980.3797776407512,641.2082935273547,1675.3248368122547,4378.980733193208,2370.2042053027635,4264.665764718966,2049.7144796829557,1036.0780804560957,288.04249878620465,1562.0501292179608
1921,3,14,1,57136.12734225845,112697.4007069883,9394.500317702572,15811.483618816446,952.7014923686746,2050.3274299481077,630.1725675239154,1612.6548345773745,5028.515411647742,2067.9766243281897,4119.114032134738,1908.8080371399953,1005.8358292828375,278.4421256788216,1246.8841678375961
1921,3,15,1,33783.9732100372,76984.84661628483,8709.121575624504,15811.483618816446,874.9369936496183,2058.414470830502,2448.900189783438,1591.498719173261,4295.576622907211,1744.9510569773115,4206.214037189035,1963.6621266945397,888.39358006612,295.722797272123,1399.0494974726787
1921,3,16,1,25998.259497308376,53706.57240358569,7816.953053955157,15811.483618816446,779.5700953855193,1976.808876471905,1923.6248805820642,2078.2889594622334,4762.72442232421,1629.0296487006096,3643.298487281862,2241.1323963571504,790.7166637392896,271.7218645036455,1629.4174423381132
1921,3,17,1,21444.125649970305,45047.23805148521,8705.593104721263,15811.483618816446,710.127987477664,2144.5362049027367,1833.4664708112364,2010.8288933623346,5921.0559667048165,1493.2954218232437,3851.9226373192405,2323.9849274548665,732.5833317103645,277.4820883680793,1113.0092992647583
1921,3,18,1,17414.624830161763,38244.48902658705,8447.052418552292,15811.483618816446,654.5762756213636,2017.1390543788525,1865.6583884190736,2101.4409348101262,3847.2927772776393,1455.6401201734375,3330.3622622255684,2503.517791392348,677.9250810849435,342.7646254983357,3013.8628369665876
1921,3,19,1,15926.50225017339,32804.126356902154,7481.855241525559,15811.483618816446,721.2442532587778,1902.3450844509118,8749.679043916458,2400.2211683945875,4661.516130935174,2070.9321276554724,4498.4726748384655,2910.0094508612065,883.7429135038442,313.9635061761667,1304.2406040080964
1921,3,20,1,16790.251683329938,34812.64447616826,7452.4513173334735,10328.720986546608,1361.0021319552552,1962.4202452914947,5938.356775182834,2478.3590851937256,4348.7772116793185,2548.5195727086198,3619.2708996807155,3223.0205993810005,1472.1943373371453,329.3241031479935,1471.8344616479312
1921,3,21,1,24636.80686883341,40179.54513650325,6781.400305588871,10328.720986546608,1377.6864029766004,1912.2175759176853,3852.8254854557154,2219.995015470829,4403.9913685523525,2371.189373078524,4908.905457276468,3743.4487740284903,1136.0803300640637,469.5104208922224,1357.1215893069987
1921,3,22,1,21657.56950527697,37146.732864144935,7237.642285690053,10328.720986546608,3041.473500745539,1629.6962775589132,3077.2737972056902,2676.847356602981,5062.95802390071,14953.752204609826,7147.860759616476,3690.765992185601,2597.784830599611,339.88451356611887,1707.7378325914199
1921,3,23,1,17618.094673538533,32673.063453857303,6600.485979286776,10328.720986546608,9016.02210234641,1643.9798822342977,5539.955494200364,2870.6453571444654,4591.677111013138,12547.753570122368,11947.948969198998,4080.0014693153908,4167.513980563093,332.20421508021036,2634.9805881771213
1921,3,24,1,15654.211724478173,29744.600626597934,6612.889089127903,10328.720986546608,4642.275007321405,1842.2699236103288,5394.671055584859,7661.507566203473,16727.45205535419,5805.593702334319,6693.877974651211,5617.858725843914,2153.516988716233,343.72466280907804,1926.3282751631536
1921,3,25,1,14828.363536656228,27727.734551722308,14799.262354297025,10328.720986546608,2579.4475340002145,3307.809773907257,4910.740268017015,9035.058379515533,23158.15270613311,4045.7556656347865,5699.967572147135,9879.6786461616,1627.991667174674,377.33640387311,1700.4357811693171
1921,3,26,1,13000.127149847234,27571.627781854313,13224.281251206174,10328.720986546608,1927.6750056984388,2831.514573886002,3930.0440067763157,5126.26647261184,9734.96590441453,3176.8376874472824,4522.615779687799,6189.941168155044,1390.6784873143354,494.47139097144213,1547.4460263737558
1921,3,27,1,11871.06899934623,22132.93470329111,10817.436401880119,5042.83814171587,1685.0126496599892,2688.0483681022665,2482.0389284973203,5302.700491642405,9114.574974789277,3513.655603658331,4105.251962364854,5683.4550746027635,1333.7078219260031,417.65797092414664,1529.308672841386
1921,3,28,1,11365.386594484,21133.684417023123,11634.33087761763,5042.83814171587,3578.4306018411858,2746.3380783584703,1837.1485528905566,4042.813902128783,8635.981630377313,3897.2142576730107,4355.231287215734,6649.229888819951,1640.7810002210517,1610.1495331200515,1654.0324221320388
1921,3,29,1,10370.977605041313,19147.705777897627,11578.730730054247,5042.83814171587,3068.3262919751546,2804.6277886146745,1380.8859820902226,3234.9895898821633,6488.24630755796,2985.4962127846784,4630.39337214896,5089.8881138826155,1379.0518209085506,1835.758301143742,1494.6828160978082
1921,3,30,1,9151.155945975419,25313.505789911153,11578.730730054247,5042.83814171587,2784.0026201319192,2587.53800284971,982.5162618113173,3139.5874845693534,6584.15573552353,2665.535611847252,4558.195092097332,4593.001486002435,1210.4909950611452,908.2892126526395,1584.7807086448834
1921,3,31,1,8589.918294661966,18378.85906640729,11990.38566874413,5042.83814171587,2164.6113989011283,2692.4594813108774,780.1279902628721,2841.705387959599,6263.044612058459,2367.2487019756013,4256.579557353276,4912.412278303629,1119.8029970960029,743.1419248291909,1442.7440309824074
1921,4,1,1,19456.30507227742,48222.80036473911,14861.277903501985,11906.701167940779,1666.6500791867775,3578.3580506998874,6572.411309241799,5637.605790209261,9466.101574305247,4388.7035146724975,7221.214212148851,5132.400033287403,3038.047931832048,314.923543486909,1630.5951925674563
1921,4,2,1,18835.921530217776,47319.55156796163,12012.839574490667,23602.944632067432,1577.996378730062,3167.7044162824923,3370.8935424452657,4354.168053359015,7224.8943006950485,4921.131965907581,6248.790017788274,5590.660239773061,2202.478172802825,281.29093204655385,1737.770463440445
1921,4,3,1,48865.676649720794,57921.455190026994,29245.67761828868,23602.944632067432,1537.7171918855977,5658.9331140783825,12342.339129882035,10551.113592813777,20042.421013105668,14768.759588946341,7064.688340996724,6112.231207952959,2478.159351802297,267.02602983154947,1659.567848210093
1921,4,4,1,49372.35645577606,53092.99766640359,49209.338294329325,23602.944632067432,1458.244776665529,12478.19905502224,32610.622941364054,20728.00344616834,32790.42663739977,17650.92264836639,8561.560841653183,6411.87167214395,2313.706614751551,249.69318229745033,1929.508200782454
1921,4,5,1,40090.54095351451,45344.425271127104,36170.034457131784,23602.944632067432,1385.0906652641859,8908.9783102543,19783.301000463,12649.760323702665,20752.468711856705,12819.2220238771,8832.679822903225,6839.505011961738,2118.3786191343443,347.5335064875526,1830.9305065839337
1921,4,6,1,32776.59800508493,44396.097514066234,21862.619562048418,23602.944632067432,1375.02086855307,5679.728362061658,8823.846697228493,7257.3459275871755,12200.103146302397,6995.676375407348,8944.962588039869,7234.340177400406,2163.3350625700427,291.48611087907506,1839.5280832583337
1921,4,7,1,27890.329560470596,41258.101001048126,17739.654773509024,23602.944632067432,2603.7335143034948,4757.280568944422,5354.904569128218,5986.482108382701,9370.828009950485,5478.299074621891,11753.879992419952,10620.208855146024,2196.5356544176902,251.73847917684355,1979.9159105996478
1921,4,8,1,27493.36388564807,44109.76263671531,17292.715125788774,23602.944632067432,3393.7189386402515,4582.201385165935,4468.995620843711,6040.969084848099,9690.137519851636,4737.781296536991,16257.89749516646,13871.227896070599,1893.5964019558019,251.73847917684355,2102.0486093857057
1921,4,9,1,23630.42906507418,44502.9513458477,14843.100932183508,17796.12239564527,2610.1505416194154,4180.895109690448,3283.575595992751,5542.20368489645,8413.005457515746,4201.412174198986,10933.938565528544,8902.133058560858,1788.1812932099924,260.91100956967307,2149.1586185606443
1921,4,10,1,23167.63491151178,42698.12334341443,15427.97171520478,17796.12239564527,2168.5603387878677,4289.282462815437,3509.8658403533022,5339.0251426191635,8448.613819721824,3885.830096709158,8448.12290403579,7711.113639110701,1804.8461817249492,272.1184016537343,1971.3183339252478
1921,4,11,1,24289.71125366147,57162.626025266785,16343.235682785227,17796.12239564527,1926.2928767380756,4328.877455187645,3976.964252701345,5702.571031379532,8404.63325330653,3826.7200301657927,8150.665990222655,7198.22790177702,1929.122327084587,293.52097257031664,1899.593344956384
1921,4,12,1,32655.91246072924,85983.94276162806,17432.784728303992,17796.12239564527,1783.7361468277797,5087.69395356776,3641.7895811380754,5523.442601424846,8902.938369653955,3706.420098441372,8166.145301465811,6666.71462986534,2463.9489817507447,462.706678211764,1964.9584826865787
1921,4,13,1,28467.82485123041,65243.447053738426,16811.560002645085,17796.12239564527,2814.014563270918,3981.764856274741,3071.3824658788135,5502.486072015097,7771.313096928125,3549.6689590152428,8136.22633421251,6859.161060718781,2074.5848423391903,417.856239499196,2151.2785689734883
1921,4,14,1,25843.66231238971,51692.210715393696,15812.89581372007,17796.12239564527,2905.5312451454724,4423.716389172075,2786.178908249138,6000.053956000427,8228.816964914295,4319.741770371885,9045.347076623788,6161.485609198626,2161.009729288857,361.8088438907185,2172.7136231481136
1921,4,15,1,29565.963564747573,53487.855966657684,17430.646261090133,17796.12239564527,2462.953807342219,4826.0729296972,2652.4667275972233,5918.32349130246,8311.479234321198,4160.9108323081855,7883.012526415083,5683.569353955922,1872.2808468785217,357.72868532007374,2258.453839846477
1921,4,16,1,45384.7464860743,54186.57985104149,21844.442590729603,14513.66111196196,2235.2974228732896,5270.1249926938135,4841.517124925813,7782.157299805203,10386.196219164478,5412.183370562271,7340.659046666587,6175.656249000153,1713.6414430306443,359.7635470113154,2389.184115306935
1921,4,17,1,35167.368664758054,44691.61514258752,20422.361893437803,14513.66111196196,2556.2475121657944,5173.185528610104,5155.230518083916,7392.465645781337,11978.610655199453,5231.788204518844,7812.547005084465,7199.370695309427,1634.3217411067533,365.8785672732017,2659.124467879296
1921,4,18,1,29842.243695214413,41037.71497299843,16337.88951475024,14513.66111196196,3838.961910866995,4480.010595833848,3101.6807412743833,5940.37774368128,9312.222580486407,4223.085865264882,13962.56977576232,11921.622129824429,1628.508407903837,390.33864832072726,2870.1773089830176
1921,4,19,1,28669.29989222053,39922.42810377968,14441.069095956667,14513.66111196196,3425.70535172262,4165.246160450523,2420.705961290299,5517.155642601896,7830.97829907681,3866.1267411946624,16461.20785179217,10942.819469337917,1762.2150715703885,411.7412192373097,3069.452647793039
1921,4,20,1,27268.948617217906,37691.854365342195,14026.206456445994,14513.66111196196,2848.765234273971,4065.1559012178054,2032.193700749493,5296.014360830725,7996.408815158905,3964.752981853187,11592.155845104116,8618.834541882847,2065.1543240322762,575.8241178684206,2908.807516506443
1921,4,21,1,26974.71526527681,36360.35544587797,13963.121673633766,14513.66111196196,2485.8576586851773,4113.047987482372,1720.1635451133163,5414.468648494311,7503.402562235163,4363.089152503799,10421.504053033574,8552.095399591792,2548.0485354192742,792.9073371652172,2743.8047093712717
1921,4,22,1,27796.573848326574,35752.624277620685,14612.146473074197,14513.66111196196,2234.4089113987793,4212.087981665361,1424.334550626184,5398.70135493831,8428.690093249355,4288.106938462572,11221.923064998868,8987.385456076549,3021.3830433170915,621.6867698325285,2664.542118934395
1921,4,23,1,27260.9694076741,32681.411409465738,13923.560030175002,19238.776010500642,2066.1840722248407,4038.0590629365142,1418.9692310249368,5018.390242650376,7668.727101048752,4020.90754506939,11698.431713340193,9378.906520271154,3021.3830433170915,527.9266042130611,2647.3469655855956
1921,4,24,1,27368.6887365202,32227.282624393923,13462.72034556399,19238.776010500642,1949.196728080993,3941.1195988528043,1301.2478068318144,4897.940095043012,7064.7626480364215,3678.83540072115,12295.655885928187,9553.868210079007,2660.4396440085447,556.4668438312314,2587.3994789105
1921,4,25,1,26481.99907592361,31188.796946768452,13739.651849773638,19238.776010500642,1794.6944550134062,3854.577758760732,1196.150664053454,4951.329348539208,7667.667328364147,3874.9932511761494,10699.900620912895,8771.968875222203,2331.404984724786,568.696884354994,2513.436764505837
1921,4,26,1,26850.040116148943,31065.24720377119,13905.383058856522,19238.776010500642,1651.1504901314051,3907.7211702735863,1137.3425531294558,5193.32736672301,10763.051385844887,4282.195931808247,9671.33504398411,8983.042840653441,2162.17239592945,596.2144755334629,2535.93179388685
1921,4,27,1,26683.47411691429,32077.01942345183,15213.055760200767,19238.776010500642,1649.27474368523,4250.737735492868,1089.1598790629146,6418.086821226063,9964.406690652675,4833.452033868233,9947.305749653746,9758.428252375683,2404.7821682635417,625.7669284031732,2765.239763545828
1921,4,28,1,29420.34299056631,32375.041438654567,16258.766227833054,19238.776010500642,1527.7461186716769,4584.196888760277,1001.8103719069236,7225.911133472552,10802.262975179017,5911.116117422808,10415.497156133231,9596.494408836952,2684.0805323670115,724.629901032977,2952.7376000620807
1921,4,29,1,31441.077807628575,33960.318208600074,18165.20974908967,19238.776010500642,1406.1187701609283,4887.513435102324,909.11658561864,7230.102439354476,11793.150435376387,7296.480936261366,10035.676444437206,9398.562569028198,2917.2597863941414,641.0544790578792,2770.5396395780413
1921,4,30,1,32636.961838061943,33689.84444690301,18163.07128187581,19409.63145822094,1324.770608494685,4694.684771984632,811.078520198152,7566.404839882146,11931.980657072643,7856.494085216669,9963.940233377652,9471.929913807175,3156.3815588065027,551.364036820895,2685.97717310902
1921,5,1,1,67713.56699425566,41060.25445314012,47883.4886216666,38239.93848443711,3059.539900727247,7517.902251978276,6488.670242523479,11717.693729955618,7746.726370642997,9685.622255475322,15076.156047280056,11645.066094987704,4486.08464008166,1069.3980826580896,4261.1003298730475
1921,5,2,1,62699.63119693488,40182.88431874663,46123.530104567115,38239.93848443711,3959.7007479032327,7517.902251978276,7456.005805933535,10436.351646046269,8526.931021121363,9531.498230117848,15617.931940788067,13216.407202014912,4619.274563019048,1021.1144670408029,4296.903936846036
1921,5,3,1,57420.38668226965,39966.67226850114,43711.33908720608,38239.93848443711,5336.992256891217,7517.902251978276,10834.78952426316,10056.140326755452,8568.898019435514,8833.45212947515,14825.483618940276,15010.593047856913,4355.478420789991,1026.7390334591566,4677.435035956528
1921,5,4,1,54546.87384517322,36903.80735595354,40429.86114736527,38239.93848443711,4313.82193224416,7517.902251978276,8929.364649387358,9256.798419269928,7769.193551558695,8296.42622862001,13544.397337702738,17152.188127543683,4054.7353164269734,1050.0929845616981,4998.371973460856
1921,5,5,1,52309.70296922516,35335.22649722491,37509.784166685604,38239.93848443711,4641.781389835552,7517.902251978276,12738.951970997365,8571.320321577336,11161.525915293394,7862.186165698656,12642.207630176403,18034.42473454359,3610.2091041790613,1324.225377530361,5431.077407732589
1921,5,6,1,50563.2534802442,35659.96197037355,35869.579813568664,38239.93848443711,4540.096187752728,7517.902251978276,10923.159494166848,8520.226307016532,10249.061633764068,8173.827572085681,12519.759347208723,17047.05112256443,3615.505696652815,1120.0087452350913,5635.888172620665
1921,5,7,1,49189.83203745268,37250.24751368303,36124.05741203144,33919.89809108946,3959.7007479032327,7517.902251978276,9078.225967737057,8441.789011225781,8607.791676964132,8663.018104275141,13231.345595398483,13775.233239350402,3794.8147296664956,1033.1775445540009,5986.15109083629
1921,5,8,1,48432.80453194919,43430.239050229815,35623.656083961665,33919.89809108946,3620.2893646403218,7517.902251978276,7976.967818984834,9529.632473585258,8622.73447181843,9477.751854797843,14290.638760317208,11617.63905021033,4172.035461943102,1004.2303325975903,5328.02426266247
1921,5,9,1,48661.20940515153,43418.551912379095,36963.405793515485,33919.89809108946,3451.3734609862213,7517.902251978276,6845.832204217633,11607.92143304749,16186.967986155605,9523.288498653495,15383.431927180118,11272.286844724054,4376.53560550269,1033.98105404234,4712.17866772306
1921,5,10,1,47443.38254847172,42946.057624969806,34836.700149219876,33919.89809108946,3402.209159396655,7517.902251978276,6771.454146215346,11793.536407819363,12847.624256656005,9980.95366201981,14706.500853415066,12205.0349258556,4582.327600885089,958.3989861979569,4485.579523591631
1921,5,11,1,47373.56446496024,45699.21338446394,33785.64351355227,33919.89809108946,3005.439424279277,7517.902251978276,6488.670242523479,12185.722886772855,9491.324164201184,10360.35271875923,16025.707826520236,14063.217209510998,4666.6855249182,911.7641303099847,4535.39835829412
1921,5,12,1,48542.51866318194,46559.88760764057,36177.51909238063,33919.89809108946,3690.7779416181334,7517.902251978276,11786.870747630219,13127.76878023893,9590.200955683998,10492.25573761984,15411.156066719885,15578.56143345146,4819.769965927742,1153.8187548741628,4772.832804535816
1921,5,13,1,45341.858234774474,44583.09171968436,35343.516878931565,33919.89809108946,4090.9042756392446,7517.902251978276,12620.073321007945,13303.404455292035,9136.406292094169,10938.208350763794,15382.276754699144,14122.642473194968,4996.495295295703,1141.7139366083286,4909.451831143124
1921,5,14,1,44579.843723305756,47226.05446515364,35442.955604381095,34567.11210496967,3403.8874588485214,7517.902251978276,10045.561531147114,13367.271973493105,9260.717628009712,11337.091836845251,16828.55270069521,12499.87565721044,5396.194249290183,964.8374972928013,4728.4316208884275
1921,5,15,1,42361.62347002499,48678.59874093261,34471.02225563067,34567.11210496967,2998.9236734662018,7517.902251978276,8497.824629691006,13741.495712952583,10226.594452848154,11539.59854629937,17876.294140805774,11365.881635026277,5558.450838242058,894.879995866772,4531.040682445477
1921,5,16,1,47897.20009129673,53689.041696809065,36345.38876867771,34567.11210496967,2798.8111447070896,7517.902251978276,7396.461278593656,14227.487609263966,21369.256414353906,12098.95491673766,16867.828565043365,9981.272991190473,5306.410547601052,894.0764863784328,4271.935631983314
1921,5,17,1,48873.655859265156,50718.83909150968,37323.73751907005,34567.11210496967,2818.5558441406233,7517.902251978276,7262.538693251578,14653.603707261836,18858.654924292336,12196.377063447966,16493.552681255384,9143.376773246924,5522.795727931006,787.9506227891227,4158.1649598258155
1921,5,18,1,49331.463006862316,48110.937759593646,36463.00446544606,34567.11210496967,2569.2790137919446,7517.902251978276,6964.921258897303,16006.796749147374,19286.803088912427,12047.507266227562,18025.311390832703,9065.781092397998,5090.154552453413,804.0312477439961,3851.243250051123
1921,5,19,1,47139.17518460018,50406.6255517726,39661.08218394196,34567.11210496967,2446.368259818028,7517.902251978276,5714.801791795469,15938.937511058743,19286.803088912427,12297.083102744062,18351.07003042609,9529.18386977949,5344.778546740186,796.7892271608127,3698.3712702784483
1921,5,20,1,47429.418931769105,44025.44828507444,36735.65903522765,34567.11210496967,2392.1690598729037,7517.902251978276,5536.273412121044,14795.309763270432,19286.803088912427,11531.936130265982,19812.363218672792,11162.69294496853,5044.03544237717,802.4242287673279,3609.451127960716
1921,5,21,1,41849.95665800505,43071.276959088755,34478.506890879515,21312.802736798687,2311.9068566754786,7517.902251978276,5000.477868407339,14895.102760459662,19286.803088912427,13187.01799348033,16322.587154092884,13168.409873654813,4918.725815559205,791.968170230798,3707.0866219758027
1921,5,22,1,46152.745404701294,40702.1271575599,33762.12037419846,21312.802736798687,2200.349304875887,7517.902251978276,4807.010755725292,15830.163144122442,25058.32512980577,10663.7843936819,19689.91493570511,15300.862605082326,4652.216784502114,741.3157669011503,3918.492788148321
1921,5,23,1,40476.53521521353,38789.61052778431,28355.006023668964,21312.802736798687,2110.214751961695,7517.902251978276,4464.682324693635,11986.136892394527,26095.842588130166,7148.924696075351,13096.190415141667,17650.446107662792,3574.553993867962,731.6632178529595,3880.5692307624877
1921,5,24,1,37798.51301195007,40070.18691804033,25485.1830225177,21312.802736798687,2056.114275513725,7517.902251978276,4434.910061023694,10180.881573241859,25242.725576944013,7492.09147128552,11534.050669318523,18897.23385149318,3566.6736977484893,754.9858633910264,3739.5925283064685
1921,5,25,1,35798.7236199412,43698.20842524435,25892.561026779527,21312.802736798687,2352.8771080001447,7517.902251978276,4985.539135399807,10207.825682482946,25029.711267318788,8117.782471955647,12366.121407258579,17890.432749463293,3917.540652838691,817.6909090457108,4160.28491023866
1921,5,26,1,32691.81890367776,44917.84473956204,25254.228563408727,21312.802736798687,2644.7037656281605,7517.902251978276,4330.759739351468,9943.972997914818,24204.148345935013,8253.188309574385,15066.914667433392,16819.63520962001,4156.274869704157,826.5399486055725,4334.827494231801
1921,5,27,1,31671.47748321645,46965.59825018563,23841.77096857997,21312.802736798687,2331.552832611899,7517.902251978276,4300.987475681616,9870.625144980699,24352.51652179338,6991.29785195975,15107.345704262294,16019.679736951613,3929.4256896090583,742.1192763894893,5142.646376559062
1921,5,28,1,30338.949489339233,64795.161837592525,21574.9957217688,13657.120887298877,2811.941369830394,7517.902251978276,8587.141420700736,8547.4697952491,23536.491554571923,5250.834781516206,12690.724874370995,16546.5075553803,3021.8997840462544,732.4667273412986,5286.803004634383
1921,5,29,1,27674.890902777843,78382.29438505137,19851.39114730695,13657.120887298877,4182.717128005303,7517.902251978276,9881.866682135007,7551.735269295347,22645.22272673668,4830.496530541071,11447.990319496788,17154.473714608295,2833.2894179079267,732.4667273412986,4703.463316025705
1921,5,30,1,26922.850403239572,66280.26314024221,20134.738053158515,13657.120887298877,2751.3251425693893,7517.902251978276,6518.442506193419,7135.69826401349,20700.539850306428,5602.211288190608,10842.679939543326,17656.16007532463,2990.2494143860486,810.4593236506889,4216.699146225659
1921,5,31,1,27159.23448598572,57332.08952410719,19240.858757718015,13657.120887298877,2469.2721111609862,7517.902251978276,5774.3463191353485,7534.670666775911,17979.04359598863,6687.756713950909,11798.931719172298,18273.268582811885,3379.3551834330215,830.5574960472479,3967.251647644353
1921,6,1,1,21144.905292063424,28840.51703425961,11396.961016866744,13197.73471660744,1256.157777963047,8482.67572659689,8843.098726386102,6580.749406644408,14107.69397876817,9229.489575315733,14530.91463632935,21597.65496851544,3486.708069913121,404.61398572389317,5529.772876954133
1921,6,2,1,21323.44010561462,28752.863500375362,10959.644471609197,13197.73471660744,1263.9569342393308,8482.67572659689,9058.868736234323,8536.89173754711,11674.455894689605,9621.914739311898,17631.397574870414,23172.42445613987,3725.700657143215,400.773836480934,5799.242129434743
1921,6,3,1,21368.32315930054,30003.387250443182,11386.268680796771,13197.73471660744,1248.3586216868043,8482.67572659689,9058.868736234323,9352.699489568715,13677.426268778645,8784.959982292336,18460.811416104636,25503.723262202227,4516.959898648121,414.2247940194378,6228.178762972539
1921,6,4,1,20249.239020729987,26519.78537525643,12221.3401278531,13197.73471660744,1179.2521736693548,8482.67572659689,9058.868736234323,8584.792376197944,11913.964521432597,7638.00576517864,18106.1734644905,26774.50967021256,3475.85651460108,436.3369577309253,5870.967118403607
1921,6,5,1,20754.921425592212,25964.646327329043,16656.521129632176,13197.73471660744,1123.9670152553708,8482.67572659689,6614.387044945998,8340.598912075868,17203.289990785917,9218.762192868893,16522.431993276125,27195.057690129786,3246.682001224796,410.3846447764885,5742.592343401902
1921,6,6,1,20669.144922991996,25075.58905508482,17044.652928968255,13197.73471660744,1113.6010480527511,8482.67572659689,10892.650814081026,8970.991275320099,14842.116449267325,11998.248877441445,18136.207948991992,26371.103553281242,3749.729101048482,363.29064060946814,5857.069665696994
1921,6,7,1,20875.6069699479,24258.32420106881,15322.117588113337,11924.805056440811,1558.5478497880317,8482.67572659689,12905.171676292406,13770.43568213745,14577.173278091606,12456.89920858352,25312.1393998928,26068.26326719955,4117.519315018222,355.59990693539817,6272.226621551132
1921,6,8,1,17282.967872683137,23106.306327175113,17023.26825682831,11924.805056440811,1379.7595964171246,8482.67572659689,13803.599703646638,12807.433259261627,16084.170035739442,12456.89920858352,22094.984040788022,24990.608966162024,3744.3033233924616,345.98909863984363,6168.113501274488
1921,6,9,1,3820.645009989331,23704.854744263113,18031.55554821637,11924.805056440811,1193.0734632728202,8482.67572659689,12042.512446280205,11471.20502689828,18757.976519245385,11043.730765852284,20433.84601335808,23455.83725217104,3815.2259884677646,321.96729549504306,6117.234691365612
1921,6,10,1,22869.4119547985,24943.691356480205,18445.34895412011,11924.805056440811,1132.6546830061238,8482.67572659689,15061.819751322992,10757.685096995529,23608.556097131896,11490.340157513252,21043.77708323499,22898.154008367757,3882.9190239858704,302.74567890394394,6223.5855370779855
1921,6,11,1,17854.47875628468,25030.51009480252,19046.25824124634,11924.805056440811,1237.9926544841846,8482.67572659689,17902.28306965589,12150.795337756652,25068.9228566527,11117.071033600496,21942.501273318852,21137.109174964964,4507.141824794358,280.6335151924664,6310.385728982805
1921,6,12,1,23390.05537755585,26536.481286472215,18365.156433595992,11924.805056440811,1229.4037102305858,8482.67572659689,18620.815086848972,12102.894699105816,28070.199099732006,10992.283115342309,21455.018486409626,16714.498204640753,4319.435754932043,278.71344057098185,5864.0183920503005
1921,6,13,1,23840.880716801705,26222.59815561345,19886.675856337657,11924.805056440811,1260.501611838444,8482.67572659689,18117.9478771589,11656.820001670152,27702.457978140126,11267.03546168271,21455.018486409626,15303.14819214714,3833.8286547170114,271.02270689691187,5843.172212990381
1921,6,14,1,22762.69002714489,24796.767337780406,21234.979434747256,12651.223582509285,1215.5824206270795,8482.67572659689,20490.260759692494,12587.888665445373,28079.737053894336,13872.256913038616,19532.811478312495,16884.77444096581,4108.8639078050055,259.4918239798827,5592.193639110937
1921,6,15,1,22112.384449295005,30933.349505165486,21903.250439113774,12651.223582509285,1155.064916863229,8482.67572659689,20418.723165008516,13796.38186140658,29021.874970595465,16071.370314624237,26238.587729516432,20278.871232145008,5165.211143361924,256.61171204766583,6656.055421303946
1921,6,16,1,19896.158998400333,24898.61239619682,20002.153085892143,12651.223582509285,1079.0478240440061,8482.67572659689,20885.821577356648,13306.39824520764,27421.61821669379,16094.357562724399,29074.53616994806,23484.40709048062,5818.8881657317,248.92097837358594,7854.062954622623
1921,6,17,1,19702.66316695402,21920.896630849846,18386.541105735938,12651.223582509285,995.231574948581,8482.67572659689,20454.49196235055,9275.459709744286,25983.506683551677,14080.236776802263,28823.863741608508,26171.114685114193,5475.126395667274,243.15031932099058,8207.976898549368
1921,6,18,1,18604.524453436858,23438.55496037027,18567.241585316508,12651.223582509285,909.7271540515335,8482.67572659689,2983.643710045883,11634.865542288579,25667.69442351007,14018.937448535162,24608.63935906873,29680.633623063906,5250.344178488732,237.3900954565568,7802.006394484336
1921,6,19,1,18994.508319908622,20839.001584062677,18745.803597683225,12651.223582509285,882.9533416196414,8482.67572659689,1869.2352681532677,11021.138609574926,25545.820564769256,14237.863620917986,25897.81184767241,34201.52483717293,5283.028029607215,235.47002083508215,7840.165501916011
1921,6,20,1,15545.49499443903,20094.36394383572,19503.890225036565,12651.223582509285,770.6356188918398,8482.67572659689,1869.2352681532677,10586.041141830112,23435.81314952519,14237.863620917986,25141.1738727303,33880.39985457312,5388.95987908214,217.2084415547154,7973.251277835222
1921,6,21,1,17355.778159773767,18178.508131816754,20548.53145906226,8160.101442835142,772.3632800922422,8482.67572659689,575.1622612587963,10561.092892532806,23657.305640628136,14931.859587371591,27506.96711346506,33559.27487197332,5261.195733800772,211.43778250212003,7606.617631431276
1921,6,22,1,17028.630568462177,18863.87528722815,20850.055336232304,8160.101442835142,749.0349177115215,8482.67572659689,1258.2200476762685,11344.467920467965,23791.896771585532,13365.442823972353,28336.38095469928,30928.564160426697,4948.050851938273,211.43778250212003,7710.73075170785
1921,6,23,1,15248.26943891824,17951.44373928139,19463.25934797121,8160.101442835142,730.0306445066851,8482.67572659689,35.94764132867955,11762.600578690717,20284.04918521809,12128.509950009284,29131.139621508566,26372.246346813652,4603.126415233255,186.45594204658713,7174.147747205316
1921,6,24,1,15545.49499443903,17817.041653994245,17141.95318720392,8160.101442835142,673.8767193176625,8482.67572659689,215.6858479720486,9972.31420911646,18832.160607174785,11942.42270348387,27978.27748564268,23118.713160117935,4495.127602841725,184.52543223695096,6859.570660939724
1921,6,25,1,14630.87810043773,16795.251887583476,15977.557789195684,8160.101442835142,629.8164225316618,8482.67572659689,215.6858479720486,10282.670430374867,16492.18251935006,12095.671024151872,27389.1395204206,20498.28759036258,4754.9190044198895,167.234325455488,7248.110461609978
1921,6,26,1,14196.011180280044,15679.130222803888,15064.432288829434,8160.101442835142,618.5816885539631,8482.67572659689,395.42405461546673,10439.345435961872,13832.153080745302,12029.993172436927,27363.725725842552,21891.352906338074,4791.995151736163,164.3437783351096,7480.598356888325
1921,6,27,1,14238.899431579874,18069.14991335383,15952.96541623495,8160.101442835142,593.5256649727988,8482.67572659689,395.42405461546673,10051.150676895939,12520.15449708286,11742.105255753488,26570.122231514015,21372.52464263583,4797.420929392184,177.8051710617749,6964.861531445642
1921,6,28,1,13045.010203533155,13970.303709862206,20757.032012424355,6257.835358682148,554.6483517881284,8482.67572659689,395.42405461546673,9202.810407790637,21507.026863365336,12155.875721557166,25717.60494066325,17373.890072826067,4929.448185689027,170.11443738770492,7001.842888647973
1921,6,29,1,11864.087190994913,13668.107716855257,19981.837647359465,6257.835358682148,520.0951277793832,8482.67572659689,395.42405461546673,8666.622633893028,20511.90031242911,12410.924712383192,24517.380733083515,15740.838115050074,5069.226552923028,164.3437783351096,7102.422758236519
1921,6,30,1,12381.738410173124,14302.55234305736,16838.29084281968,6257.835358682148,490.7150150222528,8482.67572659689,71.8952826573591,10062.127906586791,18674.254477153874,11781.51196678248,29707.570689441513,16152.243786708043,5081.240774875662,152.81289541808044,6957.912805092403
1921,7,1,1,10382.946419357299,19723.71471484393,6714.038588348924,6971.468013497254,405.7239563104887,3221.4779868251476,1906.1612912915964,5319.06654318137,9260.50567347292,5780.5266555964645,13366.5007756553,15024.3065702456,2309.7018741006577,396.0675666206765,3720.0418744989142
1921,7,2,1,9948.677939915995,18116.733260318666,6588.617486249283,4646.023535653511,366.3036638913885,3098.281896499912,0.0,5210.391969242317,7052.5752621623615,5933.3371239196695,14065.380126555923,15723.696212064164,2389.5383167537116,394.7736032888146,3912.4862619785163
1921,7,3,1,10744.005651231313,14357.648850069785,6157.5024959124685,4646.023535653511,339.1250851210824,3202.8882954460896,2254.6966606855094,5290.425952988117,6971.184719977073,5685.950549127032,16092.707830408155,16013.965769289576,2404.5237978989603,381.3956920674317,4062.4138661777315
1921,7,4,1,9636.990067096327,16883.740217027476,5761.779137966953,4646.023535653511,316.6951065645464,2940.847165555692,2377.572999789715,5261.885155791981,6780.637591267547,5290.350955631245,13097.345587622416,15553.419975739103,2296.3958003251646,356.37211085925264,3981.149100350966
1921,7,5,1,9873.9725905583,15221.662255489786,5633.150335046184,4646.023535653511,293.59380822728014,2939.271767981188,4037.8764105278624,5086.5488597304875,6341.043881652704,5119.260151914102,12879.017988746073,15995.681072771462,2331.2757995425195,341.27239359142453,4386.412954278406
1921,7,6,1,9686.760386628448,16951.358657452558,5604.174104297141,4646.023535653511,285.42937501152596,2756.3155963302697,1947.1902058897492,5467.658315996141,7201.367347094744,5079.087199281807,13000.31109923278,15170.584142390713,2221.468394598968,320.99682299614915,4351.669322511873
1921,7,7,1,10715.081016633558,15906.194615340337,5315.481030410589,4646.023535653511,260.28450028288205,3030.7498538066475,4365.792120277618,5137.942253283034,8446.812206157905,5468.447396864643,12944.862820153247,13462.107811477244,1951.0838080732972,310.2068384384899,4273.3489322585665
1921,7,8,1,9347.544240881289,14418.588926008117,5114.358188936747,4646.023535653511,232.42472938213038,2622.931935023359,1619.2744961399942,4961.707820246835,9914.491397203106,5358.874847587062,12650.293837542094,12007.331644753163,1778.8799600853451,305.03098511102274,3730.6416265632724
1921,7,9,1,8543.539139186756,13625.533143254399,4807.915837174419,2293.649523665594,211.3571350865264,2633.014479500096,1598.7600388408737,4728.192206824127,10626.340709518277,5312.353035955768,13214.018008185902,10449.70406011444,1580.0639645464073,298.5611684516938,3287.6897652959087
1921,7,10,1,8176.794720512663,13637.22028110621,4721.094068287202,2293.649523665594,193.0044369630302,2392.713836137588,1742.2560375892378,3995.5120214610424,12108.96269541799,4789.885725564102,13984.518052897894,9317.652786935412,1416.903079318521,284.31713661301245,3034.2379159347556
1921,7,11,1,8217.388949068212,13608.837232038613,4897.196843357607,2293.649523665594,178.05769949180282,2306.5921020654423,1762.7704948883581,2772.948012896133,11264.323865709559,4122.379825968787,12174.362775441256,9317.652786935412,1416.903079318521,265.7738072523239,3034.2379159347556
1921,7,12,1,7558.705201196745,13026.149930605558,4673.62009613689,2293.649523665594,166.50705032316972,1928.2866311775372,1967.704663188781,2270.6898580429033,8742.488785190033,3982.9238541609566,9864.017813786259,8150.746311018565,1223.0736318158483,257.99959207297155,2771.1285146927466
1921,7,13,1,7188.1706579890815,12048.604328917334,4241.756642275259,2293.649523665594,156.30891306575325,1532.8618399801408,1660.1982083929324,2596.613786862816,9044.206068524938,3841.059694456808,10431.438536368689,7825.7358304086965,1159.8374850865698,245.926079371612,2636.7472135212374
1921,7,14,1,8171.608234308828,12635.465608154605,4040.6338008010785,2293.649523665594,151.5504405022678,1355.2620200825356,1250.3298717920868,2704.290430830045,8792.192124102592,3518.690905623184,11042.986847718641,7250.796404266546,1096.6013383573397,239.017984809558,2436.5296745277146
1921,7,15,1,7468.340653109077,13290.780123376717,3502.5954497655543,2293.649523665594,143.39587963618806,1485.5999127454643,1844.7231217394492,2500.413337572546,7948.613067078767,3285.425068949223,9520.00744899569,6771.051679372073,1003.4200663740648,226.07835149090008,2229.481184203908
1921,7,16,1,6855.5373601165775,10819.785263431451,3801.018549475403,1251.6575911787172,133.1977423787716,830.3920615144001,1844.7231217394492,2585.2373851833645,7218.323710049968,3439.111241962021,9685.659182746293,6470.611259708356,989.274288913694,226.07835149090008,2143.3876424366804
1921,7,17,1,6020.014380721816,12057.787080086613,3579.045652664911,1251.6575911787172,126.40556577362393,830.3920615144001,1701.227122991085,2694.8100960969955,7218.323710049968,3439.111241962021,9908.029885305594,6112.002649246437,950.1699342355437,216.5823302651026,2041.8655726647007
1921,7,18,1,7333.492011812707,11733.886402498812,3153.597600445196,1251.6575911787172,120.29458129896277,895.5189972438983,1701.227122991085,2088.767224167108,7218.323710049968,3334.3550684768343,9726.667805815683,5937.1552387917445,926.0381421844157,216.5823302651026,1906.4242962867354
1921,7,19,1,7472.330257881257,12203.041507664728,3361.0289202003632,1251.6575911787172,114.85491660499083,905.5910390701324,1742.2560375892378,2205.0260658924185,8718.74987705272,2956.0506425992244,9715.116081007522,5625.515442510881,872.7880100459424,204.93666027831637,1944.1123036267272
1921,7,20,1,6191.567385921694,11435.864387296078,3176.906893077479,1251.6575911787172,106.70035573895203,844.3395813738787,901.8576238051253,2397.4269644732185,6442.252173041741,2840.2386974086917,9594.400556761077,5632.257924351963,875.281284064075,185.08893239760448,1865.7919133733528
1921,7,21,1,6503.255258740805,11417.498884958604,3155.9499143805765,1251.6575911787172,100.57949891453451,822.6306027974088,1065.80495844557,2023.003639019376,6555.435895768046,3055.3336617748832,10141.952312673278,5615.4588594259385,883.6008098033028,173.44326241080836,1824.2173302764686
1921,7,22,1,4986.806484870505,12711.432004187036,2901.044622475097,1251.6575911787172,95.14477039544074,878.4626928374221,1024.8391652544576,1840.9812121462028,6834.262089113454,3076.5695004959834,10782.842005036273,5699.454184056062,832.8568702011888,174.73722574267018,1926.7993752549044
1921,7,23,1,5729.271932956098,11661.259188709755,2741.72881503413,932.1013292906574,91.06650272742525,765.2546231344879,1147.8627876417868,1655.166651379966,6542.506669014675,2503.74917045627,10782.842005036273,5809.390921871267,817.0446038892887,164.3855190877458,1907.366496470237
1921,7,24,1,6587.036958954933,13774.96154863673,3158.4091516765484,932.1013292906574,88.34864485043147,748.1983187279232,1147.8627876417868,1566.550469875954,5504.565301616479,2307.481856915102,8931.562587262284,5477.637959420518,802.0720412623143,164.3855190877458,1756.4966920875197
1921,7,25,1,3298.804705800327,13774.96154863673,3158.4091516765484,932.1013292906574,83.59115952188073,761.379145101155,1229.815414492966,1776.2155569704257,4077.5813816635987,2014.3397120944735,8931.562587262284,5112.172587764155,714.7041024819081,164.81336180231918,1787.4715231200466
1921,7,26,1,5162.249354722982,11475.099778653559,2628.3900526935035,932.1013292906574,79.5138790888818,737.3490807649396,1168.2720425957814,1922.9112628385346,5123.471044197211,1701.4942117593496,7873.193560327932,4834.2452006885,676.4265329704091,148.84752391720264,1679.118502017647
1921,7,27,1,5033.883821181126,9683.628505192699,2615.4523260490805,932.1013292906574,76.11581631633622,721.8366659814596,1619.2744961399942,1791.384092543201,3927.7295240466087,1705.4348828622728,7095.877997979187,4839.844888997175,675.5997478038057,140.21762330870357,1642.3726948612248
1921,7,28,1,4717.00946215818,10881.560134929538,2774.7681334900476,932.1013292906574,74.07717609983676,639.6534258454853,860.860269910537,3538.060922345796,3927.7295240466087,1705.4348828622728,6032.310694881356,4890.242083775249,666.4534368979266,139.36193787956674,1672.4053257102498
1921,7,29,1,4182.70164305639,9857.265981837325,2349.3200812699947,932.1013292906574,69.31969077132695,741.224558798184,963.3483945297914,1436.0212295524448,3851.3199134794913,1520.223341026331,6054.374489265117,5143.599409904752,771.2872123233919,130.73203727107756,2461.6157544133907
1921,7,30,1,3643.2073377507645,10813.941694505544,2736.917263802439,677.0062253931586,67.96026821532179,646.6271857752247,778.876082355882,1180.6509497452823,3918.7214562268023,1385.4742819247258,5509.941699051046,5598.659794499914,928.5314162025483,125.11790604088543,2460.6735542298898
1921,7,31,1,5037.873425953307,7956.102571688337,2354.880096026502,677.0062253931586,65.9216279988223,671.4449488986921,737.8787284612936,1295.9118614988988,2858.948771523499,1333.3698528976147,5509.941699051046,5256.735969610658,698.0650510034045,120.36989542799164,2318.519101544527
1921,8,1,1,6276.246747209285,9850.587617350575,1242.8771447605218,1999.1218876286036,43.00691707117336,239.38691276922535,3.8287341484224893,723.070119733731,535.6727012100199,975.8853060137365,3480.303650237092,3059.829682956702,415.44662771519904,40.96228760406964,941.5759758771447
1921,8,2,1,5468.850481457841,7293.27489641972,1325.101209137907,1999.1218876286036,40.091612199843155,118.85849567005481,61.259325565379335,701.824190632186,897.3519230454219,792.2281400017059,3791.622633820112,2641.5672501042905,410.3050574602136,39.010907418120325,900.3782728536474
1921,8,3,1,4984.113501649562,12314.069317249334,1330.7681472550062,550.6297687319628,39.363032790744754,38.87976187340021,0.0,670.9382580020994,834.7935414673356,732.3080466205464,3943.412297800833,2500.317969501648,356.27981422794795,43.88727084538412,909.1996220716954
1921,8,4,1,5284.032040391296,11631.206548521555,797.637578475502,550.6297687319628,37.90488673757638,32.770370079522266,0.0,672.8642628478185,26.3925789398469,668.4910673709554,2882.501891408835,2196.2206105343894,334.4216813850989,45.83865103134336,777.7744739759071
1921,8,5,1,5619.956762201126,11851.592576571256,735.7824143114282,550.6297687319628,37.90488673757638,23.328487283069947,9.571730168711097,607.2204292967056,965.78144529668,630.3650744505144,2816.8880944978123,2282.158684169646,315.12141515146806,44.86296093836374,824.8609281462547
1921,8,6,1,4884.473122466294,9671.106571781129,1096.3921406037252,550.6297687319628,36.446740684408006,26.105388074373614,15.314305379619203,748.1680585268444,633.4261336469096,582.1137460573433,3235.753636045843,2269.702234666729,318.9840521018683,44.86296093836374,674.7919939194934
1921,8,7,1,4918.085542671082,11588.6319749207,796.0123433927523,550.6297687319628,34.988594631239586,146.63800623366046,0.0,829.2598480427135,628.5405815705003,581.3365581453876,3167.829494173324,2166.8508167522878,342.134036767577,45.83865103134336,674.7919939194934
1921,8,8,1,4304.983029320949,8882.22476683163,858.6801250985399,550.6297687319628,33.53143581304288,110.52989382627747,42.11565482326688,979.8574601009495,628.5405815705003,547.085558476072,2793.0915413928155,2121.5961928698443,410.3050574602136,46.81329760550584,668.903242772575
1921,8,9,1,4619.363885361003,9911.527693288906,1194.0131689215054,550.6297687319628,32.073289759874505,84.4255560169988,0.0,671.8962707750511,312.8025056169572,482.5023376230579,2249.5828891633446,2019.887568487608,353.70902910045527,55.59137788587096,702.2571292684462
1921,8,10,1,5066.897800670087,9627.69720261943,1081.7436401878085,1249.281455813119,32.073289759874505,123.8577573064571,11.485992040577216,517.436669725691,1051.8031941139686,516.7423909837204,2920.969135020352,2104.68284859066,309.9798448964827,55.59137788587096,696.3683781215958
1921,8,11,1,3431.4590644719997,10425.761758737122,1079.2844028918369,1249.281455813119,29.886564297607773,101.64360124106032,11.485992040577216,545.4385847369767,382.20701873801863,469.26825050250505,1993.712184660084,1737.2747279293662,313.8424818468351,55.59137788587096,604.1740901662674
1921,8,12,1,4994.885434533893,10715.435818332504,1194.8685558069137,1249.281455813119,28.42841824443936,116.08579593896324,11.485992040577216,429.5888942999513,1794.7250415447618,445.1425863059195,2445.5001419118134,1736.1319343969587,302.26748951395683,7.8022858355057005,608.0959984300805
1921,8,13,1,5622.350525063879,10244.611122044902,1259.1294955870023,1249.281455813119,27.699838835341005,103.30932160981578,11.485992040577216,380.361008786622,1050.8282032441653,408.57096920938983,1922.4380425930556,1582.4262042913992,302.26748951395683,11.70306352166969,551.2106623513309
1921,8,14,1,3450.708907497494,10965.874486570407,1064.6038254678103,1249.281455813119,28.42841824443936,237.72749399070068,11.485992040577216,489.444734014091,1050.8282032441653,421.7941100212896,2380.9260002335773,1636.7088970795373,257.2464534871246,11.70306352166969,572.7870465534335
1921,8,15,1,3823.836693807076,10042.590596333763,989.7147036346458,1249.281455813119,28.42841824443936,271.6090444927729,34.45797612173165,0.0,1050.8282032441653,438.1369487896652,2059.4414988192943,1611.7959980735006,232.80461699850832,7.8022858355057005,578.6757977002837
1921,8,16,1,4265.386201957888,8438.948324050785,1071.9066910035829,1249.281455813119,28.42841824443936,272.1551823186422,24.886666762401056,641.9783302177319,949.1642096006696,409.34815712134554,2632.2915320615803,1599.4538279237433,275.25486789784793,6.827013150052691,508.05789394705783
1921,8,17,1,4070.99270943811,6506.313121259727,846.4694773067475,1308.911138560506,29.886564297607773,248.2721550892861,24.886666762401056,828.291855969946,796.6735179986885,368.10246624442874,2453.4708320295413,1549.628029911873,264.95880886965045,6.827013150052691,553.1775052343681
1921,8,18,1,4297.801740731023,9001.600532024677,809.0356087259194,1308.911138560506,29.886564297607773,196.62011994700387,0.0,553.1625627193548,780.0562823024611,384.4453050128043,1748.122515236274,1487.4600617502454,240.52989089926092,6.827013150052691,581.6201732737429
1921,8,19,1,3523.9181550653416,8143.681134198401,777.2900629347153,1308.911138560506,27.699838835341005,157.73930780852933,32.54434546393629,518.4046617983284,408.59535858728145,382.10279496828423,654.3936586639011,1376.7233684623143,234.09646882136798,9.752831206411726,548.2662867778718
1921,8,20,1,4300.195503594331,9683.628505192699,726.8222366847965,1308.911138560506,26.970272191270983,137.74226126300863,21.058353423359073,490.4127260868585,1011.722591178539,319.07394993930194,715.5369380740325,1178.905808006719,237.9461872534937,9.752831206411726,535.5230292960787
1921,8,21,1,4640.90775113078,11839.070643158602,828.5598143894077,1308.911138560506,26.970272191270983,154.96660807743777,24.886666762401056,425.72690530882727,758.5534945298244,237.35975609742394,1265.722487242568,1376.7233684623143,221.22962466563004,9.752831206411726,450.18324767569305
1921,8,22,1,4798.098179150807,10924.969504091237,906.6994063880717,1308.911138560506,26.24169278217263,140.52546364460278,24.886666762401056,488.4767419413236,808.4052016182895,151.7486763871145,2024.3242554020603,1388.0370244328237,213.517269283152,3.901090741812052,469.8045664970197
1921,8,23,1,3643.9055185856178,8758.675023834368,936.8197170968648,1308.911138560506,24.783546729004254,143.29816337569437,26.801349443647677,723.070119733731,1190.6546112639264,0.0,1882.8156265005646,1258.1013998008937,190.36728461739543,0.9752831206411726,534.5337191033954
1921,8,24,1,4351.761145273376,10110.209036757758,870.0781553489571,1221.6730258503828,24.05496731990586,141.08210412088624,26.801349443647677,587.9104843406955,426.1981828800541,125.29144845466186,1851.1639005260274,1406.0931622446185,214.796202587785,0.0,437.43999019383193
1921,8,25,1,4114.180181095576,6984.81793670644,953.9060701365673,1221.6730258503828,24.05496731990586,150.52398691740737,26.801349443647677,524.2026349351174,907.1336249251996,112.8454955547344,2189.629437408553,1174.4489132304516,216.08805441064467,0.0,419.78551425554247
1921,8,26,1,3946.2178201906604,9550.896011026154,625.8972765212213,1221.6730258503828,22.596821266737482,204.40258396500033,26.801349443647677,459.5168141570862,1265.8984718777167,260.7082323820538,1748.122515236274,1252.387432139059,198.0796399998735,0.0,491.3809506991222
1921,8,27,1,4675.7170527672215,7373.5822293678875,1066.2290605505602,1221.6730258503828,21.868241857639127,252.72527889990755,26.801349443647677,656.4582941099808,623.6550294940909,255.25697068971093,1715.200099532575,1163.1352572597395,187.7835809716761,7.8022858355057005,485.492199552272
1921,8,28,1,4411.804697093584,9710.341963137525,1609.08965515336,1221.6730258503828,21.868241857639127,208.28856464874727,1372.5749968254484,573.4305204484467,694.0345334851725,132.29708597091613,1246.5466240607905,1139.3765797215683,171.06701838376458,0.9752831206411726,12349.888905209817
1921,8,29,1,4592.9327537461395,10792.237009924695,1477.2531514121415,1221.6730258503828,21.868241857639127,155.5232485537212,1372.5749968254484,495.2327278510642,1271.7272216437034,213.23409190083842,1426.5224965738032,1097.5503364363474,163.3546630012865,0.0,392.32037890652157
1921,8,30,1,4574.979532271883,7614.754666880206,1570.8110920233862,1221.6730258503828,20.410095804470753,144.96808480463318,1372.5749968254484,488.4767419413236,764.414037476254,256.0341586016666,720.0652141990175,1167.5921520360068,138.9128265126703,0.0,417.8186713725052
1921,8,31,1,4672.126408472259,8407.226092740897,1595.29654162319,311.8734242059833,20.410095804470753,137.19612343713933,0.0,540.6086036729552,509.28436136075703,178.99403854017584,295.4931205955257,1159.7068766627199,124.76317349683612,0.0,425.6742654023928
1921,9,1,1,4651.480203776501,9680.289322949324,601.0055181508995,832.0320856059926,18.255949096269354,62.15468563893747,74.33702908767415,343.93656481248587,403.9005655939625,135.6138174825441,400.3943335795659,1173.1918403448847,180.27792188082495,28.31483955390494,794.1452021641604
1921,9,2,1,4238.157149388033,8969.878300714789,710.6233475389505,832.0320856059926,18.255949096269354,65.30127972772178,52.86207437762636,304.7777927154852,5.571119026215931,135.6138174825441,364.8727797941267,1070.80896777854,171.62251466760765,24.775223729956334,769.4831123611211
1921,9,3,1,4483.1188823943685,10177.827477181752,696.1993861808174,832.0320856059926,17.494790933105627,68.18635781914057,112.33506412274365,280.97716288580887,501.39965258665944,135.6138174825441,686.5305570804655,818.1830295098264,171.62251466760765,45.12592767999675,758.9069153013543
1921,9,4,1,4483.1188823943685,8036.66034330541,813.5156975392352,832.0320856059926,16.7346200049136,70.2847873883632,57.8181568563916,275.60829963706703,0.0,135.6138174825441,1177.1207579631855,1033.2567723044904,159.3628408686195,40.70140790007092,721.3131279797265
1921,9,5,1,4483.1188823943685,8803.753984117757,908.7202579054158,832.0320856059926,16.7346200049136,69.23557260375188,82.59646520331547,280.97716288580887,347.26631332340804,207.15889061720037,1063.8791996675775,1045.7817894193438,163.69054447522814,30.968507903039324,831.7389894857882
1921,9,6,1,4483.1188823943685,7903.593930914745,956.7930008755819,832.0320856059926,15.97346184174987,71.33400217297452,74.33702908767415,295.56689907486077,406.68776775464266,145.2246764501479,1427.7931863027395,726.0167311232125,157.92888534526628,28.31483955390494,738.9322714111635
1921,9,7,1,4372.407349969134,9662.758616172692,690.4362170390507,832.0320856059926,15.213290913557806,72.90729921736673,85.90087086364272,260.2501573696126,429.90738727661085,117.45389148339315,1263.643176777221,901.2526913788095,157.2054483244285,26.545031641930635,769.4831123611211
1921,9,8,1,3902.5316479363937,8459.818213070792,676.974565927256,650.2464152039394,15.213290913557806,82.61069801118458,85.90087086364272,263.32378168309265,176.4203588225316,241.32231981753267,1310.6586967467274,1101.5386858643155,144.22233750465037,26.545031641930635,654.3580274398132
1921,9,9,1,3544.5643597610992,9543.382850979648,713.5102782779651,650.2464152039394,15.213290913557806,14.68585618940963,85.90087086364272,295.56689907486077,0.0,105.71288085850159,1321.1707663223278,1054.8784259371773,144.94577452544033,27.42993559791779,870.510527036759
1921,9,10,1,3699.959465633645,8909.773020338387,843.3259305021782,650.2464152039394,14.452132750394073,21.76674315422405,49.55766871729902,320.13593498293966,174.56575662430117,177.2535754697653,1322.2104215551142,1054.8784259371773,139.1711968772518,23.890319773979105,671.9771708712502
1921,9,11,1,4120.364068492456,9151.028937407009,1007.7633669203476,650.2464152039394,14.452132750394073,70.54630338572883,51.21039755918827,337.02091010725326,174.56575662430117,87.55952264451655,1267.4552459638035,1033.2567723044904,148.55004111125905,19.465799994043348,811.776123097927
1921,9,12,1,4760.994854770638,8534.115017981534,828.9019691437065,650.2464152039394,14.452132750394073,93.88739384932032,47.905991898861025,320.13593498293966,174.56575662430117,96.10202189089492,1521.8242262419783,1075.368713972712,145.66921154627812,25.660127685943483,763.6061387165322
1921,9,13,1,4059.123635241151,8278.584096822271,669.2760839568891,650.2464152039394,14.452132750394073,67.13714303452926,107.38003366747891,290.1880565264333,403.9005655939625,154.8355354177517,1404.6897366861917,930.8396159321776,160.0862778894094,20.3507039500305,671.9771708712502
1921,9,14,1,4609.090653072915,9068.384176888914,525.0364703745431,650.2464152039394,15.213290913557806,55.33636493653831,62.773187311705584,324.73639215327887,1.8570396754053105,149.4937368115777,1091.7188564555322,687.3217421165529,155.03513726201084,22.1205118620048,776.5260587327233
1921,9,15,1,5322.731206680336,9346.371098632484,715.4348987703027,785.1316994604251,15.213290913557806,54.54866614929262,72.68535226923616,306.31460487216015,212.6327914588379,120.66115990876634,1357.6742167164598,987.7393059095568,151.43087067623995,20.3507039500305,647.3033035658815
1921,9,16,1,4218.109385408659,9681.95891407101,373.09837482149123,785.1316994604251,15.213290913557806,53.500501629730934,77.64143474800149,325.50479823168143,20.42711849765301,182.59537407581882,1535.3397442677501,711.2175548787994,134.84349327064314,25.660127685943483,757.7291650719434
1921,9,17,1,3243.0499791104926,9257.047973627641,412.53171024713856,785.1316994604251,15.213290913557806,82.61069801118458,52.86207437762636,317.83071674786214,0.0,101.4416312353124,1723.5173413946407,861.4263367752002,132.68610072645217,17.695992082078966,633.2056333202795
1921,9,18,1,3955.4936512857025,8541.628178028042,754.8575418600265,785.1316994604251,15.213290913557806,61.10547085432614,59.469833674829594,320.13593498293966,385.33334815791164,177.2535754697653,1505.5362942624101,889.8818957316188,123.30984019611896,24.775223729956334,641.4263299212926
1921,9,19,1,3798.901663981502,5558.2358028677645,917.3703577858583,785.1316994604251,15.97346184174987,126.1473351146949,11.563841775968571,253.3444819641958,0.0,0.0,1765.79665419274,714.634507540564,121.14728024462772,20.3507039500305,760.0846655306972
1921,9,20,1,4642.104632562433,6190.843878836665,705.8224886435219,785.1316994604251,15.213290913557806,110.67693093322528,84.24919404520473,261.01856344801513,243.27081977347424,243.45684999824758,1744.6569977938034,805.6694403302283,117.54172180701985,22.1205118620048,734.2330479959855
1921,9,21,1,2744.9478233154077,10540.96354612595,689.4739067927125,785.1316994604251,15.97346184174987,121.15857612888367,62.773187311705584,292.4932747615108,675.9548114840233,205.01341412783242,1831.98803734425,921.7429794145467,120.426426927464,19.465799994043348,729.5338245807395
1921,9,22,1,3104.111992922357,11135.337985410813,464.4536942026578,897.0250453215327,16.7346200049136,85.2332098401881,19.823277891609894,325.50479823168143,0.0,205.01341412783242,1477.6966374744554,868.2602420989319,115.3778700036916,17.695992082078966,666.1001972267295
1921,9,23,1,3068.80399068967,11214.64356368662,533.6865702549856,897.0250453215327,16.7346200049136,53.76201762709647,49.55766871729902,331.6520468585115,0.0,92.89913198893403,1789.8242417941124,903.5382784436243,111.77231156608372,15.042323732934658,701.3384840895355
1921,9,24,1,4454.792688512441,12861.695205130212,533.6865702549856,897.0250453215327,15.97346184174987,71.8580844327554,41.29823260165779,309.3882291856402,46.42546199879045,172.98451510821502,1307.7707655447437,615.6343038302184,108.88760644563956,15.042323732934658,644.9595806094572
1921,9,25,1,1931.2679300480581,8803.753984117757,793.3285670393356,897.0250453215327,14.452132750394073,40.91202474449422,47.905991898861025,272.534675323587,432.68399171054904,146.28646838611857,1324.0586975243116,733.9820020438938,96.62922449848843,12.387611864973204,677.8423670135777
1921,9,26,1,3913.104100582673,1880.377000684197,788.5170158079833,897.0250453215327,14.452132750394073,34.61778630187594,52.86207437762636,256.4181062775458,385.33334815791164,81.15374284059462,876.6372922503753,762.4261330648545,485.3099742957225,25.660127685943483,674.3208938277426
1921,9,27,1,3185.4001901535926,3050.426458691247,575.0445261729704,897.0250453215327,13.691961822202048,44.058618833278615,61.12151049326759,271.76626924531456,187.55856973876172,65.13600943820423,1036.9867843139493,762.4261330648545,103.84034137370419,24.775223729956334,743.6314948263415
1921,9,28,1,3094.736421708289,5971.292646347808,438.49270222506766,897.0250453215327,13.691961822202048,47.73034544689337,19.823277891609894,284.8191932775614,0.0,303.2565339847057,928.4929849146124,727.1480967201621,98.7917844499318,25.660127685943483,663.7446967679757
1921,9,29,1,2690.7889385338885,10069.30405427859,318.2894601276752,1710.3648660512797,13.691961822202048,61.10547085432614,127.20015548871498,239.52315185341632,0.0,225.3078703077842,625.0753811003627,590.595697535767,91.58066757471603,17.695992082078966,620.2857133040884
1921,9,30,1,3436.246590198616,10335.603838171435,338.48728296364595,1710.3648660512797,14.452132750394073,61.10547085432614,127.20015548871498,320.13593498293966,282.2704545705964,140.95561608859762,279.41311966237964,492.7382873576262,79.32228562756488,23.005415817991953,667.2779474560723
1921,10,1,1,2342.6959221694624,11938.411314893568,974.2215086692445,766.2583956988542,10.351158678043713,160.3754730831757,33.6647504395009,550.4581724955474,265.7803915965739,257.26014516707136,2580.6553221686286,244.19212199953026,44.18004049016677,21.15525695718672,637.0215440634673
1921,10,2,1,3179.0168225181037,8572.515613778172,922.9945265585853,766.2583956988542,9.410126303040258,50.16801062715657,33.6647504395009,489.2251894202246,131.22105381994265,207.96891745499465,1472.1518095664119,182.88124898732877,44.18004049016677,16.347765771775165,644.8064730796502
1921,10,3,1,4106.300711670797,2968.9504119581156,917.3062037693002,766.2583956988542,9.410126303040258,43.057716240951706,33.6647504395009,523.035056867985,99.45966645938957,207.96891745499465,891.4350517297214,219.8849035658683,42.95278125844481,18.270970949701233,392.909254021227
1921,10,4,1,3086.657472044344,2619.6719493219694,1041.572533573268,766.2583956988542,9.410126303040258,88.87973009255134,0.0,445.21647765983096,55.99838865971393,207.96891745499465,659.4648658547816,196.6290551819022,42.95278125844481,16.347765771775165,789.7168613017443
1921,10,5,1,3107.802377336346,7728.453822259948,964.737406575241,766.2583956988542,9.410126303040258,82.9541346824237,14.026628675308284,445.21647765983096,79.4013488560133,187.5321592630354,970.2409183716806,235.73544986003944,46.6345589536106,11.539231067556393,596.1771661087661
1921,10,6,1,3518.0334880266532,8319.238640633619,852.7993402599193,766.2583956988542,9.410126303040258,84.92968324083608,15.43002795925502,394.19231819695716,232.35516112102886,144.86344826568214,387.35243627095736,215.65656749592014,44.18004049016677,16.347765771775165,596.1771661087661
1921,10,7,1,3717.2145062730483,10029.233867360264,793.991491875747,766.2583956988542,9.410126303040258,73.86934200285617,12.624281414812806,345.07420498043103,0.0,203.16348797125303,312.26622501712086,214.5937695109069,44.18004049016677,19.23205177926065,558.2536087230012
1921,10,8,1,3324.138696103119,10989.248762271858,544.5072143577356,922.0536711729145,10.351158678043713,87.30013145792091,15.43002795925502,202.20057090470308,212.29366419973297,106.9925043360792,256.50604936761556,211.42823142617476,49.08907741702237,13.462436245482456,567.0042929272083
1921,10,9,1,2355.8616179176593,11224.661110415658,572.9595206394072,922.0536711729145,11.29199360605282,69.52439549240867,84.1618760987523,204.10661715105076,147.09644863679574,139.4450254991779,510.77106412269217,180.76708095241938,53.998114343927455,15.385641423408522,574.7774444410617
1921,10,10,1,3619.5689294758718,1243.7619060236818,755.092773253395,922.0536711729145,11.29199360605282,87.30013145792091,168.32375219747217,185.6149747718718,0.0,139.4450254991779,345.7200200618512,202.9715592864812,53.998114343927455,15.385641423408522,532.967311298336
1921,10,11,1,3114.385225210445,2086.6549837569432,878.4181774832107,922.0536711729145,13.173663462071076,89.66952940993923,16.832375219750496,147.98303553186037,147.93366905771126,139.4450254991779,330.1020881212303,247.36908801972027,53.998114343927455,14.424560593849103,532.967311298336
1921,10,12,1,2514.149187249758,5903.006369475573,892.6389844564235,922.0536711729145,12.23282853406197,74.2642416615287,26.650910090121176,213.03809039943417,147.09644863679574,139.4450254991779,449.06175019671184,171.25903876298884,53.998114343927455,13.462436245482456,532.967311298336
1921,10,13,1,3027.312101059547,5031.312844895377,763.6359497732462,922.0536711729145,13.173663462071076,63.20390042354878,0.0,174.76747597732486,549.1212165787357,51.69284782303593,550.1739974436717,232.56991177530725,137.45303395281587,11.539231067556393,507.68101387367085
1921,10,14,1,4215.815362664377,8352.964381289315,726.6404669717235,922.0536711729145,14.115485625051889,75.4489406375463,0.0,301.7041684020051,0.0,170.70768291549265,295.1581205760522,264.28243229890467,128.85963562715364,27.886996839331562,562.1401844798938
1921,10,15,1,2721.309415040515,8773.701343928467,712.4089676625871,756.6180750726246,14.115485625051889,88.48483043390164,18.234722480245885,149.2603858957959,269.96649370107355,143.65935431758348,249.0667385911445,239.96378592978482,125.17785793197483,17.30884660133459,447.3802021297795
1921,10,16,1,2503.576734604035,7725.44855824178,759.840170468528,756.6180750726246,14.115485625051889,48.19246206874427,18.234722480245885,241.73855639106216,154.62083469818796,112.9987438754024,307.8072592410935,115.22787187022661,127.63237639542737,13.462436245482456,546.5821039498577
1921,10,17,1,3664.451983162349,8645.977623126986,651.6978834579245,756.6180750726246,14.115485625051889,17.775735965512247,5.6107566724684474,241.73855639106216,0.0,112.9987438754024,376.2050218310019,287.53828068280853,125.17785793197483,18.270970949701233,571.8684013745229
1921,10,18,1,1633.0449733342225,8612.585800695411,932.4893209885124,756.6180750726246,15.056320553060996,46.61286343405414,32.262403179005425,285.75724745114155,330.1403867385783,112.9987438754024,444.60278442068454,414.3883627774008,126.4051171637011,13.462436245482456,551.4462123971723
1921,10,19,1,3351.766709149636,8798.745210752693,902.1337788863505,756.6180750726246,15.056320553060996,98.7553723545287,12.624281414812806,190.07572174622064,0.0,0.0,289.9598444123459,639.5644003982304,123.95059870024856,13.462436245482456,554.3552554637791
1921,10,20,1,1100.1335159026955,8479.853306529954,606.1592241365504,756.6180750726246,15.056320553060996,46.61286343405414,0.0,116.72786881220476,178.02061557643327,82.34798511094303,245.3470832027961,2119.5391645115515,115.35978407821253,25.001667313038848,556.2985433422253
1921,10,21,1,3725.0939756978273,7827.210137101892,549.2439192366062,756.6180750726246,14.115485625051889,25.28093001038973,23.846215569130226,157.54320466252582,376.9505462219536,118.41716664187776,303.33674174042795,1011.6694024777717,110.45074715130744,11.539231067556393,534.9105991767824
1921,10,22,1,2961.383882201207,7939.573619585153,535.9640378378843,556.6266817975047,16.93799040907925,11.060341237979916,0.0,152.4437825062092,69.37166016798272,77.53927173455402,332.33157100913104,622.6510561190461,115.35978407821253,27.886996839331562,539.7747076240969
1921,10,23,1,3585.25832843623,9183.58596427774,411.69770803391657,556.6266817975047,21.643152284096534,16.19613733082212,26.650910090121176,246.84795784719464,74.38650451199801,67.320892638585,458.7305438613094,542.301242857209,109.22348791958117,22.117381305553362,564.08347235834
1921,10,24,1,14878.233596307375,10737.140502912267,647.9021041532061,556.6266817975047,48.93230137119289,18.17063562418478,0.0,207.2999930610197,27.581643892083918,67.320892638585,374.71484933078005,486.281503899747,96.95218745420335,25.001667313038848,497.95279697904175
1921,10,25,1,8409.189198486629,6897.748759716309,567.2711978504609,556.6266817975047,50.81495846219698,16.19613733082212,68.73184813949729,163.29128130062603,251.57943762158789,67.320892638585,545.7150316676443,632.1590983084977,94.4976689907508,24.04058648347943,497.95279697904175
1921,10,26,1,3591.841176310328,9464.077272703842,779.7599925666107,556.6266817975047,37.640307765166675,19.75128452392464,164.11565839252208,188.15969620018726,247.39333551708827,69.1237496681577,605.934173093177,900.6698666773505,106.76896945612863,33.65661237310976,511.5675896306316
1921,10,27,1,2548.459788289956,9219.482173391847,351.9382417393297,556.6266817975047,31.05347603413114,27.651378227474563,98.18850477402958,98.86592024531024,101.13198775585123,172.5138238375804,400.74088532367756,1023.2916127019946,131.31673779423238,36.540898380595245,595.1996334184123
1921,10,28,1,2506.269717824979,8077.732284896095,376.59476871662173,556.6266817975047,26.348314159113855,20.146184182597167,333.83860178019626,116.72786881220476,199.7565533396947,92.56636420691207,296.64829307649984,725.1824918445186,150.95288550175698,56.735074508232465,563.1059396679863
1921,10,29,1,4651.081243299283,8674.360672194587,469.56463084393664,652.8375342453534,25.407479231104706,15.01038808975488,245.46863187651002,109.71242110980414,263.2793280607462,108.7953613656519,504.82192584621714,708.2691475651316,233.17925402712999,42.31051391437344,539.7747076240969
1921,10,30,1,3372.911614441638,8774.536139489312,400.3103701194227,652.8375342453534,25.407479231104706,16.985936648167183,126.24281414805984,149.2603858957959,269.129273280217,115.40693177161361,308.5465696289982,582.4704355205,435.6641087430201,54.8118693303064,538.797174933743
1921,10,31,1,4268.577885775633,11425.012045006197,555.883859935967,652.8375342453534,24.466644303095602,16.59103698949465,54.70521946418901,47.200091810546844,248.2305559379448,115.40693177161361,347.94950294997784,636.3874343782431,241.7700686492139,66.3511003978628,552.4119675852646
1921,11,1,1,2541.577720058223,6474.423930838323,1020.5514008601463,52.586138627773146,45.928145352370194,31.928057509694145,37.81498295462064,541.5765957457227,384.44313910291146,0.0,509.8007192386377,348.56345531223144,66.87658516605507,40.374786510651546,436.5920100286942
1921,11,2,1,2541.577720058223,3808.2538687790975,1557.0179784932163,52.586138627773146,43.116500153059505,146.19689491272857,31.90681925248825,329.39672512199263,0.0,20.75310651103119,384.32588437128373,509.4345008657464,64.68431262264725,38.304445179666665,399.8344253699426
1921,11,3,1,2845.7850839297726,4018.8727887664922,1329.3781435659641,922.9475506676068,48.73979055172181,87.38205213179451,18.90696546558469,301.2052034160277,23.015083393697992,4.369000159158135,434.0676113955821,485.72153506879846,61.39525788166487,32.09342118671204,375.33722059897184
1921,11,4,1,2449.5175899420988,5012.279506109661,790.3774822841017,922.9475506676068,99.35532754965921,61.33547890020188,35.45108625969694,270.0498296936461,1.7048563178819411,6.5534455071941,421.62640377718844,442.40966019148834,66.87658516605507,34.16376251769692,506.75059119249886
1921,11,5,1,2333.519831193447,5358.218786502433,1232.0778853299578,922.9475506676068,93.73104991602125,60.495266860473116,21.270862160508386,359.81363066528917,17.90062041732072,0.0,758.4746991864407,364.0368797407527,65.77980296843265,27.951695005925146,615.9044824507861
1921,11,6,1,2905.230195033597,6650.983191945902,1517.24248831327,922.9475506676068,68.42328141705256,48.73229830427001,53.17768141299664,256.6975266696567,433.8815348441025,25.12177828093081,552.75003207591,373.3163632236823,62.490748227450275,26.91652434043767,488.93123022207277
1921,11,7,1,2859.648960512823,11121.981256438401,1240.5248308254802,922.9475506676068,57.17571338471138,47.05187422481242,53.17768141299664,399.88051903681287,112.51606593493237,0.0,336.8482954092523,446.53514484332925,67.97207551184046,38.304445179666665,571.3501912735903
1921,11,8,1,3124.259497021314,6718.100755033172,865.6942975603091,922.9475506676068,52.48930897416075,51.25293442345635,37.81498295462064,344.9744119833136,34.94918359614007,0.0,401.28381638979863,551.7178615640114,64.68431262264725,72.46820769737351,493.38312608907995
1921,11,9,1,336.9021749789318,6725.363476411861,1065.395058336999,922.9475506676068,49.67766377480913,106.70692904554609,44.905621015940554,255.9490791907557,0.0,0.0,379.80915997116256,553.7863178575594,65.77980296843265,75.57371969385578,473.33781718511625
1921,11,10,1,2552.549133181163,8821.284690894387,1035.7772874233915,322.7923319575468,50.614549762920824,75.6190835755914,46.087043351676726,244.0836918250127,379.32443703579327,237.02042053026426,241.9046692100531,505.30901621390547,100.86262292199922,49.692366018905595,514.5472977109431
1921,11,11,1,2313.6715474526823,7155.951026668535,919.0062852045317,322.7923319575468,64.67376299461363,84.86141601260809,40.178879649544335,336.07287663398733,0.0,183.49297138259644,344.76122690288656,369.1908785716387,196.24521041144527,47.622024687920714,718.3687524062672
1921,11,12,1,2620.871114903368,5547.133021910064,1201.6047275309422,322.7923319575468,72.17279983945056,72.25823541667623,48.44988802314925,250.7598433370074,398.0824135549346,105.9471318629512,836.4719450919889,350.6204836705243,144.7132411973122,42.44617136045356,647.0795310223016
1921,11,13,1,2333.519831193447,5020.5439821617965,1577.3334170258934,322.7923319575468,74.98444503880219,63.85611501938829,34.269663923960685,292.3036680668316,398.0824135549346,0.0,577.620895588059,311.4340934450551,145.81131524677164,42.44617136045356,610.3337238658795
1921,11,14,1,2921.088874002737,4634.3675557391825,1282.0110947762423,322.7923319575468,65.61163621770093,33.60848158915173,35.45108625969694,356.10133116984133,0.0,0.0,617.1855530564562,289.7781560064001,194.04906231257425,43.481342025950966,554.6496930210637
1921,11,15,1,2331.5250288079133,4734.4595434776065,847.068248126601,322.7923319575468,57.17571338471138,171.4032561046149,60.26726745086529,273.01368171019294,259.1356168634314,127.78720681984251,496.2274425889978,511.50295715949704,142.51709309844114,39.33961584516407,583.5987936591097
1921,11,16,1,3481.029903765511,5595.718123547256,880.9201841235545,322.7923319575468,51.55242298604907,268.8678527131891,66.17648317644894,263.37367818165137,167.07316374344995,136.5333074065073,448.7614053518302,442.40966019148834,137.03964136951416,39.33961584516407,485.5864195706357
1921,11,17,1,4945.5140754795475,7549.390174470924,1015.4725412269769,2215.463355205487,47.80290456361013,236.0995831637722,294.2509593102427,264.85061454008195,0.0,104.8546902627608,555.0141701381766,536.255865070948,115.11562408369471,39.33961584516407,471.1118692516468
1921,11,18,1,9014.11302205435,5531.689304034456,1160.973850465588,2215.463355205487,45.928145352370194,257.94509619668736,294.2509593102427,163.21144690288003,0.0,0.0,275.8089815222189,548.6323190264707,122.78922391149273,36.23410384868179,640.4016872217569
1921,11,19,1,9929.62757712911,4827.455768949946,1072.9759246105123,2215.463355205487,43.116500153059505,235.25937112400732,262.34308803430764,268.5629140355298,0.0,131.07109940551138,284.8539820470995,656.9120062199486,140.33386351784463,36.23410384868179,559.101588888139
1921,11,20,1,9531.365280755344,6823.451954805564,1085.6998045337527,2215.463355205487,43.116500153059505,285.67209350778,200.89439824763886,228.50600496382188,344.37313389422394,143.07919996077996,421.62640377718844,562.0372871614439,211.59241006708916,72.46820769737351,576.920949858565
1921,11,21,1,5902.720000422483,11547.726992442616,1220.2093922924641,2215.463355205487,41.24174094181957,270.54827679263053,248.16181191161076,192.15141608774596,0.0,157.28750854844068,540.3203761821544,504.28050203486043,162.25658895182707,124.23091504726398,574.6950019250273
1921,11,22,1,7283.023511445732,8683.54342336278,891.9225979397164,2215.463355205487,42.178626929931255,287.35251758722137,790.5640628990315,278.21289686375707,0.0,78.64156501250154,307.46070749698185,654.8435499261979,146.9093892961832,84.8912992020999,523.4628669472868
1921,11,23,1,6583.446314659969,26703.440398630093,1167.816945550208,2215.463355205487,41.24174094181957,223.49640256782902,576.6771750286457,289.33981605028475,0.0,112.506159987541,378.6770909399163,680.6249720168965,153.4849150745696,75.57371969385578,561.3275368216084
1921,11,24,1,3914.9991628491803,16250.965181947058,1342.9574103746124,1874.091907674476,40.30386771875391,141.15562267440438,264.69962056507615,229.98294132212234,344.37313389422394,74.27289324260204,431.8034733333153,704.3493657490997,144.7132411973122,91.10336671387168,497.84679945841657
1921,11,25,1,3971.4520703744256,13475.269942312309,1003.6254328613306,1874.091907674476,40.30386771875391,181.48580058135178,133.53333666513876,202.5398670951885,0.0,398.66455990911805,843.2528075543769,566.1627718132848,137.03964136951416,64.18579885461686,532.3666586813691
1921,11,26,1,3803.988410065754,14978.736747299476,936.7769477524928,1874.091907674476,41.24174094181957,155.43922734978895,133.53333666513876,189.1775847715134,0.0,428.1539153290631,595.7108966378203,398.0692711351332,281.7528825668742,57.97477486166223,542.3893131332829
1921,11,27,1,3343.2887990090303,14244.11665380156,836.0765266467015,1874.091907674476,93.73104991602125,131.0730781976675,88.62876767268367,171.37451407299102,169.6272159135845,341.8751107929669,688.4019364993907,337.2155155355511,410.03376857740545,70.39786636638864,524.5699521629249
1921,11,28,1,3577.079638653259,12320.747681736084,573.7400611726724,1874.091907674476,217.45824721147218,135.27413839631527,80.3567072756374,198.82756759974066,166.2253455956875,242.4826285311397,718.9215934429074,232.0327988150717,242.286809378329,101.45611688761319,496.727936740517
1921,11,29,1,3632.634885104485,16089.014843153158,707.4477237262715,1874.091907674476,139.6542590935542,118.46989760172434,103.99146613105036,204.01680345348896,0.0,274.15029936629134,340.24450250276533,450.66062949537286,230.2338318710156,77.64510454364788,527.914762814294
1921,11,30,1,3762.3967803166042,39929.10646826643,1019.7067063106618,1874.091907674476,91.85629070478132,130.2328661579026,70.90322454284507,227.0190893057056,212.25127329234482,168.20097824165896,1355.3638717547371,597.0981927348695,207.21303238757375,66.25718370441889,461.08921479966494
1921,12,1,1,2260.6098039837907,4764.929581447316,910.8480327833511,10920.265543288968,776.5886457710543,5.103027823292829,61.22460879148856,779.8323765348892,0.0,1009.67656072095,1137.9604108629935,1167.5921520360068,260.3468978620069,49.86976421763186,254.3469395354726
1921,12,2,1,1710.543046032443,3853.9171859544235,1064.8497491974415,7698.225987475324,1479.9639460424733,5.103027823292829,48.33521746696469,600.2349194935427,316.95681454101407,1037.0751711946718,1928.6759739895483,2285.701344120028,252.7895646982491,64.119013650389,347.68364521329147
1921,12,3,1,1972.5603394390162,5980.141479292968,921.9894469678751,7698.225987475324,1176.0930217599712,5.103027823292829,41.2466834525473,786.4486522485095,315.1128100694777,778.3153817468337,1820.320795287901,2140.22372744764,252.7895646982491,237.69271591321157,250.61347130831896
1921,12,4,1,2032.204930782006,10684.548382582374,1111.4683344620073,7698.225987475324,485.0779033339726,5.103027823292829,62.514389542702,858.2896309250111,315.1128100694777,811.8001398127262,1665.5276828570088,1126.3487334524477,252.7895646982491,237.69271591321157,193.20992512870492
1921,12,5,1,1937.1525970867463,8252.371516214169,1474.1523739519444,7698.225987475324,535.8810149765028,5.103027823292829,95.3817062060794,794.9510156091058,316.03481230513745,811.8001398127262,1741.7690665915936,961.317919440921,230.15632076165554,84.84329733656081,258.55150785430885
1921,12,6,1,1896.0596679343976,6941.992924437766,3763.9161433129493,7698.225987475324,687.8066047680384,664.4186757165282,112.13517966701316,762.8176705141408,816.3534967534895,811.8001398127262,1635.6087156034812,811.7491019224576,226.38411343888995,64.119013650389,324.3524131694021
1921,12,7,1,1461.69144837351,15785.984054585362,2222.9366689243534,7698.225987475324,445.72671736288027,714.4217947308769,126.9581900948987,850.725321738125,0.0,646.4014165775689,1625.674232268368,786.9961940112095,223.86500238430398,58.936899210028876,276.28842630870065
1921,12,8,1,1577.2902466443873,28049.96563818842,1900.7765831391794,7698.225987475324,325.8270300525751,688.9108566745923,123.09726402889086,931.068663775093,323.41083019084937,454.61114326151574,1130.220755241641,692.0986190819917,218.83969879335876,60.87993124546087,269.2808124438828
1921,12,9,1,1839.2077999319342,61521.928443725345,2447.7964964735215,1949.449343556297,255.35819777419363,172.48502910576252,117.29009457809697,781.7184641817354,331.6982525850454,453.5931365599162,1371.3052519901935,636.4102902489562,218.83969879335876,61.52795643021389,386.89095034916056
1921,12,10,1,2220.514276024487,59067.62949499478,3640.3127383453934,1949.449343556297,207.29959935291737,540.9180085268939,154.66848780040513,741.0727764266184,331.6982525850454,453.5931365599162,1543.7725033777774,606.4919555711615,218.83969879335876,62.17598161495699,690.2440769288361
1921,12,11,1,1973.4580005130351,31611.203500529293,2876.4522495143633,1949.449343556297,174.3555683480306,1065.4938928810454,114.07090281727778,817.6439431698942,331.6982525850454,411.9862174985337,1411.1587025788342,550.7921988026682,218.83969879335876,62.17598161495699,2614.841059254862
1921,12,12,1,2294.122484069553,27190.126210572642,3271.534067295653,1949.449343556297,168.4025414688161,784.8420663105844,92.15935837501898,849.7772882648592,328.94284360480805,411.9862174985337,1395.6793913356773,587.9329886053023,192.4213290157251,38.85959718979293,1462.1769097670747
1921,12,13,1,5602.5022413231145,26406.253178988205,4541.035128870516,1949.449343556297,184.87949314609673,611.3382801066014,66.38057572598836,726.8921915261122,832.9389392692741,411.9862174985337,1566.9914702425128,555.9576255692145,194.94044007031107,40.1546040404719,1012.7238672335648
1921,12,14,1,25023.798531726043,19171.914849159923,4125.637872556549,1949.449343556297,145.98243526199545,726.667885209909,135.34281700123452,863.9578731653653,333.5422570565818,381.54453322878675,1500.6845698428156,546.6667141508271,207.52307682506202,54.40385347323895,751.8404139250931
1921,12,15,1,16655.602522272176,15147.365450580128,3124.621369695814,1949.449343556297,128.13322697406733,681.7690543369,363.4846226359673,679.630228057245,0.0,355.1639294566644,1434.377669443344,516.7598074082875,367.24763620407646,67.35705253649995,643.0987352470453
1921,12,16,1,24842.271514595708,13703.169130408518,2325.262325112895,3499.707945684637,115.78291747836273,472.53525114345047,226.20608248437955,882.85866683309,329.86484584068467,378.50145943264124,1292.753523293886,488.90992902424364,454.0213231459595,50.51778940237496,540.4342477525752
1921,12,17,1,13159.711340730571,11850.757781010412,1797.3816933437092,3499.707945684637,142.773921604035,778.7190210711126,277.12401752410733,821.4161184637164,328.0208413691483,447.50698896774566,1110.3171333968226,474.4650187749702,631.3538228706701,50.51778940237496,473.6911422539804
1921,12,18,1,7645.87806546667,10453.310012242791,2465.1180809065927,3499.707945684637,396.759862767663,1281.848493111182,2787.9673481162795,730.6743461194901,328.94284360480805,414.0222309017327,697.8165922181107,599.2695004465247,446.47690850042835,50.51778940237496,471.83029689156837
1921,12,19,1,7052.125135261056,9259.552360310172,2107.459439369868,3499.707945684637,298.8261535771874,1253.281283760413,2074.590245834195,768.485912754495,328.94284360480805,414.0222309017327,906.8335008990566,521.9138062393763,345.8674885356625,42.74566126065692,416.758696166049
1921,12,20,1,7454.775996883663,10611.921168793318,2582.6268543143456,3499.707945684637,240.25350270751954,535.8137203854657,1135.5541132624028,786.4486522485095,319.7228212479934,414.0222309017327,1135.754031424595,504.3833534527649,490.5032186236625,45.336718480832005,390.15331848449534
1921,12,21,1,11834.165155204113,9920.710444457101,2494.4150817380873,3499.707945684637,210.04411257417144,987.9423216140597,516.8696418259066,725.0061038791358,320.6448234836532,470.84451894372245,1428.832841535526,469.31101994388143,402.4635168954209,45.336718480832005,435.89713739336355
1921,12,22,1,6109.680747974631,8828.797850940895,2685.914820749225,3499.707945684637,424.6788677667071,800.1549307346921,483.35217466960614,762.8176705141408,819.1195034606857,310.51393659913623,1092.6198909906288,607.5204697502065,422.5776497774285,64.119013650389,710.3129408373907
1921,12,23,1,3765.189503657131,10255.463464335871,4398.185518977211,4004.3538376261554,796.7183668435711,530.7199348946285,351.23906966362364,631.4302104149276,325.25483466216895,271.95009133389925,439.03485306313877,877.7682842883836,365.9816214176701,65.41402050107787,558.6304887963881
1921,12,24,1,4274.16333245613,8667.682307707837,6934.19378802733,4004.3538376261554,889.6171776784477,917.5220500342637,253.92690042440745,657.8953132694082,322.48882795497275,271.95009133389925,498.75727032200604,1567.7984470768272,326.9935334036079,64.76599531632486,437.28688266402486
1921,12,25,1,4051.3439059353977,9100.106408198802,4245.17818981757,4004.3538376261554,561.4997624915686,777.7002639728921,358.32970772488346,631.4302104149276,318.80081901233365,271.95009133389925,539.6734795929352,958.2209489681251,301.8411784124284,58.28991754410293,458.29794675608093
1921,12,26,1,4240.550912251341,10904.934410632075,2736.5964937206654,4004.3538376261554,1096.0282655568958,404.1629964105095,932.5556681121562,390.3902050040776,325.25483466216895,271.95009133389925,339.50519211508634,1076.8314896942907,296.8158748214832,52.460821437806956,416.758696166049
1921,12,27,1,16591.768845918956,15300.133038204747,2495.484315345017,4004.3538376261554,713.8893527197696,793.0131283969998,442.11285538120154,656.9472797961422,1327.6832193960488,271.95009133389925,474.42933787575214,934.496555235922,286.7523491213661,50.51778940237496,934.7921345559748
1921,12,28,1,34477.16703918692,35442.080329006385,3681.905925657086,4004.3538376261554,431.0761503831563,729.7346591548961,433.0864941695885,485.86216541494787,323.41083019084937,308.4888695045903,530.8248583898384,704.4865009729723,326.9935334036079,56.34688550867094,871.3113971927149
1921,12,29,1,22922.274218028782,71468.51755056751,3925.049647885663,4004.3538376261554,326.7451585762316,712.3842805345244,5032.038571944332,532.1760954105492,826.4955213461808,308.4888695045903,572.8500332422861,667.3457111705408,412.52704259553803,737.0373397554661,602.030584748764
1921,12,30,1,14195.013779086998,94331.89836955341,3320.184196413487,1549.9191542187455,267.2543791829481,336.7989961252866,1395.2987033721258,607.7992286804289,325.25483466216895,288.194413324759,713.2959034612677,627.1193788305687,350.8927921266078,1023.9528382203835,711.7026861080519
1921,12,31,1,14230.92022203607,153602.38318582127,7002.090122070911,1549.9191542187455,225.6128080775519,1020.6055646585393,627.0690983427437,556.7551106181837,0.0,969.0876483611669,1011.8848863056505,545.6381999717821,445.22381223224875,1023.9528382203835,840.5132286945865
1922,1,1,1,4267.431246337218,327861.6218557072,2162.3085002492817,8057.277475605417,4971.597571731848,5299.535594774133,53.03713231689789,470.6590855593972,545.8065294360781,191.36388042215896,571.2613621113948,336.08930577771423,48.9735919092267,221.90167288164548,533.7095120854674
1922,1,2,1,4192.258191252867,182462.11998926333,2443.882617733989,8057.277475605417,5265.4686061841,10414.276962954524,48.4252412038214,532.5814632547994,455.0472631504878,202.49531504455726,583.791916117537,311.2995424178541,64.10404581254468,127.73596593077316,503.4742439106096
1922,1,3,1,5817.245706387131,107453.08284992562,3003.508304592536,8057.277475605417,3731.441701141644,5907.111953758439,99.73589435631455,663.043253729023,666.1961984702808,358.2547371889309,568.0462857545205,409.045022272811,56.538414454676754,104.99839278899856,478.2815221155792
1922,1,4,1,12333.016369671257,86522.68200771968,11236.928474221202,8057.277475605417,2127.716762842535,3113.9057092731177,1451.6267575525876,1333.5367988115192,1906.5867369468847,0.0,728.0416753278062,1197.3594971199748,410.50465462605644,136.38735844352482,379.831807078821
1922,1,5,1,11093.56787431235,66671.37354701376,14479.970050364806,8057.277475605417,1790.787087652446,2165.566951582115,2256.9581521855175,2159.195732013618,4798.7408808241835,232.90510383186566,2010.9066044196804,1730.409043526253,998.9642174580371,128.8069773835315,378.2843589833976
1922,1,6,1,1906.130710423069,53918.98194213893,8877.587011152058,8057.277475605417,1498.3401716682297,1592.120641103504,620.8788211009264,1317.851974909842,4802.493675993684,224.74205177548896,1496.1646359042725,995.907852736931,436.3866520017119,102.83375964171512,310.456774145376
1922,1,7,1,17333.132982655505,44611.98833737402,8359.925593094671,8057.277475605417,1384.075607531155,1319.31086149379,500.9711902269991,1545.6903804407327,4445.060784971293,190.6217847805926,1547.6882954689925,3665.1247322721442,1448.9065655852328,117.98857169808348,334.875771892649
1922,1,8,1,86439.9442116851,32042.05885248904,36503.553457657224,16810.10985221911,1170.3740656590012,1141.89610484709,2954.548018564029,7996.564360773904,11839.651782187364,248.48104604636396,5287.811352736292,6216.799138347774,2380.981996075621,267.3720591143115,306.5814838718869
1922,1,9,1,86525.5971564859,33032.771144617844,55476.30389225649,16810.10985221911,996.7153842395651,1057.3396783690137,3694.127088673354,9883.072893912587,14005.431572167156,269.24359149428483,6979.353705710026,9632.494285351866,3587.8110049568445,1866.1779557730554,291.08032277802175
1922,1,10,1,83880.43268468365,28350.051893330343,43060.087572164804,16810.10985221911,873.4872509216297,1057.3396783690137,7366.951962267178,7210.934405237764,9335.28647248052,660.8765000365457,3565.4372418789935,3383.9419669700305,1219.931770052608,1916.9914991422188,335.2626339165277
1922,1,11,1,65480.16477797511,25235.3664857023,44196.492223640016,16810.10985221911,804.4761453966545,791.6018907920222,6448.649614739324,6440.5808146476475,8389.582089794036,1243.1715246444273,6337.987191448261,4573.154266581358,2017.9061016404567,2286.133446521898,264.3334828527743
1922,1,12,1,35728.36248084619,23472.041154243037,44196.492223640016,16810.10985221911,785.1835287391901,793.8311056719102,2258.6500248634015,3772.2818401570366,4909.156454252644,2903.126547072365,4572.992709399182,3224.5493592986736,1497.8397168735823,863.8064370211376,304.2536416939124
1922,1,13,1,27271.897624707537,19449.321602605516,0.0,16810.10985221911,703.5480318538636,706.392073745663,1703.5619799377473,2569.206831819741,3403.6184277411066,1050.3073204252707,3185.646042495387,2179.131614008371,900.612627430572,542.3125991613798,520.5295231347831
1922,1,14,1,22159.92834262964,17774.376360515973,0.0,16810.10985221911,1024.8626669008545,629.776264408716,1214.6876793569975,2042.7849296178458,2646.9715261436086,1899.6035170891168,2372.7263513469748,1688.976714314963,666.121731207248,409.17397545783973,575.9508430697863
1922,1,15,1,16616.671291435625,13633.76917354064,0.0,4641.1048059673585,1324.0113168521073,624.3723400619768,1012.8934108776265,1816.1719009543745,2571.2484591701827,9980.379752417763,1992.6054005422566,1398.8807756700198,499.2960818728498,342.05725775245395,575.5639810459077
1922,1,16,1,14927.796756296326,15336.79647628454,0.0,4641.1048059673585,934.3892583465786,624.0571751996558,878.005016474741,1504.4360259075079,2293.291430290718,2591.607702783618,1705.5567883752428,1190.674617112907,403.7348946874972,309.58181047975603,13502.151636107115
1922,1,17,1,12895.302760248866,13862.417017652137,0.0,4641.1048059673585,781.4724435549579,0.0,693.5139912909779,1388.0252235118892,1970.2174639301174,1420.3871903363276,1283.557407076428,1095.763247844205,388.20569626209107,302.00142941976276,438.7482252983197
1922,1,18,1,12895.302760248866,16330.359739037782,0.0,4641.1048059673585,1131.0013786029701,624.0571751996558,641.6350227253777,1659.6504291016663,1476.182828741783,2451.41615659681,1341.9234086312251,1093.9527595089255,351.9708999361862,298.7526946797779,467.42937534286926
1922,1,19,1,0.0,15101.591399735013,0.0,4641.1048059673585,1094.6444718321138,0.0,1213.5341298040246,1780.2275128461729,2182.875856862258,2177.7280575104255,2089.9645076558745,2036.3815721884446,951.9722159728793,306.3330757397425,534.4832361332249
1922,1,20,1,0.0,15617.617082829625,0.0,4641.1048059673585,889.068782394862,634.2270072205808,2935.4759992870177,2511.3690436820966,2862.215177970315,1150.4095694575308,2704.2089675227357,2125.652573950959,925.6858123882201,349.63763881244734,509.67737636207306
1922,1,21,1,0.0,23149.881473637524,0.0,4641.1048059673585,782.2096342913186,688.2739376357899,2761.9821465089026,2746.7230939991496,2737.7891692428743,882.6905005310412,3053.580598299105,1827.7576086308493,852.8926947692335,355.0521967124221,473.6325077944241
1922,1,22,1,0.0,25610.2691228675,0.0,2982.014023779378,706.5135491342398,1110.4564880929895,2549.805932052038,2664.1326931415697,2626.122664091405,673.4921259419549,2826.95893406975,2410.038510923366,982.626206614688,346.3889040724338,485.2583786148
1922,1,23,1,0.0,21738.651014344927,0.0,2982.014023779378,638.2396343456254,1584.126215327459,3096.8960334098474,2690.1923745200543,3643.213550444584,623.0538210912376,5162.176061253758,3360.8930577784486,1696.5649279734666,335.5597882724556,472.07838966411566
1922,1,24,1,0.0,21560.465350293267,0.0,2982.014023779378,590.7410948546349,1027.8217985802985,1961.1880467846213,2766.574199249868,2278.030063268492,502.1486953262724,2658.0437685527254,1987.4983871359052,922.5314439580817,322.57674943972415,458.905070748225
1922,1,25,1,0.0,26984.436964036337,0.0,2982.014023779378,555.8585695565004,1801.8974482478116,1450.4732079996147,2126.6007073426913,2020.087941959067,447.25781662652264,2035.2257717342807,1580.5563166985587,719.8754045067823,311.74763363974597,460.06565681986103
1922,1,26,1,0.0,78028.21503103341,0.0,2982.014023779378,561.7979812846904,3031.885975589339,1207.151155610453,1731.5392053179162,1733.2076001209698,421.3006016881248,1848.7513430375163,1349.3012489500818,567.3738230949618,318.24510311974433,446.8856678690853
1922,1,27,1,0.0,55897.55555577211,0.0,2982.014023779378,575.1595633814026,1959.2492709756123,1002.5114649001326,1588.66026258816,1428.7308187112508,414.6217409146371,1746.6932781716553,1148.894117067918,495.7130428611597,365.8694123851637,434.09921097716455
1922,1,28,1,0.0,54425.0292280465,0.0,2982.014023779378,532.1092998110051,1464.5941760789208,814.5597910572665,1535.8056737110153,1623.3757948302136,655.6898968031231,1851.6366679732787,1049.386892794343,461.46792508354264,358.2890313251703,432.1582308229775
1922,1,29,1,0.0,44165.811434587245,0.0,3641.0930138104777,564.0263078287634,1241.7495575698797,764.4265274819218,1495.3682370892502,1247.2623234091038,1306.1689916017826,1781.4820531097798,967.566746873078,445.14609048849445,404.84232913785996,418.20451782453574
1922,1,30,1,0.0,40195.834839509414,0.0,3641.0930138104777,591.4866627584335,1045.5786481406615,539.592029262933,1489.159660961484,1491.7777775570162,414.6217409146371,1584.2082653683797,1035.1815227790248,453.1048046815167,306.3330757397425,494.94993931596537
1922,1,31,1,0.0,37570.090894037756,0.0,3641.0930138104777,921.739735483914,994.7679227752225,274.98314245494515,1423.561152664131,1514.2111531249993,414.6217409146371,1522.627187456708,989.8496802302606,393.38209573724794,281.43800952703793,428.66980257336706
1922,2,1,1,67133.77045349011,200993.42905067233,17166.295870697868,13924.960599158187,1818.8505986391854,9339.641651896764,983.9008654443293,5340.845922121087,4819.923324669394,2271.619288673597,5964.37883121251,3795.0620874117667,1571.926934361342,1074.4267892671824,1285.0489226953807
1922,2,2,1,92788.33894401052,215248.2821748339,17424.360808398065,13924.960599158187,1802.5988937692669,9339.641651896764,1036.2720151526369,5780.020991369578,5631.27764029173,2410.439571175058,5658.4519501810655,3799.1705032495915,1371.3414547000925,1065.5135939549098,1245.762417169232
1922,2,3,1,273081.74166035134,376328.12247785565,17092.78182316319,13924.960599158187,1802.5988937692669,9339.641651896764,2232.041481839754,6870.443019704489,1064.0425236945548,5956.04348612921,7853.1949719278855,6059.425921512046,2257.638102332334,1423.6122232440362,1395.4380001925672
1922,2,4,1,157198.34575282256,267991.23873422976,15530.60831304911,13924.960599158187,4833.541852012031,9339.641651896764,2801.4335412231208,7291.564203107595,8779.872787410748,4205.343072757611,10234.65973593712,5588.907856839577,2388.5039515629087,1845.7097368983668,1913.7664118123737
1922,2,5,1,118906.44101816064,290799.0037328877,15989.305338812856,96171.64176870098,4378.159028955534,9339.641651896764,1963.2644359801013,6822.326554714147,7339.049628709069,3791.302102344915,9212.430330172956,4567.931704075652,1728.4321372422216,1462.2876368154152,1616.1494548380897
1922,2,6,1,155182.98234573513,332138.07779295463,20382.535450344207,96171.64176870098,7199.672800730027,9339.641651896764,6318.067805334529,9834.874737131267,10541.184653578226,5860.216353292613,9832.363002055637,5582.153342665725,4237.853545294524,4374.962783193538,4510.611097128566
1922,2,7,1,167275.1627882597,370626.18122819037,77342.90417720914,96171.64176870098,21439.684677125115,9339.641651896764,26593.16236287924,33658.6517916178,39077.43912162749,34678.45197736561,26132.80013122915,32863.84499365214,14176.055250091084,8660.793613264119,7491.116189552873
1922,2,8,1,135029.3482748601,296500.94498255296,84234.84613359408,96171.64176870098,27070.816642882728,9339.641651896764,23331.693259901447,46942.553951306596,41685.214787113175,26878.3814846897,26012.440862485866,18682.846936744998,10332.57863980795,7836.114794649955,9313.369722618398
1922,2,9,1,99628.48234766562,192440.51717617598,185316.66149390736,96171.64176870098,23101.714700936915,9339.641651896764,15132.263036852963,34318.72146414893,36163.60216121582,22808.148216226087,22426.394156780938,12266.75481318294,6437.176272289855,4499.795118074676,5947.003111570909
1922,2,10,1,83574.09744680625,151101.44311610758,97252.95871787707,96171.64176870098,49265.2841080393,9339.641651896764,28734.15033333203,40680.061241376425,59748.66886911526,34785.7331951036,22153.524855726107,14268.040765333682,6037.461175319782,4242.752369415716,5679.468011968946
1922,2,11,1,83875.39427616647,126188.23631101077,58312.72089297322,96171.64176870098,18611.552943058192,9339.641651896764,12342.211184553176,20310.213116916646,27520.4979088674,15292.009968991884,23874.002895911468,13561.253972907381,5871.007579697657,4230.85224216298,5608.365439997999
1922,2,12,1,78530.65052057049,134810.99696581645,45319.112991202004,22061.428057265002,10764.660184466742,9339.641651896764,8463.208554178278,15703.613013695214,15927.696653377347,9543.188624493187,15180.1066755978,9655.473560376664,4195.148249624689,3215.890388777655,4192.116930935791
1922,2,13,1,75454.19827965145,159654.3549906054,39862.2265044023,22061.428057265002,7776.6920952873215,9339.641651896764,6730.269512289546,15825.333782515854,13823.629495072239,7206.716629758381,12555.28536273237,8175.747517119694,3759.8454062630663,2691.332779477344,3616.0260171331447
1922,2,14,1,100172.63046757896,203844.39967550494,34756.063286049466,22061.428057265002,6111.897606214107,9339.641651896764,5769.132024691889,13493.85006295672,12897.940019955793,6040.819846913097,10529.78725792393,7308.105799520673,3347.351073088722,2350.989140049258,3149.52377664048
1922,2,15,1,88834.19593930499,162505.32561543805,30197.426567564915,22061.428057265002,5045.735503741596,9339.641651896764,5170.132193447071,9555.488811381781,11595.303118936074,5314.77605679339,10036.808883208472,6577.364853735258,2855.107835500695,2122.1496929792565,2777.4692302480858
1922,2,16,1,73995.07517291952,140796.60979265123,32634.876706139697,22061.428057265002,4655.191956815675,9339.641651896764,5022.093334139538,8506.56621295364,10951.490258764978,6526.085866395471,10106.881060216509,6369.924671012328,2920.540760116047,1951.263865630084,2624.458629777678
1922,2,17,1,68550.57092867274,129656.44207611922,86532.16011905593,22061.428057265002,4530.874791728132,9339.641651896764,4805.687437988194,8545.778272707832,12136.53957781048,7115.809913675218,12806.720821408358,8759.978176080838,3505.231257080201,2386.6895218074383,3280.7900633561576
1922,2,18,1,63084.90536865164,115348.84599539946,60456.880612737456,22061.428057265002,4620.091625163584,9339.641651896764,5015.248940124759,9657.60355032525,12693.621171844343,6891.003331843903,15573.335245395667,9522.472301900314,4293.338077168565,2611.006920521416,3523.2458317564096
1922,2,19,1,81248.36807502781,202418.91436308864,58189.43170908683,36585.94519790027,4182.217082095829,9339.641651896764,4067.8002405566604,8883.165370177376,11356.792137059218,6185.770484713956,12321.161853670226,7153.517949354539,3037.1715107899886,2114.652612810063,3056.6768909147117
1922,2,20,1,74745.79804206012,159654.3549906054,49357.02520631519,36585.94519790027,12125.112179764314,9339.641651896764,27080.729307299887,21350.149618317817,28572.948465260917,19421.126913356697,17513.09798068851,15733.839975242468,5410.065382685794,3192.090134272211,3459.6803992156647
1922,2,21,1,90313.47268010699,209546.34092516868,65786.64905900862,36585.94519790027,25224.48893497888,9339.641651896764,22860.276009223526,32473.303901961055,36283.69160663629,16198.657252732075,22899.58744622336,14391.293240466237,5101.341682739422,2863.6466220968614,3672.054310243506
1922,2,22,1,82792.1364448563,158228.8696781891,48477.91972121203,36585.94519790027,13742.743216044912,9339.641651896764,11574.7162152601,16969.835776595177,21293.3597911245,10797.491583760135,17755.465275281127,11867.75103775411,4552.238932166818,2677.8856356817537,3180.406038200097
1922,2,23,1,81861.03855078193,140106.6749014416,37783.92311888782,36585.94519790027,8845.451119671912,9339.641651896764,8199.430223048483,12856.654091948905,14559.177348272837,7663.750749835942,13278.265353744735,8885.31967621559,3530.870610730441,2263.285202196645,2834.297927545744
1922,2,24,1,75670.84984591306,132243.69791815488,36217.920752131606,36585.94519790027,6678.110354749582,9339.641651896764,6352.212872104722,10024.399692610554,17709.857381597027,6128.016084788794,11459.686265748074,7824.791316742437,3099.7735919423794,2029.9237067706204,2456.373750446594
1922,2,25,1,64322.3385006034,112110.14336559015,39515.33209259756,36585.94519790027,5420.027345797658,9339.641651896764,5429.757746185906,9936.989476074888,20191.705920287575,5352.8487897049445,10538.031043454159,7259.361882801482,2967.5327616012046,1850.112783981881,2214.7850865826717
1922,2,26,1,58845.588441843036,92278.79169925682,36599.27487371821,11367.314774823004,4614.6464663154275,9339.641651896764,4853.52129278776,6805.743121109726,12641.08203947299,4672.218026341913,9513.328502031047,6350.914543491786,2610.4420790590752,1728.2554809139128,1957.255039321834
1922,2,27,1,54997.25201600974,82976.07455042856,33452.72048496408,11367.314774823004,4193.1073997921985,9339.641651896764,4584.82115023172,9196.044930300379,10128.377184945219,4339.242938505639,9175.333295286318,6177.386199972113,2646.029825450626,1639.1235277909848,1943.0478649973961
1922,2,28,1,51090.47005137069,79470.80616719786,34189.39250296885,11367.314774823004,3647.167396506818,9339.641651896764,4181.617129790481,7025.330655733972,8993.365134824817,3752.019430887515,8838.162467094737,5727.201311988197,2307.460947280453,1529.166351975753,1844.3980489138137
1922,3,1,1,11151.00573141453,25697.223726925004,8946.506430716112,16567.51471982963,1154.5412191620044,5888.663278890515,1401.9472234680984,9152.74828098843,6969.69118859287,3240.9413890922588,10633.65895560627,6416.649196895888,3361.0200029527628,2756.7834793673373,2923.6096947776155
1922,3,2,1,11244.720129843907,31818.257658438783,13594.738394633358,16567.51471982963,2175.3828456827405,5888.663278890515,1916.4303241264697,8449.381959145192,10034.974282951389,3843.8940978074515,11016.170604214962,6653.614266317119,3361.0200029527628,2530.4430590204397,2757.859327659482
1922,3,3,1,11947.074277214471,40767.45444978816,14340.599668580047,16567.51471982963,2192.3047239493453,5888.663278890515,1618.9683460477813,7702.637296198724,8412.932815292495,3264.575522022524,10722.691839334198,6864.118352376776,3351.395135178694,2357.2962074932116,2717.5723168992117
1922,3,4,1,15126.31005189436,43782.355885547215,12331.981473958112,16567.51471982963,1843.0606125949637,5888.663278890515,1321.506367969093,9600.419296516957,7686.725252291137,3060.2572329020854,10710.326161038734,6337.057344310385,3305.6972335623095,2208.1876130165056,2599.3792985758755
1922,3,5,1,67860.30896174569,133749.0104080661,13240.952040872513,16567.51471982963,2233.101529473357,5888.663278890515,1692.103387710892,8922.377429931723,8495.494309019143,4136.053925361354,11012.048711449726,7163.266732698334,3618.4649955986533,2202.832555752771,2718.973024226982
1922,3,6,1,121929.48612879179,179611.14936443072,22930.256660221006,32819.655767553115,6619.051324165535,5888.663278890515,6958.672323792565,9562.841072585683,16235.425857267412,6032.672927370585,10667.458476280817,6105.384471561426,3228.698291369762,2887.327875329796,2586.4394308814167
1922,3,7,1,70589.11101494229,146824.98717885863,17336.29710562202,32819.655767553115,4369.111688100065,5888.663278890515,3842.627367802095,7540.234015382925,10099.188778072088,4222.201549830711,9988.994927132415,5787.017061219196,3142.1553626449722,2138.928872405632,2610.918458942655
1922,3,8,1,49346.173022536364,105175.15732068548,14980.784499195343,32819.655767553115,3349.6941800473674,5888.663278890515,2501.587560734783,6926.238513063102,9974.095605759107,3744.195161623887,10641.078362583597,5725.112286986002,2932.8347088694236,2000.4113911838556,2528.810329396461
1922,3,9,1,39784.28133760965,87827.00106858066,14837.585260768119,32819.655767553115,2911.7358653050046,5888.663278890515,2365.084196957717,7718.485503682816,8542.195760015822,3607.39144336554,9757.344553729463,5779.9143762116455,3012.179207074167,1923.179565313635,2665.679445423129
1922,3,10,1,58235.94101119895,152526.92842852388,14626.99814543416,32819.655767553115,2773.7639172597383,5888.663278890515,1601.8958126627313,9101.282452560812,8093.611644101395,3609.0853573298923,9233.039793998892,7180.675274383728,3370.644870726831,1899.141308263114,2799.680446445406
1922,3,11,1,90736.69899559522,206695.37030033758,13912.533495955695,32819.655767553115,2580.9215223598158,5888.663278890515,1699.4092015467866,8491.044772634225,8798.219786016696,3438.564684925345,9559.493701001056,6333.506001806611,3332.145399630557,1917.8245080499007,3034.5323750663333
1922,3,12,1,76571.71728888099,236630.56186107552,14898.846967047239,32819.655767553115,2435.8289819745905,5888.663278890515,1460.470637459328,7393.678942051218,7485.992408452803,3332.1707554544273,9355.047819848223,6250.362806717114,3320.1749758443575,1912.4694507861664,3416.391872753029
1922,3,13,1,119914.12272170433,305053.8568570492,24191.4820382396,28344.641986153438,4301.507946708138,5888.663278890515,1699.4092015467866,7506.576997427147,8914.973413508751,3163.2633344444203,9748.276389646091,7739.837633317879,3789.2861782778637,1920.4425360455132,3672.8547144308036
1922,3,14,1,123944.84953587921,253736.38561006816,30459.320361907583,28344.641986153438,4664.7419277186145,5888.663278890515,1670.1859462030238,7767.990729122684,7987.866215772674,3489.2207787143357,9559.493701001056,8324.764633946423,3796.4846087979745,1880.4581084763277,3982.6778352612814
1922,3,15,1,73570.84117572772,173909.208114767,69732.6687147033,28344.641986153438,13901.071681014879,5888.663278890515,6490.485011863098,9717.23855786838,14580.860164806967,6611.910840585822,9023.647641527677,9027.373376368336,4162.229584212576,1824.527510388506,4328.452444170927
1922,3,16,1,56615.588831900444,120866.89963976112,37989.14983492265,28344.641986153438,9044.827705189713,5888.663278890515,5098.3045079440635,8379.943936663629,12196.584300520597,4814.990774760156,11877.646192137116,9140.18072648948,4234.375651897144,1909.8514227905828,4569.107303149761
1922,3,17,1,46697.985505623394,101379.08993372114,27910.83338070196,28344.641986153438,7111.880085762555,5888.663278890515,4859.365943856605,8065.103773552879,12152.384712969937,4526.138112564901,14321.92860188774,9890.140702295566,4479.769339515008,1856.538852698345,5008.595902321322
1922,3,18,1,37923.09323116449,86069.3776783718,28351.151894582203,28344.641986153438,7775.1004334701265,5888.663278890515,4944.651707478428,8734.48631027566,10778.861680972916,5931.28007722279,14039.991136749539,10282.877402717595,4499.0190750631455,1891.1682230037961,5252.1188763046375
1922,3,19,1,34682.38887256814,73825.8843300305,30889.683848517416,28344.641986153438,9215.72192134774,5888.663278890515,23190.191181394523,10009.695170202598,39930.574556802305,35479.43129476246,14856.125904254826,10381.757919490556,4566.393149481625,1891.1682230037961,5463.892484192005
1922,3,20,1,36563.730613084044,78346.09825570228,27299.747860569405,18516.07347962963,8096.113490488612,5888.663278890515,15738.261068719596,9542.418124796897,23291.51473020474,14178.059881051247,13699.522794345865,10226.473727657023,4717.964596612698,1960.4269636146698,5169.9440464094105
1922,3,21,1,53651.99694177861,90424.2353078034,22702.822575660535,18516.07347962963,5805.209505550031,5888.663278890515,10211.220643560193,14870.356743915667,14722.632426761807,9883.584668744394,14492.574962366027,12743.05251369473,5969.03564475788,1960.4269636146698,5891.841922996787
1922,3,22,1,47162.526770957345,83599.01163195478,22597.911903657634,18516.07347962963,5244.860774235634,5888.663278890515,8155.595340032747,16356.330425022445,16239.595629677993,10095.72722712846,17598.833350204353,13164.339222480963,6058.085891978454,1965.7820208784042,6548.907060413621
1922,3,23,1,38367.48086242702,73530.80887036018,34517.90840289009,18516.07347962963,8680.420920734965,5888.663278890515,14683.147744200507,11982.551926592096,19910.66325982439,16920.58725179562,13527.227676761291,10042.639527459287,5208.751971848364,2160.230100188002,6020.10669401019
1922,3,24,1,34088.86434918051,66940.79027105957,33514.74796257135,18516.07347962963,8971.94634829873,5888.663278890515,14297.862193483215,10699.17388754949,19715.517911016035,12254.257593043789,11273.376712761989,9407.575926776974,3924.034327114822,2533.061087016023,5279.466019370358
1922,3,25,1,32292.16787176185,62402.04503632745,35099.894612540236,18516.07347962963,9778.667574574334,5888.663278890515,13015.115090496483,9637.997520448078,18284.452019754914,10918.485438351725,11242.050327746632,9607.42598532509,4561.621156215471,4259.174545024476,5288.137064732655
1922,3,26,1,28309.809779357023,62051.375649473,29760.171138998645,18516.07347962963,7531.492403770275,5888.663278890515,10415.783430966903,9330.836385705905,16529.811789444037,10563.570131549537,11810.871529341168,8648.56350929449,3887.961293272506,5364.577365530536,5087.835916863124
1922,3,27,1,25852.074104414194,49810.73327175614,23699.09107402249,9040.13432625771,5391.293661414175,5888.663278890515,6578.308584501703,9231.989318408581,12598.550360886657,7716.423407868168,10443.22750985519,8291.340233910649,4044.304733669797,4171.232604626816,5038.811160391615
1922,3,28,1,24750.678002441102,47561.31744876341,21202.676543154066,9040.13432625771,4438.055776285424,5888.663278890515,4869.132663405669,8524.538407007587,12266.63647701597,6893.98784692379,10061.540239799644,8031.604791964753,3428.3940773712416,8475.627633211647,5142.596903343599
1922,3,29,1,22586.17770322925,43092.42099433912,19370.18575408423,9040.13432625771,3898.817506967023,5888.663278890515,3659.7513119926043,8407.719145656161,13012.19178400159,6807.840222454555,9364.115983931595,8349.832933973415,3767.6908867175953,5729.435267099238,4912.013797054923
1922,3,30,1,19928.921050984147,56968.09502539732,21178.93763197078,9040.13432625771,3738.3109784577805,5888.663278890515,2604.022761045268,9524.44593074295,11981.424044142203,6861.884144172129,9740.856982668762,9106.756326453487,4167.001577478664,4083.2906642291277,5347.166873545381
1922,3,31,1,18706.603144585268,41361.881825065444,23928.82247256844,9040.13432625771,4066.3608561416163,5888.663278890515,2067.6222188790284,9241.792333347168,14831.880463915331,9179.40043502091,11373.126517679335,8431.304909060982,3960.1073609571386,4509.553222421896,5486.970804925473
1922,4,1,1,12699.812509761545,39453.156991740114,8294.835030173419,6817.00986126387,1495.4919347322693,3660.832049629019,4952.572747742662,5709.520975603008,7859.937598220666,3928.5897960215266,7190.806804563613,5349.366323248885,1876.930097184983,1069.4763363300667,3207.3529791722603
1922,4,2,1,12294.724464936919,38713.330114596756,6704.864020835471,8711.764486344713,1292.2618521835063,3660.832049629019,2540.0392125029744,4409.722886538244,5999.0515668919115,4405.2249205430035,6222.574194023357,5826.987072928906,1528.7363512407417,820.4780736939309,3320.476770976046
1922,4,3,1,31897.156643972925,47387.40824064841,16323.181638033548,8711.764486344713,2161.64429105041,3660.832049629019,9300.685529689441,10686.10320096476,16642.39564452598,13219.788552685295,7034.999258039981,6370.6906468465095,3275.771174096746,1006.6317643083918,3688.062393989363
1922,4,4,1,32227.67624273535,43437.38843994316,27465.92023885109,8711.764486344713,1902.6222732264823,3660.832049629019,24572.912578978572,20993.15649097125,27226.945931172704,15800.184158276823,8525.722995494327,6682.99988468207,8173.85829619561,3855.7602311569326,3828.466628509928
1922,4,5,1,26169.493841030195,37098.255255628006,20188.029532908273,8711.764486344713,1542.99047422326,3660.832049629019,14906.936357491359,12810.906688902118,17231.16750887923,11475.057169473468,8795.294782336818,7128.449649327546,7044.189991990587,4624.15144786569,3894.4332736124734
1922,4,6,1,21395.097929640386,36321.36576036241,12202.566119443765,8711.764486344713,1400.5786274248958,3660.832049629019,6649.059623755164,7349.892141992177,10130.04509390931,6262.319263385641,8907.410265549874,7539.987574769764,3940.695862925413,2248.0530393131526,4013.226595076283
1922,4,7,1,18204.77765622055,33754.06671270083,9901.42327733977,8711.764486344713,1489.209059138212,3660.832049629019,4035.1163365537027,6062.837972347622,7780.79531787051,4903.961589169896,11703.70231744649,11069.04714522905,3183.5665584460335,1702.670207320538,4241.2750881051825
1922,4,8,1,17945.803458410297,36087.5861691251,9651.781824252661,8711.764486344713,1289.0785285491738,3660.832049629019,3367.5187585544227,6117.979931377189,8045.90944772593,4241.076591146925,16189.970403066502,14458.142040538001,2848.7182173985916,1461.9306329978292,5212.098666940041
1922,4,9,1,15424.583836143865,36409.74584973213,8284.880002903008,9062.661017122373,1163.7561033666293,3660.832049629019,2474.2868879793696,5612.961278457954,6985.536323752564,3760.892313557485,10887.567549941205,9278.752718305015,2602.434836121022,1285.2137432947982,4716.314973262353
1922,4,10,1,15123.28700678432,34932.94306606834,8611.09858883877,9062.661017122373,1090.288344753566,3660.832049629019,2644.858415223017,5407.097964747791,7015.058312418467,3478.4926569406334,8412.78313372837,8037.1755253041565,2398.6141067878075,1161.9522252110162,4116.878937330383
1922,4,11,1,15854.863923557086,46767.32212974664,9121.868064939717,9062.661017122373,1093.4716683878407,3660.832049629019,2996.767932205493,5775.282867482622,6978.614501551267,3425.4973486294007,8116.336606056871,7502.385124729383,2176.5950980498787,1044.569369990097,3721.012366366165
1922,4,12,1,21315.491075060327,70473.14287522697,9729.890499758632,9062.661017122373,1170.7091523573731,3660.832049629019,2744.217483392087,5593.845399327718,7392.339320114511,3317.812818042828,8131.752484998533,6948.584596634286,1960.6421824468114,939.0509416401469,3669.186195239115
1922,4,13,1,18581.65061334587,53377.29752342135,9383.761859282384,9062.661017122373,1787.4362206689564,3660.832049629019,2314.404919927201,5572.605533627473,6452.72280514716,3177.459946716517,8102.074857089223,7149.339899349931,2089.243356907017,934.3027908663117,3559.864323324901
1922,4,14,1,16869.599399025126,42291.29824876124,8826.280332143684,9062.661017122373,1667.1400959616462,3660.832049629019,2099.460186543091,6076.643885052836,6832.589071737771,3866.8022676101373,9007.160070466978,6422.011027734943,2601.2216174940104,1236.6612241036607,3751.160924087427
1922,4,15,1,19299.11998626932,43760.97360586241,9729.124728430139,9062.661017122373,1336.5770680401642,3660.832049629019,1998.7168589103974,5993.808408821864,6901.223525613513,3724.7554823194746,7849.815019860333,5923.848198866236,2646.1107066923882,1797.5142215248154,3528.7819607184592
1922,4,16,1,29624.83440248171,44331.167730827416,12192.611092173353,10638.662966467307,1161.8293548511201,3660.832049629019,3648.2158164621374,7881.46062703668,8623.923299260307,4844.755262989697,7309.764629766746,6436.843105250876,2377.9893901290707,1368.2766315188485,3670.120000124204
1922,4,17,1,22955.99688842958,36563.69826347303,11398.506224532264,10638.662966467307,1061.1358019971608,3660.832049629019,3884.6934748365197,7486.725892176582,9945.741153368139,4683.268798394622,7779.660404997078,7503.77780806418,2553.906091041676,1374.2266951452168,3788.9133215880133
1922,4,18,1,19479.495011203755,33574.45556333543,9118.804979625744,10638.662966467307,1000.4013379213692,3660.832049629019,2337.245201077577,6016.110267807114,7732.175771564806,3780.3319928618976,13903.144296945555,12425.520713353684,2136.5588833594165,1135.8671462730435,4489.133584769601
1922,4,19,1,18713.656916510263,32662.144963389303,8060.509003656172,10638.662966467307,971.2487951650213,3660.832049629019,1824.1463598828286,5587.473439617691,6502.259701383102,3460.8275541701414,16391.943148560145,11405.380170590506,2106.228417684785,1058.8019221843654,5088.56962070148
1922,4,20,1,17799.689611395923,30837.523763497033,7828.480291124742,10638.662966467307,970.6623934428848,3660.832049629019,1531.2985800163085,5363.556240062143,6639.612004582898,3549.0724054524235,11543.772878157622,8983.503851321151,2282.1451185973897,1005.4417515831238,4665.422607020392
1922,4,21,1,17607.222406019315,29747.027499499236,7794.020581342883,10638.662966467307,1005.4276383966035,3660.832049629019,1296.205181105641,5483.479789477451,6230.223749326386,3905.6816262188413,10377.277225612388,8913.869684579575,2462.9146940179103,1035.0849685696635,4547.6297907907965
1922,4,22,1,18144.31675400833,29250.958610778725,8155.464648388659,10638.662966467307,1110.5610900036606,3660.832049629019,1073.2625041535941,5467.549890202382,6998.546013672995,3838.5703682053236,11174.451286397785,9367.188110066782,2556.3325282956334,1035.0849685696635,4699.3730846313165
1922,4,23,1,17794.65120287874,26737.82800498906,7771.0474414880855,8455.99990391128,1237.2238619796353,3660.832049629019,1069.186629066245,5082.373094907171,6367.576052526181,3599.4058489625313,11649.293332946252,9775.24432717201,2172.95544216891,1042.2012446667977,5011.330616627921
1922,4,24,1,17865.18892212667,26365.776338448297,7513.901429382009,8455.99990391128,1375.195810024902,3660.832049629019,980.5940233922645,4960.407250713138,5866.035826999082,3293.1300717060994,12243.670269684862,9957.68584403473,2168.1025676609947,916.5240007507127,4907.611574024788
1922,4,25,1,17285.77194258903,25516.187092247386,7668.434083471001,8455.99990391128,1265.0360579426103,3660.832049629019,901.3067174463243,5014.487216457548,6366.658702595943,3468.73248600346,10655.092797985351,9142.966093159073,2050.420360843566,880.9545203923068,5321.420538854164
1922,4,26,1,17525.600188032113,25414.977635066178,7761.092414217674,8455.99990391128,1152.3631556227303,3660.832049629019,857.0104146093802,5259.562589922057,8936.656230043118,3833.246638603318,9630.390256561994,9363.010060062392,2189.9405029466775,922.4502641225791,4898.206824824135
1922,4,27,1,17417.778245753416,26243.184601580768,8490.872490266003,8455.99990391128,1094.1418417845846,3660.832049629019,820.7120553401883,6499.970746817235,8273.662416783909,4326.659577628204,9905.732693276012,10170.766394263632,2212.9916568593717,880.9545203923068,5847.2860899042635
1922,4,28,1,19203.390224432802,26486.942590003608,9074.390242573472,8455.99990391128,1094.7282435066638,3660.832049629019,754.90589850412,7318.032343441733,8969.18045484443,5291.383911572318,10371.506575741107,10002.251710749311,2682.507265501881,904.6595738797436,6025.442721925415
1922,4,29,1,20523.45325607467,27784.134224301994,10138.812389170655,8455.99990391128,1129.57726013499,3660.832049629019,685.0546279020181,7322.280316581905,9792.29352866419,6531.490258567168,9993.116819897652,9796.134577194396,3324.299919176092,1046.9493954406328,5677.667102547526
1922,4,30,1,21303.39889461748,27563.184000877696,10138.046617842161,10163.869635933423,1156.1328809791416,3660.832049629019,611.1736241945864,7662.85339390631,9907.37924719215,7032.8081294253725,9922.22026433671,9872.035818942775,4122.67865697288,1131.1308956264452,5388.3209888418905
1922,5,1,1,7365.044803030577,25288.109442260476,14852.900687337984,10682.849937009665,945.2795760429484,5144.336117447571,4434.628998425187,8102.355230319477,6978.364315206571,8529.260123015,16762.08911887313,13472.81858114583,4114.833176518414,1011.7607191543148,33527.597398634614
1922,5,2,1,7266.291996083346,24747.850508855103,14306.90573012668,10682.849937009665,947.2900962330651,5144.336117447571,5095.689795623856,7216.897905992138,7681.137757261159,8393.747005872308,17365.53421969511,15290.270333099053,4237.044732876517,966.1118310128413,33142.73638524564
1922,5,3,1,7073.623254365351,24615.28037480052,13558.747142194514,10682.849937009665,969.2382749749046,5144.336117447571,7404.5576776964745,6953.932030264658,7718.9158952996795,7778.856236837569,16484.273546500164,17366.06484366316,3995.04805741427,971.4430880220738,3765.101297016098
1922,5,4,1,7749.374604762323,22727.937821161508,12541.037046635081,10682.849937009665,1005.7627250949754,5144.336117447571,6102.661652129212,6400.960295937495,6998.546013672995,7306.0122530932495,15058.923028301615,19843.648496325906,3719.1621416382495,993.5059239486201,3798.985074278081
1922,5,5,1,9108.73722284277,21762.884264655684,11635.129565034655,10682.849937009665,1043.7112936830263,5144.336117447571,8706.222993353178,5926.984523657091,10054.1552360395,6923.59101001395,14056.47870781024,20864.485380756265,3311.4398017300587,1252.9643984398826,3567.2013617084604
1922,5,6,1,10175.5698423844,21962.45220839518,11125.891631590692,10682.849937009665,1021.0929415444431,5144.336117447571,7465.541997400873,5891.61197808711,9232.710071183834,7198.0857347974825,13919.631868006256,19722.48504619555,3316.2926762379743,1059.682531601051,3575.0053025345183
1922,5,7,1,9394.21344945659,22941.760618024717,11205.531849753315,9475.93915337192,915.2893165406995,5144.336117447571,6204.327819404228,5837.368628760285,7754.02537899556,7628.823857143898,14711.859657473513,15937.171742127575,3480.8860032987336,977.524053048217,3678.3241430440025
1922,5,8,1,11341.457573384669,26747.806402174592,11050.080270070535,9475.93915337192,844.8373382128111,5144.336117447571,5451.675187693774,6589.58664171404,7767.535441605383,8346.156089733016,15889.896609761556,13441.483206112034,3826.895955714368,950.1418602396748,3917.84509609074
1922,5,9,1,19557.086502376675,26740.678975613497,11465.894101438997,9475.93915337192,794.9261744936575,5144.336117447571,4678.720083849633,8026.872015292407,14581.694119289132,8386.48737459688,17104.206218382846,13041.086747348407,4014.3786742041693,978.2856611923929,4264.1533077919175
1922,5,10,1,13840.508198172549,26449.87997187984,10805.799216282878,9475.93915337192,763.6542083702724,5144.336117447571,4627.81009690856,8155.373202778882,11572.786347919779,8789.80022323575,16351.548599461416,14120.41633184175,4203.155492562808,906.7777965307296,4370.940566446357
1922,5,11,1,13050.485742594707,28144.782008343485,10479.580630347451,9475.93915337192,757.672910804721,5144.336117447571,4434.628998425187,8426.508257621876,8549.701350354588,9123.743261908676,17818.11804531184,16270.02305915204,4280.558840964294,862.6640248048735,4745.863227843142
1922,5,12,1,10999.853475882972,28675.062544561806,11221.613047651674,9475.93915337192,764.3243817669588,5144.336117447571,8055.621045435431,9077.591833125882,8638.934479938074,9239.897362316766,17135.532603398202,18024.10771937027,4420.968676727176,1091.6343732746493,4602.657578667036
1922,5,13,1,10767.079002364213,27457.69808775831,10962.78233862298,9475.93915337192,721.7516167416624,5144.336117447571,8624.705491604627,9198.495684035064,8230.213388267102,9632.724076891003,17102.5574612768,16338.960884226,4583.054685292152,1080.222151239274,4816.165395626882
1922,5,14,1,10571.588751876894,29085.602314537035,10994.178963090866,9656.152680289802,656.5604995778399,5144.336117447571,6865.465519906508,9243.42616917024,8342.046684314957,9983.606255206842,18710.920018249348,14460.927407207595,4949.689354366522,912.870661684138,5122.586798661346
1922,5,15,1,11482.533011880521,29980.807090735027,10692.465059666887,9656.152680289802,590.7075861847688,5144.336117447571,5807.6605797636,9501.572229219479,9212.695163613795,10161.870534305206,19876.59129224168,13149.716047465161,5098.429958034699,846.6821539044416,5467.160801290045
1922,5,16,1,16816.192268737228,33065.557306803435,11273.68549798854,9656.152680289802,542.1451464265408,5144.336117447571,5055.007948053147,9838.142408777565,19250.171310011676,10653.912209644623,18755.436460113313,11547.433870743253,4867.352250215229,845.9205457602656,5169.410443617879
1922,5,17,1,13651.064037906654,31236.65965097299,11577.696715397999,9656.152680289802,543.4771160524759,5144.336117447571,4963.49301684479,10132.232856934852,16987.652800109867,10740.22115925336,18339.125290830318,10578.12626970146,5065.834817589698,745.5072720017367,5294.406897533151
1922,5,18,1,30369.511181400896,29630.137703880584,11310.442521756217,9656.152680289802,528.172031105379,5144.336117447571,4760.083778991054,11068.42078356948,17373.773725315998,10608.74117059714,20042.29138140183,10488.298194604897,4668.950564082586,760.7275347579925,5186.819234691414
1922,5,19,1,52325.88781991532,31044.21913379762,12302.116392146876,9656.152680289802,502.2279434856768,5144.336117447571,3905.6880767019725,11021.85646261108,17373.773725315998,10828.949985953908,20405.017944737487,11024.481278514468,4902.454709155949,753.873061460408,5396.858633506396
1922,5,20,1,29794.12492867754,27114.156127466482,11394.677367889797,9656.152680289802,486.26943947682634,5144.336117447571,3783.6425339897496,10230.263006320718,17373.773725315998,10155.417528727046,22028.21931566469,12914.35256387886,4626.649674621755,759.2043184696405,5256.254297938915
1922,5,21,1,20872.11112550136,26526.85617875029,10694.762373652367,5953.631113313392,491.588940813129,5144.336117447571,3417.5059058529882,10299.701028802283,17373.773725315998,11612.183538010577,18149.518223632138,15234.562999705882,4511.636548783764,749.315312722617,4783.21542325008
1922,5,22,1,17774.49756880733,25067.159218836172,10472.688688391012,5953.631113313392,491.588940813129,5144.336117447571,3285.232223770495,10945.883096837071,22572.645966645763,9390.736367707706,21893.02123296675,17701.701527357218,4267.294317309322,701.3816001486155,4644.3452967550775
1922,5,23,1,16162.206843137381,23889.70835078088,8795.649479003956,5953.631113313392,496.90844214937414,5144.336117447571,3051.2923744127997,8288.449130570205,23507.508941065065,6295.471579543765,14561.822760821164,20420.91573861285,3278.7637800432963,692.2542025457681,3772.905237842156
1922,5,24,1,14478.37071651594,24678.001728547264,7905.057423973392,5953.631113313392,521.5205601431412,5144.336117447571,3030.9899022792047,7040.035178141929,22738.602908580986,6597.714228313725,12824.03277102196,21863.03933182944,3271.565349523185,714.317038472343,3992.482786555675
1922,5,25,1,13461.619877640758,26913.16269841628,8031.409693173765,5953.631113313392,521.5205601431412,5144.336117447571,3407.2777664827177,7058.905981898619,22546.793377701048,7148.720242124148,13748.985507527968,20698.05972224414,3593.3918106409405,773.6510729544549,3651.443902420781
1922,5,26,1,13019.247609784688,27664.3934580589,7833.840690424194,5953.631113313392,502.8981168823632,5144.336117447571,2959.7774432045353,6876.1614450853185,21803.739934161687,7267.939520181815,16753.020954789754,19459.267895912657,3812.337332190558,782.0168624131262,3625.364065984856
1922,5,27,1,12364.254502481273,28924.522474235044,7395.513181998168,5953.631113313392,476.29223303346976,5144.336117447571,2939.47497107094,6825.430842778031,21937.172651295594,6156.731959611994,16797.53739665372,18533.82981991827,3604.2298970420206,702.1432082927914,3756.4302516538014
1922,5,28,1,10796.301771767088,39906.46132108798,6692.381948181132,3815.0683801810255,456.3294429793189,5144.336117447571,5868.721802771517,5910.482781843802,21202.458752576924,4623.9818096447325,14110.063313757577,19142.43243723901,2771.881037689632,693.0158106899441,3364.965903719628
1922,5,29,1,10796.301771767088,48274.06010497157,6157.873560896893,3815.0683801810255,433.7110908407355,5144.336117447571,6753.571213261037,5221.902674199652,20399.360586327206,4253.901939733675,12728.404858869848,19846.4338629955,2598.8760614818157,693.0158106899441,3081.1559189760414
1922,5,30,1,8782.752191746082,40820.197406347856,6245.63095514168,3815.0683801810255,410.43094247296096,5144.336117447571,4454.931470558782,4934.265877543522,18647.22221946282,4933.403427120431,12055.711959592729,20427.182813619653,2742.8446718838386,766.8084997841357,2975.3024652068734
1922,5,31,1,8081.304957909068,35309.27118854728,5968.2685799635165,3815.0683801810255,410.43094247296096,5144.336117447571,3946.3699242726834,5210.139056273471,16196.229996609496,5889.416203534078,13118.335914455623,21140.93302271994,3099.6927107005527,785.8249031339778,3048.2059465992393
1922,6,1,1,6247.727330141067,22107.851710261253,6699.65677580165,6420.713384282099,411.79642076870454,3787.8204283033388,3943.909018559515,3611.5940869554406,9731.414851471907,4650.439132515381,10003.009362534169,14821.632390928648,2594.751118150081,718.9461879736398,4575.643937345932
1922,6,2,1,6374.392920276867,22040.85390057785,6915.144827637828,6420.713384282099,396.5751074962149,3787.8204283033388,4040.115051283559,4685.187606312386,8053.081456271923,4848.2237534879705,12136.501057790187,15903.051000424186,2772.6089688658776,711.0445034778276,4798.556503506431
1922,6,3,1,6037.524926781615,22998.780030521066,7012.091477824533,6420.713384282099,378.57257462738187,3787.8204283033388,4040.115051283559,5132.858621840915,9434.52705584879,4426.439176381458,12706.97101649101,17501.851468809105,3361.424409161766,690.730986257416,5153.602460918846
1922,6,4,1,6097.985828994508,20328.84604036606,6115.066943634425,5642.416214905274,368.88856904509356,3787.8204283033388,4040.115051283559,4711.410671273132,8218.20444372522,3848.5725268515685,12462.954964792349,18374.367578080128,2586.6629939702007,633.1700707359694,4857.919814063864
1922,6,5,1,7844.6005257467195,19904.051417265608,6522.150981858197,5642.416214905274,359.1961862953675,3787.8204283033388,2949.933820351861,4577.43613377922,11866.338325614239,4645.034740343685,11373.950896232238,18662.65302839001,2416.084455016341,615.1056775663187,4751.6661582009565
1922,6,6,1,9442.078330374514,19222.66943793082,6566.872027442067,5642.416214905274,335.6647229037709,3787.8204283033388,4857.750974482332,4923.482561111062,10237.62522209851,6045.578938527026,12484.388807171432,18097.223594449057,2790.483723303415,568.8379828077094,4846.447354046027
1922,6,7,1,9505.965350379545,18595.45590046795,8351.502108481582,5642.416214905274,309.3687942508213,3787.8204283033388,5755.520139965942,7557.307599734282,10054.989190521428,6276.5158756577375,17423.240718407684,17889.713777559344,3064.1858455508286,541.753293180513,5189.9541510916615
1922,6,8,1,9375.168265259443,17711.65500676923,8420.4215280453,5642.416214905274,296.2166413406276,3787.8204283033388,6156.34015799753,7029.006786335923,11094.096475201744,6276.5158756577375,15208.959924953966,17150.19892676445,2786.439661213443,506.75501893023903,5103.84400060898
1922,6,9,1,9079.111380758466,18170.661277367493,7752.668929604584,5642.416214905274,302.44925392994344,3787.8204283033388,5370.772912373469,6295.496193556597,12938.803789578034,5564.668697810006,14065.546871893614,16097.330325633113,2839.1742308663493,474.02966898522794,5061.68938007835
1922,6,10,1,9053.617033658466,19121.459980749612,7879.786970133451,5642.416214905274,331.5180250117414,3787.8204283033388,6717.426660598976,5903.702363177967,16284.629171710581,5789.313954501939,14485.979933941844,15714.342408554661,2889.563244507061,481.9313534810402,5149.733840680333
1922,6,11,1,9279.23696708221,19187.032305120792,8451.818152513186,3224.78243840625,307.2912567210876,3787.8204283033388,7984.100973146686,6668.582603760799,17292.04618607151,5601.612154745409,15104.26384871848,14505.493273922179,3354.0642161580668,485.31098962079994,5221.503416140694
1922,6,12,1,9845.856388984837,20341.67540817755,7791.723267357403,3224.78243840625,303.83148656061996,3787.8204283033388,8304.787748893345,6642.359538800054,19361.921210611217,5538.45336264855,14768.741777632942,11470.836287327693,3214.3823115713667,481.9313534810402,4852.183584054899
1922,6,13,1,9324.784180082257,20100.768390379148,9651.016052924166,3224.78243840625,282.37756069881453,3787.8204283033388,8080.230102567118,6397.2841653355445,19108.39904805683,5677.031657440818,14768.741777632942,10502.225027953298,2853.004923213979,471.7686448072017,4834.974894028188
1922,6,14,1,9166.175079944276,19008.84664106762,9700.025417947398,3224.78243840625,253.99571734863596,3787.8204283033388,9138.419559227623,6908.593086173677,19368.59284646782,6989.814979760385,13445.61420001093,11587.12534578583,3057.634464965137,498.86523456166344,4627.33670777519
1922,6,15,1,8778.31839225037,23712.948172041437,9843.224656374623,3224.78243840625,231.85486375521108,3787.8204283033388,9106.120171742352,7571.685354977562,20018.243388013587,8097.715374971436,18061.309718457356,13916.388223289247,3843.8001352503093,475.1601810742268,5507.5812127482895
1922,6,16,1,8296.9488424678,19085.822847938067,9619.61942845628,3224.78243840625,218.70271084501738,3787.8204283033388,9314.528124326038,7302.9193620781225,18914.921608212568,8109.814760430607,20013.438132045667,16116.827892320702,4330.300804670652,474.02966898522794,6498.881798707991
1922,6,17,1,7963.003125913241,16803.62086275975,9203.039825759328,3224.78243840625,211.7831705240821,3787.8204283033388,9122.269865484988,5090.460582231554,17922.51577452917,7094.514995267072,19841.14301446109,17960.740627635714,4074.4734368607756,441.30431904021685,6791.429529162816
1922,6,18,1,7968.343838941828,17966.81687769134,8488.575176280523,3668.9914540352156,209.01032809523386,3787.8204283033388,1330.6578610899103,6385.357163826949,17705.687609186683,7063.701893631067,16940.154886328743,20369.386455224067,3907.130147578881,422.10941378156735,6455.860073641121
1922,6,19,1,8016.309488031117,15973.988410934462,8142.446535804612,3668.9914540352156,205.5505579348237,3787.8204283033388,833.7087136377969,6048.705292477886,17620.62425201378,7173.806301309451,17827.18620939521,23471.58858355815,3931.55628260211,406.306044789943,6487.409338690153
1922,6,20,1,8042.4084441525865,15403.79428596794,7939.517133755251,3668.9914540352156,193.09370992368713,3787.8204283033388,833.7087136377969,5809.593419767599,16165.373680772273,7173.806301309451,17306.178963876733,23250.848274987653,4010.334612114261,366.80952243811845,6597.464914442632
1922,6,21,1,7449.085457106349,13934.83167152288,8279.519603603554,3668.9914540352156,179.25462928187406,3787.8204283033388,256.51096894556844,5796.03258243593,16317.987350994059,7523.962516497708,18935.150984674972,23030.80430808455,3915.299153000523,357.7773258533074,6294.1117274593835
1922,6,22,1,7270.826563749077,14460.123009148432,8742.045486010102,3668.9914540352156,166.10247637162288,3787.8204283033388,561.1249542531127,6225.976479283902,16411.39025298789,6734.356621432569,19504.79656482265,21225.190364477316,3682.1994141361643,348.7451292684964,6380.221877942065
1922,6,23,1,6486.346357540536,13761.207560470926,8632.540186036242,3668.9914540352156,154.34093325960092,3787.8204283033388,16.032031688228532,6455.775487802387,13991.254345971553,6110.996282576312,20052.18392403835,18098.61627778385,3425.5632339082804,328.4316120480848,5936.264355391427
1922,6,24,1,5996.713817788687,13658.144972382923,7943.345990397717,3668.9914540352156,143.26631787914087,3787.8204283033388,96.19065206324804,5472.941548418536,12989.675012985297,6017.105051413141,19258.307377465044,15865.448550383804,3345.1672795601794,320.5299275522725,5675.999593824081
1922,6,25,1,5282.670562657378,12874.413147616244,7577.230718248164,3012.684979802704,134.26924002847196,3787.8204283033388,96.19065206324804,5643.350624767588,11375.973090147096,6094.86376863067,18853.53750792461,14067.494365118167,3538.4734474595557,308.1180948276731,5997.495275719221
1922,6,26,1,5736.12732925205,12019.121960166458,7550.428721750902,3012.684979802704,124.57685727874592,3787.8204283033388,176.3546556695842,5729.045313688897,9540.439275073897,6061.792115042359,18835.401179757624,15022.87513281156,3566.0539509129235,278.77238102242177,6189.85908206472
1922,6,27,1,6232.914409098915,13851.298232215917,6961.32083874587,3012.684979802704,118.35262185686776,3787.8204283033388,176.3546556695842,5516.156505939508,8635.598662009654,5916.357501823114,18289.662577648218,14667.044540762514,3570.098013002896,279.9028931114492,5763.110249540884
1922,6,28,1,5480.377712892552,10708.958409525058,6924.793546376977,3012.684979802704,112.12000926760933,3787.8204283033388,176.3546556695842,5050.676679939141,14834.382327361585,6124.870244569404,17702.70504788669,11922.762029479887,3668.368721788535,257.3283517130113,5793.725709704736
1922,6,29,1,4650.249525513271,10477.744691852175,6988.965183704104,3012.684979802704,105.88739667829346,3787.8204283033388,176.3546556695842,4756.422848199438,14148.871743086085,6253.365718145859,16876.677737745133,10802.348286609169,3772.3819987419224,259.58937589103755,5876.967745183026
1922,6,30,1,5303.932646602381,10963.97773191716,6443.123380758436,3012.684979802704,100.35008898809217,3787.8204283033388,32.064063376457156,5522.12000669373,12881.260930313934,5936.361819115603,20448.71000804855,11084.366661912249,3781.2789353398102,253.94871557322287,5757.374019531919
1922,7,1,1,7408.87895713489,23395.064947372586,1630.0974269505227,492.8926602321518,115.01850920831114,792.7549329711983,707.425798900742,2594.531287077744,5460.316971463759,2828.9169829227994,8893.39583014812,8640.903750952892,2087.54485082924,291.12471311075205,3211.0881987129815
1922,7,2,1,6360.386144597571,21489.191084671693,1531.542656974352,492.8926602321518,112.08650059774341,667.0656484855332,0.0,2737.3285380163693,6546.292498037377,2784.633232142277,10406.130474968555,8925.707492925781,2159.690918513873,279.9980941294569,3280.0563595178014
1922,7,3,1,6882.264498863007,17030.273027434447,1349.2890807943086,492.8926602321518,119.40814495666754,721.6660391467358,836.7079424757846,2433.5984585026026,7315.782298658922,2423.910220319576,9977.453627390096,8739.087926058453,2173.278967136087,274.95244017430485,3221.6268538456393
1922,7,4,1,5106.830105388676,20028.06863944535,1427.0914477686827,492.8926602321518,116.47613634615728,732.8505482854538,882.3885047763515,2106.096067762928,7243.978817751146,2222.4151211396434,10329.46326953609,7615.192474850527,2075.493545801214,266.8603536424486,3145.455055355051
1922,7,5,1,6122.371726220244,18055.19696706258,1271.4867138199345,492.8926602321518,113.55250490302728,657.856684947301,1498.537772709831,1887.2437592590115,7390.171038461028,2090.3704944952256,9692.218648039563,7305.320432850862,2107.0372301027924,245.63052662358407,2890.5930220518717
1922,7,6,1,5501.639796837557,20106.47033162802,1053.6247708654605,836.8145809538457,110.62049629245953,636.8021347542493,722.6372723402579,2052.179485600779,7482.323008731613,2160.466267588751,10305.556291498062,7028.176449219789,2007.7959464155576,247.6535482565338,2835.4985338266906
1922,7,7,1,5864.203673772176,18867.723595139723,1340.3295562511732,836.8145809538457,106.2224833766654,667.0656484855332,1620.1987989043657,2206.005128345257,6368.3266115600345,2117.5537804935757,10055.769589928363,7368.687524585635,1763.3728336993536,230.46976450359745,2644.0685323662815
1922,7,8,1,551.6049645198394,17102.97277836824,1212.2160129950296,836.8145809538457,101.82447046081379,494.04782601559805,600.9301041635193,2325.7652941783044,6101.4611772922135,1995.753300204596,8956.872978731975,9055.227043064922,1607.7573244782434,209.2399374847329,2673.616786947161
1922,7,9,1,553.2172552455094,16162.152472173173,1771.6119684551297,836.8145809538457,97.43483471245739,643.3821621238052,593.3243674438077,1884.057779403998,5453.311753814388,1796.274765267777,8106.03187414378,8980.02214298394,1428.0392052011455,198.1252186306744,2894.4616422904755
1922,7,10,1,4942.779524052087,16176.407325296881,1394.4695891750728,836.8145809538457,93.76563536552882,576.2827942395003,646.5722148124189,1762.7454695391625,5005.311406037191,1611.154167742558,7216.115226141792,8194.548742139885,1280.6735826435688,184.9874781436661,2834.364627894686
1922,7,11,1,4971.699988943556,16142.19567779907,1016.5614385665227,836.8145809538457,90.84200392245631,615.0941939929148,654.1779515321307,1889.612821202566,4164.685288093648,1573.000772261312,5942.532799557099,6641.289018803864,1280.6735826435688,184.9874781436661,2589.040744490042
1922,7,12,1,4205.358053398612,15450.835301277235,1176.6076462205988,836.8145809538457,87.17280457552776,570.363844386046,730.2506993903216,1730.2321366595197,3606.7697395773844,1547.8340505061972,5893.647151362247,6134.561187426027,1105.4039316653823,162.7461403083124,2345.8512722515247
1922,7,13,1,4474.8121409259975,14291.915742283823,1117.3369453956936,1121.3959994703168,85.71517743768163,551.2848397934802,616.1492679333871,1555.8201625438414,3152.4313377365934,1515.8916728940394,5240.0798345154535,6020.221885636518,1048.3017749553906,152.63103214350645,2430.9609175001756
1922,7,14,1,4557.542808787463,14987.552574742316,1461.1682718864631,1121.3959994703168,84.24917313239776,621.6742213624706,464.01146254735727,1486.790599018083,3128.9138213417505,1296.0055078161568,4739.434739257016,5614.115425200137,991.1187370035719,156.67707540943456,2276.2828083061404
1922,7,15,1,4523.7854717188575,15764.442070009432,1315.9014508722057,1121.3959994703168,80.58332465249029,516.416844293034,684.6085887415144,1394.805642177723,3387.523106236954,1159.847090115577,4488.741221278956,5487.868680897639,906.9213642909134,150.6199106377933,2272.4141880676275
1922,7,16,1,4276.198077157945,12834.071913274984,1298.9013273797232,1121.3959994703168,78.38599362804628,578.9117304081767,684.6085887415144,1439.2459765659614,3301.12542189273,1097.2529360069175,4524.02462334887,5487.868680897639,894.1421280867065,147.58537818832573,2272.4141880676275
1922,7,17,1,4009.9685710813133,14303.319624783095,1098.1160850505473,1121.3959994703168,76.18782488687575,578.9117304081767,631.360741372903,1243.349061376646,3253.4232255172647,1064.5845952671802,4363.023491940962,5762.993273693299,858.7970254205711,140.50480247295872,2196.7092920197215
1922,7,18,1,4228.736268920778,13918.58113896085,677.9603302494863,1121.3959994703168,71.7923251212612,572.3317030386208,631.360741372903,1390.884436202227,2618.6170737526404,996.5053864168902,3763.040781041506,5762.993273693299,836.959090134888,128.37857280243963,2196.7092920197215
1922,7,19,1,4134.618797809972,14475.803347584359,1166.269733285772,1121.3959994703168,71.06016068537453,548.6559036247115,646.5722148124189,1316.2998308779004,2264.1030234175864,985.6159395036851,3583.656007900957,5805.261212905555,788.8347512645457,124.33252953651152,2275.7492055146085
1922,7,20,1,3805.006112581102,13565.203330013495,1136.6343828733195,1003.1308724305479,68.861991944204,571.678312470338,334.69855765099925,988.797440138073,2221.4879493829417,849.4575218031051,3325.707958656247,5074.032827952875,791.0913379107321,117.25671387202763,2010.3485170787715
1922,7,21,1,3894.1859433447485,13543.108307671066,1174.3869093679348,1003.1308724305479,67.39682535570412,572.3317030386208,395.5521417393224,924.5876922904004,2916.005242064913,799.1160120360652,3260.8293665322403,5552.767724300776,798.6132933980201,111.19240902403297,2071.5127370576242
1922,7,22,1,3681.1620312153,15078.783634736472,1066.1834206526148,1003.1308724305479,65.19949433126013,535.4958488855998,380.3406682998065,949.176921428074,2354.336898379385,989.7297305597253,3409.7945710657955,5182.940664736762,752.7374530496814,106.13842497982105,2007.5471024233218
1922,7,23,1,4467.556832660962,13832.481826090983,1259.6172582284578,1003.1308724305479,64.46649217864692,558.5182577312264,425.97508861826185,1011.8345252438049,2779.40349789897,875.3502066857993,3530.730904796086,5188.3024955758165,738.453825748017,107.14874578357512,2120.5374935291334
1922,7,24,1,3401.328822141473,16338.912650912614,1178.0626117444333,1003.1308724305479,63.001325590089586,571.678312470338,425.97508861826185,885.7023997007302,2558.9059328352932,605.8000974264958,4077.8709504458884,4792.919696817544,724.9143058708341,102.09476173933453,1995.8745413586591
1922,7,25,1,4272.167350343663,16338.912650912614,1197.3600492223954,1003.1308724305479,61.53615900153224,571.0172349542366,456.4057258276454,990.4312759612985,2454.077854437047,646.6395564796642,4206.803756140757,4792.919696817544,645.9580376267937,89.96496203061005,2002.0109734611815
1922,7,26,1,4042.9197627877365,13611.531602666684,1092.1430686882327,1003.1308724305479,58.60582582447504,547.99482610861,433.58082533806595,732.6936748677116,2103.9003674087244,570.40536182993,4202.764301230738,4330.270292987024,611.3651305093871,90.9752828343928,1784.434435215998
1922,7,27,1,3526.7851942323164,11486.845744511334,1182.580662582577,1639.4232482406037,54.94332821156583,590.0962395468946,600.9301041635193,904.0013609193535,2276.1119679597045,468.3026810685428,4176.384187533764,3624.0405738945533,610.6129349606583,77.83397230917915,1784.434435215998
1922,7,28,1,3423.8001241300894,12907.056761270309,1246.29283711281,1639.4232482406037,52.74515947039534,567.7272212694587,319.47939388113144,710.4898460318799,1871.9776259403977,432.23037988623616,3854.3819247179476,3460.2610137186743,602.3387839246416,82.88914636615488,1532.9074193597996
1922,7,29,1,3222.7676242734674,11692.258178029717,1251.4235050138157,1639.4232482406037,51.27999288186364,578.9117304081767,357.5157678102269,845.2649630791184,1898.6641693670379,498.2526932083842,3981.7484111619874,3333.4571960823446,697.0911586920512,76.82365150542508,1352.6830765214631
1922,7,30,1,3285.546194404236,12827.514680838472,1360.3927650572923,1639.4232482406037,50.54782844597071,572.3317030386208,289.05644700209973,849.2678608455915,1746.8010581791045,270.90524043066335,4121.068386624919,3313.8203610611886,839.2237649052571,76.82365150542508,1319.7998044936023
1922,7,31,1,3928.749425776212,9437.282962319643,1304.0319952807288,1639.4232482406037,50.54782844597071,555.8893215625501,273.8449735626761,949.176921428074,1804.677499235975,480.5553254101622,4552.05349415189,3035.7014990958014,630.9141266522178,90.9752828343928,1249.6977377566864
1922,8,1,1,4489.423525627435,12206.288181687527,590.9380764802017,884.7791042717909,44.03039216307958,254.25348747168206,4.061417266363153,544.5574798381041,1074.1333729278856,767.3833571051268,1803.163209054756,3200.03813260573,612.3437935351657,140.29060018241276,1476.812425900497
1922,8,2,1,3911.8203731562253,9037.719429249108,572.3528063378292,884.7791042717909,41.04560739753443,126.24274473175072,64.98329148823878,431.8391464027236,1061.2070784555292,622.9650922644929,2523.340312986575,2806.256919682386,572.9465406549398,145.5980569371432,1353.0165782661704
1922,8,3,1,3565.0770989673274,15258.39478410187,358.27377374599723,243.68681048526886,40.2992017769617,41.29428391274838,0.0,480.14350251252836,697.1025515763007,575.8420190296001,1947.5118936912854,2794.140574669481,548.4799650107972,148.78729104085895,1547.5814961268272
1922,8,4,1,3779.6125336517953,14413.081993839136,366.4522115341435,243.68681048526886,38.80639053581618,34.804962527949066,0.0,400.363299270731,825.298034562762,525.6618344019411,1937.8666646206623,2521.035372709231,573.5450618442627,137.10136607869705,1409.5117738191218
1922,8,5,1,4019.9446199469985,14686.775173823127,668.9854902795188,243.68681048526886,38.80639053581618,24.776570347649077,10.15354316590786,456.7224659883446,1181.0463375313047,495.679557234126,2137.860901587148,2828.957658040269,552.0630040224873,133.91213197495264,1355.8846932706526
1922,8,6,1,3493.8340025265657,11983.912472951008,870.4522690912925,243.68681048526886,37.31441701141656,27.726052242161582,16.24582287205967,499.9047467928956,841.9604451148622,457.7358844340994,2282.2095862236774,2832.5090005440443,532.3684216444335,125.41544111650646,1355.1509894322967
1922,8,7,1,3517.9175952408946,14360.339037279444,666.7494380003589,243.68681048526886,35.821605770271034,155.73756367682503,0.0,442.0832970135381,953.4601593697095,457.122848904184,2297.5430273101215,2934.662323153863,513.8627935208426,121.15519556003241,1042.4597535973367
1922,8,8,1,3079.3745178590675,11006.45719422675,649.6574219485649,243.68681048526886,34.32879452912551,117.39506774293653,44.675436123387584,430.37686334097964,1014.1720456658422,430.19768312913544,2396.71576724022,2936.0550064886597,489.994739066023,106.81078216957907,1179.8624724156275
1922,8,9,1,3304.188305919283,12282.694194433392,666.0066398117775,243.68681048526886,32.83598328798004,89.66824680607046,0.0,619.9426647157561,574.978257219453,379.40446297156086,1745.9513374739713,2599.025639459806,455.97608876539124,118.50146718268151,1322.2010170554943
1922,8,10,1,3624.328783135262,11930.599322265214,529.2398805437612,552.9002990512816,32.83598328798004,131.5544257041114,12.184559412303619,537.9649522918859,790.4053790323015,406.3376950036638,2145.1154328537978,2936.0550064886597,488.19917549805433,106.28003649412611,1218.4819744523618
1922,8,11,1,2454.5110934914037,12919.601032020266,489.0981475046909,552.9002990512816,30.59760414300763,107.9554957688507,12.184559412303619,599.4461943150601,900.4206543092,369.00705773355264,2181.3880891875338,2936.0550064886597,488.19917549805433,106.28003649412611,1218.4819744523618
1922,8,12,1,3572.836248084485,13278.680782218014,668.9854902795188,552.9002990512816,29.10479290186216,123.29095675284235,12.184559412303619,631.6572675673815,827.574730298719,350.03522133366124,1891.86634136133,2936.0550064886597,488.19917549805433,106.28003649412611,1218.4819744523618
1922,8,13,1,4021.6576788427324,12694.944546783892,682.3635153880701,552.9002990512816,28.358387281289374,109.72349377703134,12.184559412303619,663.8601716406358,713.7899807627998,321.2709489687445,1994.3365955037625,2936.0550064886597,488.19917549805433,106.28003649412611,1218.4819744523618
1922,8,14,1,2468.316332829985,13589.008934731195,752.2324913992409,552.9002990512816,29.10479290186216,252.48548946350144,12.184559412303619,574.5628747292858,921.603098154174,331.6764204635633,1559.6417844878845,2360.6678867035607,367.64568459681567,104.68541944223956,996.7033142238671
1922,8,15,1,2735.150447928087,12444.77187445455,755.9464823424834,552.9002990512816,29.10479290186216,288.46809240384545,36.55290920387548,388.6568655981726,788.8875818748392,344.52596782123317,1837.0451675845186,2356.420202532387,367.64568459681567,104.68541944223956,996.7033142238671
1922,8,16,1,3051.058661989069,10457.502800415023,705.4055746622666,552.9002990512816,29.10479290186216,289.0599873892093,26.399366037967624,614.8205894103488,989.1534112030565,321.88398449865997,2101.5882452536553,2206.706744038042,367.64568459681567,104.68541944223956,996.7033142238671
1922,8,17,1,2911.998586900359,8062.687475556229,517.3474518123724,579.2825196985341,30.59760414300763,263.693059445768,26.399366037967624,461.11748435249,475.6042411340755,289.4495652110614,1698.38469496381,2356.420202532387,357.4950887510682,104.15467376678659,1114.7629318493205
1922,8,18,1,3074.2353411711933,11154.707666717259,396.92991040790497,579.2825196985341,30.59760414300763,208.83131255725226,0.0,513.8168588265937,702.4148416271829,302.2991125687313,2149.9792663167177,2019.3212013367497,287.6703127060834,87.14939192262891,897.2530939529871
1922,8,19,1,2520.6150132442917,10091.580720717711,590.9380764802017,579.2825196985341,28.358387281289374,167.53702864445538,34.52189295747972,436.96122170813084,798.7449238529936,300.46807223591753,2369.2639614242057,1837.018952807378,265.58973369498517,89.27475464996843,812.0767483554863
1922,8,20,1,3075.948400066927,12000.163005511518,616.9513285087233,579.2825196985341,27.61198166071664,146.29799170273918,22.33810257821148,507.95955740070434,1201.561617790737,250.9009231381738,2057.2366791003683,1789.4588169230694,244.09958774902717,87.14939192262891,945.877648330939
1922,8,21,1,3319.6058359835774,14671.094835385682,694.2559441197952,579.2825196985341,27.61198166071664,164.58524066563922,26.399366037967624,535.7756122888802,744.1292448211093,186.64512009301401,1822.5361050509755,1585.082537536648,230.97256220503064,90.8693717018263,723.3652842640885
1922,8,22,1,3432.0631140993687,13538.119109078298,697.2271368741203,579.2825196985341,26.86641375688975,149.24977968164757,26.399366037967624,549.6795551435113,899.6700952751105,119.33220565527243,2265.3098258864047,1585.082537536648,230.97256220503064,90.8693717018263,723.3652842640885
1922,8,23,1,2606.469494385818,10853.645168735016,646.6862291939035,579.2825196985341,25.373602515744224,152.20156766046372,28.430382284363287,457.45769210882673,398.9971824094521,0.0,2213.621290611007,1585.082537536648,230.97256220503064,90.8693717018263,723.3652842640885
1922,8,24,1,3112.8295504169396,12528.162765231504,440.78563439021787,540.6665730893134,24.62719689517149,149.84167466701143,28.430382284363287,450.8651645626085,688.7546672107304,98.52126266550611,1762.0267192580998,1326.8094130925494,197.55243309372185,79.17868668875253,633.2130926355188
1922,8,25,1,2942.8336470289473,8655.546816989767,417.74357511602136,540.6665730893134,24.62719689517149,159.86545467855018,28.430382284363287,458.1847490500885,498.36285895018773,88.72882670055407,2316.915923306585,1237.4687771630338,191.5833974489874,88.74400897448677,691.1490157256421
1922,8,26,1,2822.7179879666924,11835.662000458982,799.0823812761271,540.6665730893134,23.13438565402597,217.08709456061035,28.430382284363287,466.23955965789725,868.563593093428,205.00392096311188,2054.7635434411777,1372.976865642061,184.41731942560716,76.52138827322491,557.3681258548444
1922,8,27,1,3344.4955740614355,9137.360852586571,822.1320982637396,540.6665730893134,22.38881775019908,268.41284543285695,28.430382284363287,464.0420504758245,681.9329195472643,200.72073851051465,1839.4358653882484,1367.9632056367059,184.41731942560716,76.52138827322491,557.3681258548444
1922,8,28,1,3155.7567909877025,12032.521522104049,773.8119274361868,540.6665730893134,22.38881775019908,221.2226725101543,1456.010245854198,535.7756122888802,789.6464804535703,104.03051617791319,1931.4365119069137,1179.9509554345807,169.4947303137065,75.45870690955515,671.8726148816545
1922,8,29,1,3285.3446580635214,13373.618104024246,694.2559441197952,540.6665730893134,22.38881775019908,165.17713565091086,1456.010245854198,515.2791418881842,632.6295305662621,167.67328369312258,2399.9308435970943,1241.0201196670268,168.90429724856628,97.24545988384482,621.7673127573121
1922,8,30,1,3272.4463322578176,9436.142574068957,717.2980033936554,540.6665730893134,20.896006509053613,153.96956566864438,1456.010245854198,516.006198829446,837.4570909115088,201.33377404043006,1797.5574348941518,1241.0201196670268,165.32125823687616,113.71999605252084,656.8250161606095
1922,8,31,1,3341.976369802173,10418.159405792921,444.4996253334605,138.0193021058925,20.896006509053613,145.70609671737532,0.0,390.1191486599165,650.0758583314923,140.7481179179521,1520.8959924952017,1230.3660921554838,168.30577605924339,61.64265916911321,519.4489774819499
1922,9,1,1,6342.14710576328,16886.299010880597,277.1785900592341,1183.5176815858235,33.536314487529765,137.0736542687773,163.7348235592197,782.0110091878119,637.4831456519067,151.65369734514408,285.7378502674796,1073.7588511539384,185.27466058871045,92.98521432737077,649.8081394519871
1922,9,2,1,5778.651497141385,15647.552274390779,327.7348131659603,1183.5176815858235,32.773992248785426,144.0149681878433,116.4316015540282,822.2278779733865,115.75288211366033,171.8274060340689,260.3882097618138,959.7677201979117,176.3777239908228,87.12202162995028,640.977013252267
1922,9,3,1,6112.597213695945,17754.41956614187,321.08791803469154,1183.5176815858235,32.773992248785426,150.3720740694564,247.42868879791848,754.4236913148937,806.9843941360908,116.79940096582021,489.93641785441804,957.8875976960669,176.3777239908228,84.6087147541693,664.0820141253661
1922,9,4,1,6112.597213695945,14018.935304955943,375.1896623922479,1183.5176815858235,31.24934777129675,154.9996166821671,127.35187065615656,673.1648666532183,661.4676765566295,153.48473767795784,840.0417455430713,912.8342918142183,163.78451464268795,73.71890830518686,589.317592997525
1922,9,5,1,6112.597213695945,15358.178755970861,419.09133265438476,1183.5176815858235,32.773992248785426,152.68584537581177,181.9301451759272,572.5287491294741,661.4676765566295,127.801775476605,759.2279159891708,961.7174768667577,168.22489481748136,88.79755954713761,756.5153576877151
1922,9,6,1,6112.597213695945,13786.723747562379,441.26807032736025,1183.5176815858235,32.773992248785426,157.31338798852244,163.7348235592197,681.3667224851542,661.4676765566295,146.14444383271606,1018.9318915518309,928.2234426642008,162.29629979359567,107.22728662343431,796.6022674011613
1922,9,7,1,5961.646494505102,16856.363819319442,318.4230338115559,1183.5176815858235,32.01167001004109,160.78788842196482,189.20519769050637,597.1261474462148,661.4676765566295,90.50340323456513,901.787699165664,923.0705143252789,161.56028049323217,119.7866809259571,703.4885802796277
1922,9,8,1,5321.063235562409,14758.049439443183,312.2126283375246,924.9805833535124,31.24934777129675,182.18835126879702,189.20519769050637,625.4568606186822,786.31900207003,149.2015552253606,935.3399062740716,852.3222009158217,148.21487559643296,119.7866809259571,703.4885802796277
1922,9,9,1,4832.942218365581,16648.242963706634,329.0672552775281,924.9805833535124,30.487025532552416,32.38818612024838,189.20519769050637,584.45575063807,253.01345032011147,73.990968585592,942.8417511066161,925.6469784947398,148.9589830209791,103.03844183046601,660.6869663643286
1922,9,10,1,5044.857680620764,15542.066361272911,388.93525773838184,924.9805833535124,29.72554101055398,48.004220701176926,109.15654903944905,642.6039675821032,772.2585295020159,189.565105117197,943.5836918045436,813.6752383743427,143.0303879970934,87.95979058854394,738.8397652183222
1922,9,11,1,5618.027033596936,15964.010013747411,464.777250111867,924.9805833535124,28.963218771809586,155.58382471962,112.7940752967386,677.6415768084944,772.2585295020159,184.66888713468438,904.5081483905055,928.919784331599,152.66334389534452,92.14744536877711,609.0275461095865
1922,9,12,1,6491.48553422841,14887.768602873326,382.28836260722204,924.9805833535124,35.82244348701693,207.05562760116064,105.51902278225172,612.0430685111415,772.2585295020159,212.80399145569882,1086.0363057688894,939.2256410092252,149.70309044552525,90.47309746432492,556.0074387364754
1922,9,13,1,5534.5909885433075,14441.59170008655,308.66710708662856,924.9805833535124,35.82244348701693,148.05830276310107,236.50841969569785,495.74663462307484,772.2585295020159,141.86932763717317,1002.4443204911303,935.9528351723658,164.5205339431159,87.12202162995028,582.5208274404735
1922,9,14,1,6284.406944150364,15818.610511881343,242.14455178094397,924.9805833535124,33.536314487529765,122.03798425137694,138.26444942802527,600.1078978233253,124.85132551322832,180.3937709391415,779.0954391171799,906.3583143072831,159.33604634377636,113.0904793208548,498.23159648386644
1922,9,15,1,7257.424397091924,16304.701003414804,329.95555001857355,1116.8040201788042,35.06012124827254,120.30073403465573,160.09729730202238,624.7134653192863,548.1916392549815,194.4532568426553,968.8921133827228,830.3874383923384,155.63168546941097,84.6087147541693,470.364190696293
1922,9,16,1,5751.34332297563,16889.149981505034,172.07647522436335,1116.8040201788042,34.298636726274104,117.9869627283004,171.01756640415076,553.8948515671082,71.93441176136892,155.92881354068697,1095.6815348395123,643.7260910249835,138.58191969818185,90.47309746432492,570.2813134097631
1922,9,17,1,4421.908851490221,16147.897619049465,190.2558865626497,1116.8040201788042,32.01167001004109,182.18835126879702,116.4316015540282,667.95293037746,131.46458455617736,139.41718551738967,1229.9728011290904,812.3521892063294,136.35768554872607,90.47309746432492,570.2813134097631
1922,9,18,1,5393.314013706741,14899.172485372595,348.13496135662575,1116.8040201788042,32.01167001004109,134.75988296242193,130.98939691344614,612.7864638106907,1061.624055696611,122.30058822123131,1074.412568171109,813.6752383743427,126.72472965047494,86.28425267135663,492.115174485908
1922,9,19,1,5179.685492555151,9695.58090092924,423.0886589889781,1116.8040201788042,31.24934777129675,278.1906431128123,25.470374131248104,636.640466827882,1061.624055696611,127.801775476605,1260.1450561701895,841.3200025707972,124.50049550101917,83.77094579557564,436.3803629109439
1922,9,20,1,6329.349548128269,10799.049081270048,325.5217340266324,1116.8040201788042,31.24934777129675,244.06828155502737,185.5676714332168,776.0475084335908,1061.624055696611,111.29014745341311,1245.0589286496397,820.777923381893,120.79613462658926,83.77094579557564,449.97389402504706
1922,9,21,1,3742.7313833017834,18387.33504485514,317.97888644103324,1116.8040201788042,28.963218771809586,267.20599461858075,138.26444942802527,661.2378651446227,88.47423100459821,114.96029437602694,1307.3819472589953,836.1670742318753,123.76447620065566,83.77094579557564,381.31922486018794
1922,9,22,1,4232.363923053632,19425.08835229324,214.20155600444528,1275.9637552498693,28.200896533065304,187.9689360606838,43.663388648848944,613.5298591100865,252.1794958381842,75.21381314266506,1054.5450450431,801.4196250278706,118.57190047713347,82.93317683698199,454.04928534536043
1922,9,23,1,4184.196737624302,19563.360427598214,246.13422040236208,1275.9637552498693,28.200896533065304,118.56348381793454,109.15654903944905,618.0065692653626,13.229019949344337,116.79940096582021,1277.292130073357,733.178141621091,114.86753960276805,90.47309746432492,441.81644134962636
1922,9,24,1,6074.0030044502,22435.713332117153,246.13422040236208,1275.9637552498693,27.438574294320908,158.47411711560946,90.96891775318063,724.6061875433278,78.54933871328204,149.2015552253606,933.2789598914536,736.4509474579503,111.9072861528843,88.79755954713761,428.222910235432
1922,9,25,1,2633.173059530103,15358.178755970861,365.87788303768946,1275.9637552498693,27.438574294320908,90.22170705210871,105.51902278225172,719.3860820885026,255.49029513196768,151.0406618152287,944.9026974892341,769.2486399933267,99.30598868063124,87.95979058854394,437.0607064701284
1922,9,26,1,5335.473083923133,3280.184252399738,363.6571461850255,1275.9637552498693,28.963218771809586,76.34446007748383,116.4316015540282,764.1205069249951,255.49029513196768,36.68936984067907,625.60439632746,786.6571816787208,498.7541775528055,97.17405912033907,330.3401481646304
1922,9,27,1,4343.20891044371,5321.194122718118,265.2019264816942,1275.9637552498693,28.200896533065304,97.16302097110234,134.6269231707357,849.8397033838125,255.49029513196768,147.37051489254688,740.0363832744288,773.774860831416,106.71471042942657,96.33629016174541,402.3965351255035
1922,9,28,1,4219.566365418621,10416.1637263546,202.23255014018994,1275.9637552498693,28.963218771809586,105.2650640172554,43.663388648848944,810.3335531812123,246.39185173254447,126.57570441677419,662.6107495732367,746.0604624683958,101.53022283008703,98.01182807890406,379.9652077767039
1922,9,29,1,3668.8683144317383,17564.830019590943,146.79070595771532,2432.8826133919893,27.438574294320908,134.75988296242193,280.1741154436921,893.789887025114,107.48839319617929,90.50340323456513,446.0794788329204,713.889477433852,94.1215010813562,92.98521432737077,396.9537866519359
1922,9,30,1,4685.216080626163,18028.112746125866,156.1101430254046,2432.8826133919893,26.676252055576573,134.75988296242193,280.1741154436921,854.3327518972227,764.8196555218054,111.90318298334425,199.40068440825584,743.4839982989348,81.52020360903866,92.98521432737077,396.9537866519359
1922,10,1,1,2504.794410498569,22350.18421337187,389.6091365075635,240.51574554046306,4.794085393281427,371.8330419633753,122.73767244398836,489.2276296889202,1235.7537515561419,0.0,801.5515109019267,822.727680050739,11.256242421151283,134.05493350199282,609.3010175402372
1922,10,2,1,3399.0111542229242,16049.539132492693,517.5312369313318,431.17819137475317,4.194866604958545,361.32498423648855,122.73767244398836,478.0930385545828,1284.706879654853,0.0,995.8492920669473,763.4690041537899,13.936646774366384,132.8530206494596,504.4947592493864
1922,10,3,1,4390.4691823394905,5558.537427234453,481.7161118980297,431.17819137475317,4.794085393281427,406.8470894731155,122.73767244398836,497.1844101474643,949.9575505451418,0.0,817.0663152700919,813.9537750412584,14.47208059507501,124.47533106355168,477.781269498564
1922,10,4,1,3300.2583472756937,4904.667314429444,609.6305546083818,431.17819137475317,4.794085393281427,394.2404949800896,0.0,534.574742958969,953.7103457144059,0.0,774.2151180832165,827.4628033891782,16.61624231516354,135.24494622726075,950.4132720588663
1922,10,5,1,3322.830417435003,14468.675921023265,632.2973859315796,431.17819137475317,4.794085393281427,290.605063909355,51.14069685169084,554.4585249261087,961.9664950870235,0.0,723.2437921490598,704.2103282566231,13.936646774366384,140.04069751009962,1084.0140709874945
1922,10,6,1,3761.474262987524,15574.852523458503,693.6969310498372,431.17819137475317,4.794085393281427,256.2905286549946,56.25476653685995,484.4568290855433,965.8026857045985,0.0,776.4326963908686,667.2136954669523,17.152484948290176,130.4610950716585,873.3743690321309
1922,10,7,1,3974.3974069462797,18776.492535144047,606.7129658469604,431.17819137475317,4.794085393281427,298.30738566671965,46.02662716652174,447.0664962738852,1180.1289876010667,0.0,905.7447162202225,579.0150598720746,17.152484948290176,130.4610950716585,792.2000443710256
1922,10,8,1,3554.093368398744,20574.02951410112,1026.2867344384877,431.17819137475317,4.194866604958545,308.10824419031576,56.25476653685995,293.534943977508,710.7877446273884,0.0,759.4422544129787,620.085291416396,18.22416140212544,118.49313709359294,789.1318283198101
1922,10,9,1,2518.901954347885,21014.5044756375,1135.945188677642,662.9171915897176,4.794085393281427,346.619852977139,306.8441811100631,301.4917244360521,693.4915286687869,0.0,771.9975397755643,674.6227708081752,17.68872758141681,106.52398910279226,749.0449186062727
1922,10,10,1,3870.001582459053,2328.6728063615096,895.41641439997,662.9171915897176,4.194866604958545,347.3270521804297,613.6883622202184,306.27069421849603,745.3885160892335,0.0,766.0949893359353,630.8576970111659,18.760404035252073,117.29717430467802,797.3359712395172
1922,10,11,1,3329.884189359998,3906.6850472065007,622.7941637453183,662.9171915897176,4.194866604958545,324.21239996051696,61.368836222029046,291.9501232291449,579.1563691746774,0.0,704.0357718632741,515.056077720078,18.22416140212544,117.29717430467802,877.4430903175593
1922,10,12,1,2688.1924805430413,11051.78762716078,574.542912337165,662.9171915897176,4.794085393281427,63.72249168866536,97.16732401812669,270.4733513344215,233.9242322253727,11.195964678215363,694.4317617203814,654.421899036553,19.296646668378706,117.29717430467802,836.3556753699914
1922,10,13,1,3236.774399952763,9419.74949297692,486.09632389703785,662.9171915897176,4.194866604958545,32.21138631943059,0.0,256.15278034507037,585.1775205354933,0.0,678.9169573524597,672.6033799727635,30.016646456403354,117.29717430467802,839.4238914212068
1922,10,14,1,4507.561796291707,15637.573877203728,442.2405999143886,662.9171915897176,4.194866604958545,294.1026251864381,0.0,382.636180590022,214.36799962043503,0.0,565.886413945642,715.6999657691314,3945.0634499825624,125.67724391605623,803.4724033420392
1922,10,15,1,2909.5801508117897,16425.86725497011,947.3357104712055,662.9171915897176,4.794085393281427,46.91651757875443,66.48290590719814,380.2507802883335,289.58235435977787,0.0,851.7479209963125,641.6301026061536,711.2939047519536,113.70571589981395,745.9767025550574
1922,10,16,1,2676.906445463723,14462.97397977287,677.6157331514794,1010.322085283547,4.794085393281427,33.61194821982194,66.48290590719814,461.3870672633898,12.787024073838293,0.0,727.6789487643641,725.796919946625,444.35345431885236,131.6630079241917,760.3172775772864
1922,10,17,1,3917.9672315483426,16186.385722483932,732.4373025579767,1010.322085283547,5.393387953278899,114.84300105290879,20.456278740676318,383.4285909642802,343.7310188815463,185.98368702125998,638.2833384732363,717.0230149371446,343.0496989657506,126.86725664132415,766.5204100288413
1922,10,18,1,1746.0100877300692,16123.664368738706,638.8753616433398,1010.322085283547,5.992606741601798,128.84862005678642,117.62360275885293,412.069732943136,588.188096215783,136.22294775616172,656.7576618467378,644.3249448590593,283.55345749853166,118.49313709359294,660.6736262944671
1922,10,19,1,3583.719210482375,16474.33375559163,430.54727172845514,1010.322085283547,35.95564044961068,0.0,46.02662716652174,202.84888661647753,281.30952589740355,504.45564482053993,687.7790267974249,555.4508578469053,227.26820133066522,124.47533106355168,685.346085367736
1922,10,20,1,1176.2668525460374,15877.055409689912,157.15924974543225,1010.322085283547,92.282876725312,421.55222073246506,0.0,335.7042465716101,1093.647907808532,1105.319192979617,690.7385458030046,666.5382440494583,184.3930550530592,123.2853183382551,678.1424476821508
1922,10,21,1,3982.861933256272,14653.989011637537,455.3965513379091,1010.322085283547,120.4552908890296,177.1610873672057,86.93918464787447,291.9501232291449,179.0166691247718,366.369391703469,377.5076707915372,731.8550924530778,177.95490820585982,113.70571589981395,666.8367385366206
1922,10,22,1,3166.2366807041644,14864.960837874787,745.5932539814971,1010.322085283547,58.727294752638464,51.11820327992869,0.0,255.35220079174505,0.0,240.10020505159156,458.0329678520562,631.53314842866,152.22658518967472,110.11544750765633,676.0747368649658
1922,10,23,1,3833.321968450428,17192.77835305018,442.2405999143886,1812.7921267805648,37.15441311295484,55.31988898110295,97.16732401812669,327.7474661132194,162.46267265534712,175.4088241300059,474.28146913226203,650.3831173655119,137.75693103180916,117.29717430467802,567.1730771491464
1922,10,24,1,15907.263372140738,20102.193875691366,948.1014817996988,1812.7921267805648,32.360160176324236,37.11335297080057,0.0,268.88036140699137,51.8986553292313,159.23597889957904,415.1817706651807,762.1459549855588,128.64161508111889,117.29717430467802,501.41320312830965
1922,10,25,1,8991.039999868412,12914.041639301397,1266.0497373876663,1812.7921267805648,31.7611927030251,65.82333453925253,250.58941457320435,322.96849633062203,57.16340997464586,344.59856413399115,423.3101431981054,762.1459549855588,118.45866673864083,117.29717430467802,659.6464409208053
1922,10,26,1,3840.375740375422,17718.782433331846,851.6142944105608,1812.7921267805648,52.73510686944488,253.49247963338345,598.3461531647199,253.7673800433819,293.3434890739204,689.1890620110497,380.4589460112299,738.6096066269288,102.37947586900766,140.04069751009962,548.677070387801
1922,10,27,1,2724.771326381646,17261.201648045797,589.8966274734374,1812.7921267805648,85.09526704573663,200.2680526393919,357.9848779617864,238.646229500552,0.0,468.9963791681487,361.25092572568786,781.016814172533,100.76993915717559,147.216474243503,559.982779533331
1922,10,28,1,2679.7279542337205,15122.973679421333,948.1014817996988,1812.7921267805648,63.52154768927826,148.4503371039785,1217.1485850701663,319.7906856546753,299.3563008898579,302.2991125687313,342.0429054399023,741.2557049631731,90.05317461883587,141.23071023536752,559.982779533331
1922,10,29,1,4972.90920698784,16240.554164355843,866.9297209800891,1812.7921267805648,43.74640618622863,109.23921606177554,895.0006465562718,284.7857531448591,336.21708899813973,260.6207627904411,446.2113794015113,568.2426542773046,83.08121157577483,138.83878465759508,553.8129972562925
1922,10,30,1,3606.2912806416844,16428.71822559455,873.5153544052653,2262.7194562443924,35.3566729763116,111.33775282800694,460.26627166514083,258.53818064675886,0.0,233.25195288179043,432.17221264331414,636.2404181003424,82.54739537991318,141.23071023536752,456.2037066161419
1922,10,31,1,4563.891203519623,21389.407112802703,1015.3362044411354,2262.7194562443924,30.562420039680987,83.32651482021463,199.44871772157333,336.4966569458683,0.0,233.25195288179043,604.302454517213,622.7801336693016,63.249939899148444,156.79607668194416,496.277276259818
1922,11,1,1,2230.8057553047793,8573.438862995024,145.2438478741711,681.051177735928,28.41786517024634,23.38600147947771,27.66365634810559,172.31249508287033,108.21393359559485,95.00437462537504,728.4208894620482,506.61641671102717,35.165546309320526,141.51631328944788,74.07073749887348
1922,11,2,1,2230.8057553047793,5042.939389734418,359.10846449389004,680.2194229963224,27.257627477212417,107.07918371262522,23.34092165632587,104.80239887254628,319.52132026676236,90.1888192126268,786.9105478000363,465.0726728331449,32.71969755732215,133.45992713935888,65.88660468382461
1922,11,3,1,2497.841406743595,5321.906865374227,337.1231696529537,680.2194229963224,26.677927489068317,64.00306528561536,13.831828174052841,95.83264020374453,142.58119780239562,118.41265236037582,748.6923580812295,482.43247060166,30.578771086905583,132.30561479582948,74.07073749887348
1922,11,4,1,2149.8889145104126,6637.202163139919,135.91675309319655,680.2194229963224,29.57810286328032,44.92559808258877,25.934870084607816,85.91525675754683,479.65725991706995,60.584849496835524,559.1842163095553,465.0726728331449,29.355846710906423,130.0088902360647,55.12116836476281
1922,11,5,1,2048.213830622491,7095.353142550549,189.88065861169102,680.2194229963224,32.47744052074643,44.30987355887112,15.560614437550612,114.482876124395,0.0,53.7002991705699,496.0120877903681,427.8671375431238,31.19023327490522,124.26112877297709,57.70447287924399
1922,11,6,1,2550.0393189872084,8807.36100276234,223.1917114008852,680.2194229963224,33.05797822563637,35.6943423955412,38.90230512691177,81.66973437122971,329.02840136238905,123.23627403003032,157.5387414851069,475.60832226102553,31.19023327490522,124.26112877297709,71.91631622808237
1922,11,7,1,2510.0343553564635,14728.114247882031,253.84553768022838,680.2194229963224,34.21737820192445,34.46366204289211,38.90230512691177,127.22679554455023,0.0,89.50318736994066,741.6768965950745,346.6319186224474,31.19023327490522,130.0088902360647,96.02849237021096
1922,11,8,1,2742.204219853081,8896.168737725116,237.85623234141553,680.2194229963224,31.318040544458345,37.54074727190794,27.66365634810559,109.76109059564504,325.3756807309563,11.704138867500362,499.1282387207385,310.6658715003867,27.520651334489678,125.40354098924116,3630.6333935512307
1922,11,9,1,295.7041959049085,8905.71948931911,374.4315487768344,675.8007259422031,30.737502839568407,78.16088585719024,32.85078417163428,81.43364509479217,334.882761826583,86.74452748525076,336.1321112146298,331.751097189853,30.8845021809054,159.92581014941942,4438.1078178298485
1922,11,10,1,2240.378731488364,11681.567038186557,369.7680013864755,675.8007259422031,29.57810286328032,55.38753412228543,33.715177303383165,77.65703358970399,0.0,55.76526095560094,230.0675665811808,357.7942755511607,29.661577804906244,158.7714978059187,1381.0307248213967
1922,11,11,1,2030.7809371510557,9475.913614285635,239.1886744529833,675.8007259422031,30.157802851424364,62.157429104034826,29.392442611603364,106.92638544257201,393.3763292001978,2.7538201305062855,258.9208159372456,230.67710416452306,28.74438452290684,159.92581014941942,820.8144940667249
1922,11,12,1,2300.436561019828,7345.525814879891,260.50774823806734,675.8007259422031,31.897740532602384,52.926173416987254,35.44396356688085,79.78102015972974,0.0,49.56956897481043,277.64245287664176,386.3164302483891,27.214920240489857,210.5489514825391,504.7015303310957
1922,11,13,1,2048.213830622491,6648.178400046131,326.46363276067166,675.8007259422031,34.21737820192445,46.77200295895551,25.07047695285893,92.99793505067166,373.6366266092537,83.99393385753356,253.46342991627571,515.2997973036021,27.214920240489857,186.37979303224336,414.69607947027026
1922,11,14,1,2563.9453264964827,6136.856818481233,268.5024009074741,675.8007259422031,32.47744052074643,24.61668183212689,25.934870084607816,113.29834515264972,261.7616328372435,84.67956570021971,268.28575629988717,690.7848609089741,25.686264770490876,165.67357161247836,372.9283209634266
1922,11,15,1,2046.400003556064,6269.426952537332,216.52950084304624,675.8007259422031,30.737502839568407,125.54323247627877,44.088663917405086,86.86288153494294,0.0,84.67956570021971,238.64934731828168,647.3749213622988,26.60345805249028,150.71511165580102,304.4604127756218
1922,11,16,1,3055.2909251440656,7409.815202468861,326.46363276067166,642.9637419508742,30.157802851424364,196.93191726742478,48.4113986091848,83.79127018752092,321.72296009928687,61.27370784231075,237.08302806751388,615.7540462449518,26.297726958490458,150.71511165580102,273.01786828484154
1922,11,17,1,4340.790474355141,9996.928495973012,364.4382329403509,642.9637419508742,30.157802851424364,172.93326604337565,215.26003692863137,84.26508257621907,345.1153833219004,70.22321995360754,236.30811222766047,612.655325825051,552.8637283162476,140.3620009459185,273.01786828484154
1922,11,18,1,7911.812895373198,7324.9988263812065,243.18600078768637,642.9637419508742,31.897740532602384,188.92980454346883,215.26003692863137,51.92902088339807,277.8486147967549,83.30023575787472,240.99058240890287,517.7787736397405,552.8637283162476,161.06822236568348,244.16996736789272
1922,11,19,1,8715.439053949582,6392.446334997919,375.0977698326,642.9637419508742,43.496766595958555,172.3183102143711,191.91988430538072,85.44961354796419,0.0,83.30023575787472,295.5809301908671,443.98744714367854,138.52530282890328,164.51925926897766,244.16996736789272
1922,11,20,1,8365.773502819991,9035.723749810784,457.7168384633007,642.9637419508742,41.75682891478053,209.23872079385941,146.96221305798682,72.69997570242813,273.4620142209895,47.50380056408212,237.08302806751388,517.7787736397405,147.08253821124845,142.6706256329486,251.48699564670585
1922,11,21,1,5180.894710599436,15291.18094628746,365.1044539961165,642.9637419508742,40.0168912336025,198.1618289252495,181.54562865823885,61.134051910725724,280.04191508463754,76.41971856009532,338.4733463052293,515.2997973036021,390.1872866861317,142.6706256329486,223.49952923111093
1922,11,22,1,6392.430422769771,11498.249627010604,378.42887511176417,642.9637419508742,35.377615894958375,210.4763193995951,578.3436039149417,88.51305571627086,266.1482334130089,10.327228802247214,243.3235737139936,527.7016424002757,1236.0271371706065,134.61423948285957,215.74894868422402
1922,11,23,1,5778.349192630651,35360.58865979323,635.6055180708319,597.1132619293058,34.21737820192445,163.70124166150276,421.868452209505,92.05847945239088,0.0,40.619250237816374,233.9668771370393,297.0245382357527,390.1872866861317,134.61423948285957,226.94126723652624
1922,11,24,1,3436.1946090836714,21520.551761545063,419.0760172278888,597.1132619293058,33.63767821378041,103.3894487390589,193.64251830458036,73.17215425530304,291.008416524051,112.91146510494143,237.8661876928978,284.622693139079,228.73215180720953,131.1632025795654,189.4756812363604
1922,11,25,1,3485.7725488980004,17844.22514082381,339.1218328202504,597.1132619293058,32.47744052074643,132.93038937132238,97.69026648224191,64.43848486293899,285.88793600418956,20.653650978797106,251.12219482567622,355.93504329900253,170.93441641776735,139.20768860241782,225.65395050189233
1922,11,26,1,3338.85255652144,19835.628122269987,269.8348430190419,597.1132619293058,31.897740532602384,113.85138477875648,97.69026648224191,60.1905117228872,0.0,17.211779128512873,438.2973452923945,284.0029490550988,170.93441641776735,138.06527638615373,164.06951832482696
1922,11,27,1,2934.369120718954,18862.02165388933,352.44625393623437,597.1132619293058,31.897740532602384,96.00229184401529,64.83640617848431,54.52518600629903,289.5489961805008,61.27370784231075,454.6777471411911,400.5775075970033,117.11603812477179,135.75665169912367,172.68053337306768
1922,11,28,1,3139.6338837305725,16316.104885914074,333.79206437429434,597.1132619293058,34.21737820192445,99.08475793658023,58.78488522320673,63.25885539866309,195.22874425654098,84.67956570021971,500.6945579715671,241.83946109323642,104.27209692710363,128.85457789253533,170.95966437036003
1922,11,29,1,3188.405678182718,21305.30347937116,333.79206437429434,597.1132619293058,33.63767821378041,86.77026746223085,76.07505495729048,64.91066341581391,453.3293169175994,126.68056575738396,605.1927833542878,440.26898263979757,95.71486154475849,135.75665169912367,178.28336268405818
1922,11,30,1,3302.2737106828354,52874.10120813823,393.7596171081246,1785.9333799801886,32.47744052074643,95.38733601510295,51.86897113618035,72.2277971495532,552.7700493615309,71.60013001886074,574.7814585329376,465.6924169171251,86.23558000591329,189.8308299355375,177.8498104159844
1922,12,1,1,3080.886040414087,40267.10910512947,412.7660614809836,148.94474717529167,34.144496845033466,205.18001232296413,4.933039308644451,203.9680641552582,98.5650802378496,92.7054913881334,69.83063409198836,444.42614239428326,50.03960667613604,129.17588132835422,202.30882837256755
1922,12,2,1,2733.437389032353,33997.824701123674,294.9904311598467,148.94474717529167,33.62762561282994,228.21779506432043,31.711846246260514,220.26557649079825,162.3792772071383,84.55050558865518,52.56897156997534,324.4952170152487,50.79746391179167,117.43521578083504,276.54631674385337
1922,12,3,1,2640.629904135853,45066.71815203411,221.10115567411515,148.94474717529167,32.59304543167688,225.53505026054393,31.711846246260514,198.53556004346265,151.03749625075665,98.64225652009782,45.50734488467224,337.2800500290133,51.55612995986523,92.77458207500156,199.33399280983366
1922,12,4,1,2738.475797550206,29035.710328603298,364.4305752269348,148.94474717529167,32.07533648272745,209.46932922971308,4.228297435037094,212.3659802860302,466.5808536378483,43.01573518442865,57.27617310780888,273.96170221090114,53.830510479249924,83.37943160895746,153.6776039598221
1922,12,5,1,2328.1478078670107,40029.053057957026,299.43190486507285,1284.4545848836117,31.040756301574383,209.99972863215805,0.0,266.69102140398564,302.0749925012956,61.55764008775258,48.64575403607882,501.658464038968,106.14854173683432,102.16854252831054,205.64384581964
1922,12,6,1,2087.5134170610727,7662.553748361109,315.54373361644394,1284.4545848836117,31.040756301574383,212.14438708557864,31.007411985867314,204.95653482835263,278.67422973404024,83.80840994715965,70.61461809592514,421.29367220264834,140.26424952759334,608.310704905032,257.9836096335665
1922,12,7,1,4311.870009463,17292.562324919167,389.43300910202015,1284.4545848836117,31.040756301574383,168.21348005628664,0.0,329.4139786527131,53.182111277163145,45.24121548321799,98.85947608003147,487.0422524400199,159.21472448110106,320.60132831577823,219.7509696206197
1922,12,8,1,11141.936596083067,13619.656868948457,396.654232729634,1284.4545848836117,30.523047352624957,159.1121337880703,0.0,246.93794630283895,314.1256347675693,43.01573518442865,54.137763956402296,367.71714431169596,103.11549516937116,454.47775990899237,214.18149048405428
1922,12,9,1,7582.401746485043,13648.736769320456,242.77248427030338,1284.4545848836117,33.62762561282994,148.3965284689706,39.463699242727294,301.2629874207944,167.34964592037625,54.14071680128355,506.86090954837783,538.1885479117128,93.25607179407024,294.76615205009017,307.72872987375285
1922,12,10,1,5608.655593753393,10490.288962600613,258.3252999518788,1284.4545848836117,46.5611344523616,137.14283679951492,3.523555561429735,265.2123999841076,249.6025764884967,58.590870773164966,471.55277612177713,473.0457849248342,112.20654674757796,189.06922179136143,549.0105721325082
1922,12,11,1,4464.533787550249,13030.788886388524,311.6536152677289,1284.4545848836117,81.22334024633184,165.00033585015734,362.9297603791796,229.6519632943579,135.43420789091095,57.84877513166943,630.0395529427643,639.2486141035555,97.04940203444485,147.96618226041377,2079.8502806752144
1922,12,12,1,4349.758841516583,12517.471625388343,423.8774034573833,526.7866658718145,64.15067296544501,154.82281688132136,1276.9793552214992,275.0889375347577,412.6907150054182,55.62410145857735,487.2406999860199,465.128380166441,89.46274155369564,128.00966885758822,1162.987284133532
1922,12,13,1,3880.582240346881,12506.780485545183,431.09862708499713,526.7866658718145,71.39357195023594,130.1784620369004,281.88905911253977,244.96100495680346,134.01648527136328,59.33215978896324,1214.5569221871854,630.1126114271062,110.69406752593771,104.517627647991,805.5401141592242
1922,12,14,1,3151.7260641734197,12911.760862801544,396.654232729634,526.7866658718145,83.81356042454297,92.14344401751957,128.25932963796018,273.11199618872223,270.1678940167262,52.65733214398975,497.446506472606,628.9009769256852,78.85031381726056,110.3891504344714,598.0086484644772
1922,12,15,1,2211.3574984262027,10962.694795134948,392.21275902430597,526.7866658718145,81.74021147849945,51.42875597353911,62.71925823212783,232.11905538733035,490.6904777150375,52.65733214398975,292.66263011301766,661.7752670444797,86.42969498623249,123.309118592757,511.51830599289366
1922,12,16,1,1608.3607670256854,13397.28116021042,363.8792198703928,526.7866658718145,82.25792042745105,102.85904933661394,98.65924810676866,245.9494756297445,446.7327369641945,73.42391072040574,377.40050157963327,286.14071797417284,84.91721576459223,108.04006531479092,429.8503987495668
1922,12,17,1,4158.097781502832,12988.45197261046,243.32383962681413,526.7866658718145,79.15334216725194,150.5334999744802,81.74821165916897,283.9770044123133,269.45903270702894,50.43265847089768,313.8409151405607,295.88253790111486,88.71054600496684,95.1224771819469,376.77026106239936
1922,12,18,1,2228.2865510461893,11273.593141772713,228.32237930174946,526.7866658718145,63.63380173321993,158.03596108745063,74.70002389006002,176.80554359628047,269.45903270702894,33.37413822486744,327.1793601285605,386.5949669153049,91.73550444824735,99.82064742133652,375.28951331591736
1922,12,19,1,3198.684031558466,8711.853486830007,208.87944527145905,353.0538946333851,53.804033437178674,159.64253319060748,125.43697839815889,240.51697151794895,470.125160186808,80.09873836537923,724.983230895966,410.3332543576504,93.25607179407024,95.1224771819469,331.4873941664964
1922,12,20,1,3231.635223264216,9664.647869648928,293.88006273354034,353.0538946333851,47.59571463351461,128.5718899338358,334.0371892405494,220.76389641680228,421.20539026761065,68.97375674852432,497.446506472606,322.6708018466999,93.25607179407024,86.90186927575736,310.3233734474931
1922,12,21,1,3063.8562196240796,11530.323046540087,364.4305752269348,353.0538946333851,47.07800568456519,72.85766052744245,207.89270044982916,233.10752606027137,411.272992385787,166.87472425278514,474.6854146234344,255.0908430241448,141.77672874923357,89.25095439546651,346.7017437598494
1922,12,22,1,3583.0138332902116,10437.403457509394,323.8753256703847,353.0538946333851,83.29250060862775,63.75093339575346,114.87046449221893,238.54003017206693,682.858609022381,236.59138326853432,539.0281606876778,262.3954671151926,119.03292355541573,111.56369299432598,564.9719656340784
1922,12,23,1,3095.7997296269323,10228.28476217894,202.2172347136201,353.0538946333851,110.71264513456211,56.250778367148,81.74821165916897,251.87213048847707,431.8383099140166,203.9553075566488,469.19505346013415,182.64345594628668,175.90052466417526,115.08732067386102,444.33104450465515
1922,12,24,1,1789.0380964715257,8875.926846289483,195.54736644249652,353.0538946333851,76.04960162377934,58.92891100214456,66.24296760016466,212.85613103296723,409.8552697663924,203.2132119150824,446.44220539636245,249.00481685093519,175.90052466417526,109.21460787464551,347.81563958719903
1922,12,25,1,2796.316727333815,10023.157425722093,157.22051145171105,353.0538946333851,64.15067296544501,47.14328254067289,52.853333421445974,221.75236708974327,972.1407397686651,483.55597300403565,423.6893573325909,262.3954671151926,426.0985580448594,103.34308508813643,364.52407699689525
1922,12,26,1,3158.7798360984143,9803.490139078487,177.77381390830823,1179.0989845317042,58.97693434289251,33.214533015375004,46.51111797880097,211.86766036002618,692.7826673590896,281.0848567302758,471.55277612177713,231.34559216516453,426.0985580448594,99.82064742133652,331.4873941664964
1922,12,27,1,3160.694431334862,9182.976382583649,239.43372127809914,1179.0989845317042,111.74303673193371,35.89343434515778,41.57777105694236,182.238047708076,412.6907150054182,176.51390133524018,461.346969635191,287.9651331427217,426.0985580448594,100.99399996845597,743.5087896442237
1922,12,28,1,4852.894316095605,9393.378014696316,333.32494386391716,1179.0989845317042,182.62225060023914,24.64281745485645,31.007411985867314,217.79848439782577,131.88990134204164,189.86355662516127,473.1190953726057,233.17000733371336,194.850999617683,102.16854252831054,693.0166254959114
1922,12,29,1,5308.164909756705,7726.130393293968,352.2088648243712,1179.0989845317042,107.09370879237498,33.75031328133156,30.302977725474115,203.4779134084746,412.6907150054182,183.19276210872792,473.90225499802006,244.13042517892907,196.37156696350587,102.16854252831054,478.8551451165122
1922,12,30,1,7532.420733989284,7503.897233088975,199.9964978610072,1179.0989845317042,83.81356042454297,32.1429724834619,21.845921435578667,213.84460170590825,413.3995763151155,212.110293356093,440.16868460764795,163.15981609201418,196.37156696350587,106.86671276767149,566.0858614614281
1922,12,31,1,5731.491993415626,6314.329739878301,218.3290634649912,1179.0989845317042,73.46273231253183,33.75031328133156,21.845921435578667,223.72113925655833,414.8172989347467,160.93795912074188,524.1233964488492,152.81217891422702,216.0823255898606,109.21460787464551,668.5375974346732
1923,1,1,1,3882.0879160100244,152783.77253755482,8105.70290310469,1070.1845835152765,210.05379750221138,1326.8196104415244,2648.1986568661473,1008.0577651371531,742.4832703114577,1677.349815592108,575.3755044198059,261.78778678686666,56.23339065255422,54.763380973196256,227.61947487546107
1923,1,2,1,3689.057023620308,84805.08960234303,8820.45874509725,1070.1845835152765,212.01683925699834,1377.1391694439385,10137.770679888672,720.2799565154764,1214.3107141208404,1048.1877472157387,481.14786470561825,261.78778678686666,57.22023551981186,52.21696517586764,220.89402268123922
1923,1,3,1,2451.082904140516,50102.98154831762,11718.007316980014,808.8434642120885,208.0907557474244,1402.290457625646,5144.722664540299,1102.3015797723233,1227.6142884557853,795.4858575647465,502.21168387632525,261.78778678686666,56.23339065255422,50.94375727720333,220.27916041653714
1923,1,4,1,3734.593540397291,40343.66568138129,7449.86796121303,808.8434642120885,294.4562632198885,1387.192891661064,2209.9708952744127,836.3969774126662,258.8354209274719,669.1349127393227,803.7575390767191,289.46203950676556,60.17957249434542,48.39593772254665,221.50254615968515
1923,1,5,1,3464.470123990596,31087.12284565862,5598.694143429038,808.8434642120885,1368.2984112660579,1356.99775973183,1556.3447728167268,1063.584654490576,743.9664390717995,634.3309706646487,1402.4723519874108,318.5519366926821,55.24774341253593,48.39593772254665,239.85967109326916
1923,1,6,1,2888.572991858576,25141.343785761095,5986.665608708353,808.8434642120885,1071.870776552644,1219.4553674401582,1385.278163442743,865.0042957877008,1715.6816811153756,580.180565739467,1472.2291557346207,314.2943593511827,53.27405367802066,48.39593772254665,201.92203548295308
1923,1,7,1,2976.450480375414,20801.476978174313,7109.335374476178,808.8434642120885,722.4382378800824,1195.968377868674,1417.2587801907378,940.7335214803711,743.9664390717995,595.6380449635611,492.2268864773028,232.7085335441923,56.23339065255422,49.66914562121096,219.6706369380912
1923,1,8,1,3092.3888487481504,14940.50300787935,5835.284219218659,808.8434642120885,526.1062966044641,1316.74890558547,1140.4949600263208,952.5139983097548,1653.6582602298085,141.81991049903928,629.7012576411131,257.5302094453673,56.23339065255422,53.490173074531945,221.50254615968515
1923,1,9,1,2738.5820966857727,15402.219606825118,5674.989155098092,808.8434642120885,435.81192904283364,855.4664683182639,1045.9103773366596,848.1774542420499,1233.5319819942818,573.7317447892497,524.3821617874676,257.5302094453673,55.24774341253593,66.22646333317408,211.7154602144293
1923,1,10,1,2190.0468189328913,13218.825077698568,5440.967426236034,941.081735496152,386.74976807069856,974.5657147859785,716.2809859326602,1006.3700177404054,1237.9665067725969,529.8863260134641,539.9002528884457,257.5302094453673,58.207080387096966,80.23596149047309,240.47453335793543
1923,1,11,1,3101.5760407294456,11766.369654191783,4578.60717552906,941.081735496152,335.6884698093838,1209.401645222962,381.0867975560211,846.4897068453022,751.367301370638,549.232788864044,566.5098001289921,249.7281989669475,59.1939252543546,284.00818308465256,208.03896419872902
1923,1,12,1,3024.483516712466,10944.56795256871,4055.419798479792,941.081735496152,323.91577243973137,1174.1626695463422,311.5438012430267,933.9994093673561,1224.6629324378123,571.1554982519368,466.73643234507546,368.91907664295525,62.15326222888817,161.74091960761885,229.45772288331122
1923,1,13,1,3101.5760407294456,9068.76013731678,3613.5130477232738,941.081735496152,410.2951628100034,1016.4958501814198,244.783203416352,949.155380990235,1232.0488132341002,524.7338329387661,633.0336682300818,266.045364128366,58.207080387096966,110.80137360239974,191.52008727303095
1923,1,14,1,2583.698023174757,8287.341811695394,3811.2757611389106,941.081735496152,751.8699813042325,935.9811592498419,888.7387945497684,700.0776201763301,1229.0974572161272,527.3100794761513,638.5669619320375,331.32466871728224,58.207080387096966,94.24545964777211,168.87794284530077
1923,1,15,1,3620.252944543118,6357.151050095212,4351.988328987299,941.081735496152,1042.4112673328013,1105.3999647199,1262.8865617345318,907.0798383889679,1232.0488132341002,520.8612585259339,543.2326634774143,267.471652537728,68.0731338052496,95.51866754643642,212.323983692911
1923,1,16,1,4526.789127219235,7151.222833530753,4264.362374991238,941.081735496152,901.0833673055487,1231.207353545294,727.4105798778688,939.062651557599,755.801826148953,500.2348770134882,521.0497511984988,229.86660066881268,101.615080646965,85.33019684245839,197.02849251036102
1923,1,17,1,5505.42479479219,6463.695857111576,4311.952332765132,14708.964636668286,2179.0596452142836,1378.8034680541618,522.9551886683298,1045.0700655481774,1237.9665067725969,505.4037793018397,647.4451005907351,357.5726330277171,363.048729446219,78.9613498344733,209.26868872813327
1923,1,18,1,11294.254490051302,7614.958601277096,4069.1680085033977,14708.964636668286,2334.1593799004067,1201.0122216161303,1296.2583777256511,1191.4821522171492,748.4009638501145,507.9800258391526,907.9699761900398,315.7100038172004,333.45535970082847,72.59390658382368,127.27015000554063
1923,1,19,1,11569.87024949015,7041.514662060972,2971.4263158552194,14708.964636668286,2267.4104070781195,1335.192051409498,1196.1259639078573,1918.462465897791,1230.5806259763087,391.9340671631249,1050.9776410558059,315.7100038172004,157.84727367225238,76.41493403714468,263.7252012641474
1923,1,20,1,18003.900459870485,7282.468805534278,2542.0591412741237,14708.964636668286,1596.0334674593137,1288.2350549054584,781.6503845162102,4385.611610482575,736.5655767729611,413.85677655101773,778.254650576608,556.9336920445955,139.10440695776595,76.41493403714468,695.1112984167038
1923,1,21,1,15437.478352051474,10794.47640509822,2499.6058773553573,14708.964636668286,1323.1512274852428,1201.0122216161303,632.8259971882078,2041.330476381971,1235.0151507546238,363.5789460386682,684.0270108624202,1444.4895525451366,124.30173394873651,77.68814193580899,447.2901118135523
1923,1,22,1,11815.527774207269,11941.36428352949,3724.858440990799,14708.964636668286,3594.5599091417216,1271.4562076916538,632.8259971882078,3022.4180381190117,732.1310519946462,435.77948593891045,859.1899510384616,954.2295216687864,136.1462676104992,77.68814193580899,533.5673312440707
1923,1,23,1,23369.420298512676,10136.227376280021,3497.182039832052,14708.964636668286,3443.236322668532,1187.5959369007005,436.7178014375577,1337.8942388861212,1206.909851822002,403.5517904016216,892.4518850890616,615.8159866778674,623.508707278123,72.59390658382368,445.45186380570215
1923,1,24,1,14203.199081520524,10053.441455477545,3398.2251435087514,4719.649722080544,2247.7799895300964,1323.4570479432202,353.27977853747086,1252.0722837608148,745.4496078321414,363.5789460386682,879.1471114687332,788.9290813841068,1046.7382068459817,132.45152290901265,356.72787288888765
1923,1,25,1,10261.69399997935,12582.113849414112,3341.8725903354148,4719.649722080544,1670.612394664279,1387.192891661064,314.32619972934646,939.062651557599,1329.6682843670706,350.6813041383058,677.3746240523665,788.9290813841068,589.9631675546071,140.09357781566206,362.851140390884
1923,1,26,1,10261.69399997935,36382.72955193829,4399.578286761192,4719.649722080544,1340.8102735397406,1524.7522665916647,357.4533762669153,1114.0820566017069,727.6965272163312,585.3330588141652,614.183166540135,1128.0451166364644,310.7603230081892,138.82036991699775,340.8238582278559
1923,1,27,1,8246.50341103833,26064.103927386426,5134.276587249471,4719.649722080544,1122.9043090183045,1526.416565201888,308.7614027567774,839.7724722061614,1243.8842003112536,416.4330230884029,600.878392919917,988.9926406623221,238.746995497455,132.45152290901265,362.2362781262177
1923,1,28,1,6769.063135350334,25377.586535367533,4284.455912717921,4719.649722080544,1048.2976160176465,1595.1962526671882,289.301579197116,624.3483944836598,1233.5319819942818,385.50165542656106,621.942212090624,653.4210385467827,198.30312272118783,103.15931869575033,307.1649033255015
1923,1,29,1,5521.901823889247,20593.50259176856,4356.973943611228,4719.649722080544,8286.424063681956,1476.0970061995445,265.6511920635741,710.1872270828405,1245.3673690715955,375.18026006351147,707.3041475138875,676.113925777157,191.3928133957683,96.79187544510071,305.9415175823534
1923,1,30,1,5347.9443409388805,18742.59785838434,3520.9014791032832,4719.649722080544,5143.335992348347,1403.971738874798,400.56358696011864,834.7092300159186,825.3159983493014,394.5267229140913,1809.3248686735665,671.153848174321,340.36566902624793,89.14982053845131,324.29864251590163
1923,1,31,1,5028.889141153627,17518.30850928366,2913.8651288334663,3625.482740768536,3457.1192205100965,1383.8473118016182,522.9551886683298,410.6289416317802,1283.824886321189,404.83170906348744,1599.805770074484,538.4877382123764,246.63935918106486,86.6034047411227,286.36100690562137
1923,2,1,1,5465.081038700391,5917.174168563244,4484.786973060888,1131.5048461450988,322.5552484512522,1320.3492250281424,615.724426004105,1128.7317040056223,255.0151377570886,859.6951104351722,968.052841734878,523.6394372339012,272.81949121807077,146.20132596019477,381.59493128473497
1923,2,2,1,4774.144285237438,6275.1054911864385,7409.227648066539,1131.5048461450988,297.3716717666186,1303.8081347587058,342.06535537015236,908.413158832431,519.8881042442615,856.4953137804714,615.4887751663783,459.041345019633,263.2983544525708,141.16183714408604,310.5561539606757
1923,2,3,1,4760.762940395285,5246.204376304857,6107.377914299645,1131.5048461450988,284.7660005264554,1106.911419580258,255.77707060614242,967.2649105574222,534.6748473395483,979.5315974559812,700.3035984035316,419.8929213642622,260.1246421973858,138.64068897870732,343.2452745692346
1923,2,4,1,4732.003035062329,5520.272888098763,3675.606611675829,1131.5048461450988,279.71262571212077,1348.4724750139205,217.6887498638354,756.0095689049643,546.9896425008784,832.521452690877,1337.5649517092152,468.823128961727,260.1246421973858,129.8180741572024,322.50476601170163
1923,2,5,1,5276.244299171831,6948.632897258561,3307.5776048919997,1131.5048461450988,282.23931311930727,1141.657898729425,185.02949933867927,516.0793989814681,50.511634265183446,806.9558978807229,1704.7518348920598,446.3111887684101,260.1246421973858,133.5997964052779,343.2452745692346
1923,2,6,1,4360.221342167151,14324.656523862435,3880.470048949599,1131.5048461450988,294.84498435943203,1231.0035618787836,202.13107052278207,665.4619210687241,397.923691338691,818.1469815653126,1405.4566002760773,480.57404242435507,271.7536029512303,126.03775566646237,259.00914430608407
1923,2,7,1,2539.4596965693677,26557.45417086685,3429.1963858695467,1131.5048461450988,312.47626461823717,1361.7189333405565,3521.7699864967512,918.9784575361805,1215.958679410038,832.521452690877,1535.0227134750153,484.4910135785304,266.4720667077283,119.73488525300812,362.1095024015235
1923,2,8,1,4347.738744366505,17103.705849005546,3353.5056911245833,1127.4120417306556,309.9773430067817,1295.520606985094,3035.8682020605506,940.1090549435785,1236.9028200859095,767.0158719450045,1923.9697404292815,530.494136753759,255.89701794805612,185.2678924649628,550.073530597328
1923,2,9,1,3477.551886485778,27849.04914663603,2847.2391879503416,1127.4120417306556,274.68424011388646,1280.6438153259514,7062.202401865092,627.7407667511308,1236.9028200859095,677.5200208958839,1590.8530252085945,515.8054949254486,255.89701794805612,167.62266282195296,480.2961717338107
1923,2,10,1,2914.137352154405,18494.913152244088,2813.095281737891,1127.4120417306556,463.688787908733,1168.1338327438384,2287.165487424698,473.8182041665709,1236.9028200859095,675.9283271753965,1710.7203314693934,836.848114363046,274.92731520641524,141.16183714408604,600.9993392009972
1923,2,11,1,2976.450480375414,14656.473263338066,3144.2609561509753,1127.4120417306556,1380.9873798932608,1062.230096686185,1257.1181746288003,617.1754680473812,1236.9028200859095,643.9631790559133,1609.0072022978268,1724.5317021838207,266.4720667077283,126.03775566646237,433.7758195627615
1923,2,12,1,2759.852443337925,13216.132852631788,2841.3470979401586,1127.4120417306556,1411.224331392229,1115.1819647150116,914.27239041487,1036.6819609862644,2702.962704390865,583.2490886852288,1593.2155551037383,1251.8341778411937,301.3709252419573,119.73488525300812,360.220544103803
1923,2,13,1,2491.5265210148373,11540.222748585273,3384.6280127163436,1127.4120417306556,912.2452171701548,1116.8292806863767,732.3476406065846,582.4753815699985,1307.1211229098128,620.0057271799002,1679.2613807598325,828.0349292659984,302.4248372361296,120.99545933569748,358.33792459230267
1923,2,14,1,4084.2061395985133,11406.957607781662,3019.469511322007,1127.4120417306556,698.0598692702669,956.3433432673899,616.5048548478126,915.9573896959699,1350.2378874770989,557.6835338750747,825.0949143405364,832.9311432087686,309.8261737406442,113.43341859688192,372.79669599200747
1923,2,15,1,7988.2634277377465,10122.093194679432,2881.383094162559,1955.5706706352933,592.216656126089,1047.3363223881136,555.0884980161787,869.1730318577445,1289.8774133834404,650.3627723652423,994.7121264468489,731.132468972975,309.8261737406442,112.17284451419256,393.5372045495405
1923,2,16,1,14060.398162680958,12303.468555006388,2542.965616660144,1955.5706706352933,516.6103944808411,1022.524686983994,544.2133917373704,854.0845701306665,1318.2074348556002,647.1629757105417,811.7652719846615,1020.8499631203101,311.94597400162945,112.17284451419256,337.5910772485493
1923,2,17,1,9796.542475534883,12600.959424881075,3236.2682078468742,1955.5706706352933,471.2410843345615,959.6549578490487,1854.197137605894,1809.2652093274485,1224.5880249245795,671.1368368002084,445.8591286922927,826.0764436889108,311.94597400162945,112.17284451419256,421.8272075117356
1923,2,18,1,8154.931073572352,13999.570347053259,3545.074156067875,1955.5706706352933,461.1621005015849,1039.0657772534305,1068.9669599152205,1300.7469186833937,1271.4052206413648,624.7972175550883,787.5306890071425,840.754441573877,374.3303782929046,117.21514084495745,310.5561539606757
1923,2,19,1,7534.995336399688,13074.117980361149,3248.052387867008,1955.5706706352933,624.9802950322054,1121.8051938783296,1008.3310319272238,1809.2652093274485,522.3600521782181,845.304230095954,929.2824827180897,765.3953226289199,374.3303782929046,134.8603704879673,474.0080957897264
1923,2,20,1,6204.849714759678,14694.164414272485,3320.8725772224784,1955.5706706352933,2051.3092192760914,1169.7811487152035,856.7412119573377,2083.8617107803766,1331.7656947351838,706.2853723607387,527.0431165114891,799.6475323414185,356.35399302869024,139.90126306139666,355.19388662026046
1923,2,21,1,5466.079646524419,14872.524324944156,3738.0023340903135,1955.5706706352933,1718.6749869918242,1126.7641244313536,2223.54357081736,2120.1482798107545,1362.5676641411399,546.4924501905574,879.6071830799888,730.1532261843802,371.1566660377196,127.29832974915173,361.4756237781245
1923,2,22,1,5023.2969373389515,13500.835653439277,4566.369757815802,10727.45578090438,1985.7819414638202,1035.7541626717011,1205.033032232855,1569.351916877928,1373.653976086767,592.8320694356051,511.28877242105176,1012.0367780232626,385.95933904674905,114.6939926795713,354.56634678311764
1923,2,23,1,4478.057065405422,14820.02593614245,5657.46396429874,10727.45578090438,2240.310990491346,1096.9765758352812,854.3999254262152,1510.5001651528355,1373.653976086767,576.8494953758997,817.8208091369597,841.7336843623698,419.7923093141376,113.43341859688192,369.6526580199295
1923,2,24,1,5221.620451196075,14663.203826005016,8783.897571188667,10727.45578090438,2048.782531868905,1231.0035618787836,677.1407828358093,1299.2448235002762,1373.653976086767,528.9181824102922,709.9899709736763,666.5343767587068,410.2831488212784,117.21514084495745,354.56634678311764
1923,2,25,1,8210.553529372135,19555.64982853989,5837.097169990934,10727.45578090438,2242.837677898494,1413.00650275916,790.6592479078245,1591.9846094684435,1373.653976086767,556.091840154515,725.7443150642241,864.2456245556866,403.93572431093594,105.8713778580664,350.1608903504977
1923,2,26,1,4947.60246427579,15973.644377241159,4129.901859376572,10727.45578090438,1580.0681349414915,1421.277047893843,674.8164621490523,1626.6846959458262,4128.302864549098,527.3264886897325,597.3097293413788,658.7110783937005,403.93572431093594,105.8713778580664,402.3417786285242
1923,2,27,1,4382.190714296361,14170.526638791287,4490.679063070837,10727.45578090438,1191.9856086780064,2399.137394622622,563.6392836081596,1516.5423008332568,5939.416717413546,488.9781564745014,708.7838372903923,1255.7724368821596,426.13973382448006,98.30933711925084,341.36265505777016
1923,2,28,1,4865.217318791106,20088.71039175482,3935.4628890437884,10727.45578090438,960.1412147236208,2091.4119781112136,485.9017844362011,1895.340326562186,3198.251181317887,560.8833305297754,823.8763462893686,945.490844175353,432.4871583348225,102.08965560999087,378.4508933126928
1923,3,1,1,5437.31974119176,11262.250510444243,4944.97431077158,3071.03938252531,898.5844456940548,1697.703460948821,977.7076827335522,1059.1121238891744,1020.8845336731133,513.92016116734,1515.500755920121,646.5131193102033,340.24590629962063,261.0988634526709,311.8239112074739
1923,3,2,1,6850.449673010693,11672.141776855491,5282.032075194615,3071.03938252531,931.5702109656355,1712.5293046913184,1168.3698424226152,813.4942452386427,476.0372460481598,474.6200945625181,1578.2943136605156,670.7919541002062,275.933322109942,262.5026207830614,285.0552169414293
1923,3,3,1,5894.0829599142135,9805.75674933729,4793.5929212816545,3071.03938252531,1162.3872704797388,723.1207635239136,910.0818268409895,891.7213370784833,1015.3713407054006,488.76483669758403,1834.0692607336548,813.452726871335,258.4000589342049,238.7650843261574,283.81281483958435
1923,3,4,1,4634.938354564197,9500.862260528957,4799.485011291838,3071.03938252531,1236.5774765451606,1694.73149914475,845.1705060570023,840.0931442115962,1957.7827636059128,567.3485606935741,1601.919612612285,801.3079875046615,279.4423699996176,209.4405936942974,296.8833920540173
1923,3,5,1,5710.838424200031,9814.50648080432,5034.111057077987,3071.03938252531,2635.279434084266,1703.6983324735377,742.4083863527429,921.4425687353997,1159.8379705604173,743.3701951276852,1930.559955400027,911.5898845934208,279.4423699996176,233.1781301512014,297.5045931049398
1923,3,6,1,4935.020005692621,9454.421378127507,4346.549476670476,2764.4380693761987,2550.093972928356,1641.168256116251,605.8163728578012,841.6627492905149,2125.72540808128,440.04588147848733,1856.5754665772154,911.5898845934208,320.36529368233926,640.8854091898916,300.61693714580844
1923,3,7,1,5027.091647070318,9714.221097068266,5290.945749825255,2764.4380693761987,1827.3780770914236,1776.553853270105,555.7840976377058,938.6575921823877,1558.8253485857956,537.5002011302619,1663.5940772444708,968.2475950657932,307.5027768443816,642.2891665202822,282.5704127377036
1923,3,8,1,4873.106320601105,8674.34916503951,5741.010779057126,2764.4380693761987,1514.1243701940225,1773.6668046604664,473.2961620256874,846.3546870534975,1623.5454399446967,565.7732761865956,1789.1811927251495,950.0358079873528,321.53896840311137,481.7133654968803,288.7951008194767
1923,3,9,1,5351.339607540754,9776.142273603207,5561.226494134201,2764.4380693761987,1398.7019575391055,1739.3618741222483,425.96145606980195,940.210319787432,1379.9761701963678,594.0627604566549,2086.486928482058,953.0693318432361,395.2050215410445,397.9371280191614,275.72452360504377
1923,3,10,1,5671.293554367514,9850.851519205351,5241.9960789722145,2764.4380693761987,1365.7439580632172,2212.498193327881,425.96145606980195,796.2960992656303,1615.3056134985486,572.0744142142927,2169.5485058494855,1008.7158676968787,408.06753837900226,383.9697425817788,270.1210365741931
1923,3,11,1,6129.6545456085305,11479.64768458372,6009.7807310557255,2764.4380693761987,1200.842897500929,583.2687323444886,381.34128522249193,686.7781706898534,1527.2143780379515,702.5112532295384,1868.8854907679515,980.3923344324668,349.59937524787523,558.5129290425632,310.57517031937266
1923,3,12,1,5988.651120851979,9525.765342396175,6857.637375583804,2764.4380693761987,1079.950623096441,1589.099485309181,325.89690562968184,944.9022575504148,2722.738287861556,644.3570001826579,1920.4881174258187,1237.3584148800753,300.4966573376986,759.5730914744265,319.291001391092
1923,3,13,1,6293.92553266529,11853.193912593943,7007.659051994583,2611.137412801736,986.5187206226161,2196.1948600028127,312.37512762004246,1321.9281485128197,2023.851190201561,534.3496321163772,2039.3606742571353,1319.3167787044229,306.3410783962777,573.8700342370332,308.08402732942653
1923,3,14,1,5684.175595297949,15276.358084955153,6903.716541047353,2611.137412801736,934.2912589425939,2266.163332189741,309.6775583559031,1813.1470283400085,2222.056469988025,677.3723379733638,1506.548011054121,1498.4543453489496,347.2640020789992,573.8700342370332,679.6446600058094
1923,3,15,1,4575.521189033047,22565.55745315687,6954.177004210738,2611.137412801736,920.5749558751087,2350.9067002025217,259.6452831358783,1290.637311776782,2775.023732038082,603.4980582845111,1590.728681529868,1587.437711786766,398.7020931580794,525.0052415661303,1056.8024409267866
1923,3,16,1,4865.417040356149,18685.388075716262,7992.242400602728,2611.137412801736,915.0773283298452,2346.491214093596,233.94202882648634,3308.8287713492746,2783.4133735105356,2043.111187041417,1431.3200854443744,1684.6169146070474,410.4029115479057,483.1171228272708,760.5909602135625
1923,3,17,1,4026.7861897154194,21189.83044405182,6790.860355469482,2611.137412801736,893.0868181487913,993.9259231094796,219.06298326252397,6368.714801676448,3218.176579814883,3677.6329551017993,1499.8334524046488,1859.6033433436203,406.8938636582027,450.9991551079328,662.8468764858058
1923,3,18,1,4077.6153279598097,24064.453759064614,6823.493469371586,2611.137412801736,893.0868181487913,2166.4752419622437,187.96459042485333,3178.872221798693,3337.878785823485,2101.1998032339,1591.8477746380765,1922.2961696975221,491.07508419254935,413.2942332136388,601.2338742916527
1923,3,19,1,5003.8240847698125,26665.81622980324,6560.615607383171,2611.137412801736,934.2912589425939,1978.9869087235327,719.4196671519263,1866.3110713379644,3081.844905887681,1405.022506459149,1516.6198490283296,2024.4780258941191,674.6473915406897,393.75393117459583,556.4249944037595
1923,3,20,1,8239.413295487317,19277.00453413266,5812.1690968712865,8956.899017422767,1027.7231614164186,1861.2972212828859,1365.8013740386457,1641.0811812402092,3113.6056914618302,1230.5761565319442,1646.80768062079,1975.9416442008019,857.0460241680579,393.75393117459583,567.6256296791687
1923,3,21,1,8587.72770451754,15345.009824157041,5047.406029408467,8956.899017422767,1148.6432016165993,1876.2419434976025,1894.5758473460155,1958.630853940729,4064.1820332954176,1752.339921806725,1574.9370343357796,1655.2396309505284,940.0655462542733,372.8098718051698,527.7926969849475
1923,3,22,1,14934.180008728305,15817.495323369927,4808.398685922479,8956.899017422767,1198.1218495239705,1898.6590268196069,5613.319287659305,1891.458507549626,3168.587806111691,1859.1639024318863,1546.9597066296815,1575.3036163634367,872.2439141748915,379.78654573721326,538.3721312094342
1923,3,23,1,16776.611444108028,22356.910010484422,4906.449106859525,8956.899017422767,1253.070359180951,1897.1305893203908,13882.471862177752,1647.3258466082361,3409.3405533656414,1667.5042874238536,1834.0692607336548,1385.0963486309297,850.0279283887066,343.4853811733098,565.7620265264012
1923,3,24,1,13009.862731775911,24014.647595330178,4631.635985619778,8956.899017422767,1255.8191729535636,587.7181837311308,5651.153120735141,1850.7837952877242,3666.5729535118876,1634.4725404194944,1241.795450379325,1432.6747754224427,886.2801057336213,316.95436762892035,560.1585394955506
1923,3,25,1,10157.838786277767,28062.407983175337,5048.916821718811,8956.899017422767,1500.3803013308445,517.8006594609179,2923.554311942933,1759.9829853420529,2941.618041276702,1438.021435036346,613.611185618147,1633.9517442429296,916.6758857472888,309.9776936968769,500.4091404542008
1923,3,26,1,8287.646053389113,21362.13284832324,6109.19086507192,8956.899017422767,1733.9461746175602,1763.1375685546755,1832.31119829293,1752.2193473169327,2845.286979369797,1401.88834665899,1023.0500508211323,1968.916641587231,810.2786794267572,305.78045927900837,649.7889768438494
1923,3,27,1,8541.292440699051,15809.418648170078,4775.765572020374,6135.37709700353,1445.4317916738642,1880.6574296064578,1360.389269665931,1500.272415928496,3566.1968858950613,1315.4446093419779,754.9526451893735,1400.3171876268639,920.1849336369644,283.4466801524949,637.3649558252563
1923,3,28,1,13091.748573348581,14478.113352666398,4503.9740354013165,6135.37709700353,1310.7676826105442,1894.073714321958,2569.307480272958,1703.6122222901552,3619.8306653083346,1159.852445856904,941.1573040333377,1410.4289338129377,996.186359943801,289.03363432745084,581.9386089954824
1923,3,29,1,11948.342614806554,12580.09468061403,4645.082037181454,6135.37709700353,1327.2605652463344,1883.7143046049607,1904.076720226065,1151.4150290180646,3786.2751595206496,1178.7066322990352,1063.4368776609253,1322.4035222770278,1116.6197578230622,269.47929471510486,606.8373613225033
1923,3,30,1,10631.178894879204,12707.302315017385,3832.7290119447407,6135.37709700353,1286.056124452532,1882.1858671057446,1640.3257027384861,1525.3017098224298,3385.969409263785,1293.4398538860344,892.9243910680905,1331.4508741277523,1115.4460831022627,252.73246976354736,639.8370824565055
1923,3,31,1,8436.438619173441,13208.729233698145,3662.009480883421,6135.37709700353,1217.3357801367192,877.8665690014101,1198.1279335503991,2581.2408686057142,4658.648057628825,2610.37770166694,752.7020246050726,1564.1274758419115,1290.8026674049433,240.15480408324487,698.9779580194094
1923,4,1,1,13101.734651589155,24449.441943608646,14877.82943392687,9027.266531916086,5081.695925931742,6327.391594029189,6576.8095927616905,5182.0596070139845,10923.46301215238,3345.3463794244108,4143.380061435124,4510.47743560934,2016.3252652096635,697.0076272589132,770.4160788762123
1923,4,2,1,12683.317973310448,23991.09062599586,12026.20894827669,17893.4536854174,4588.297736642008,6275.424719055411,3373.1491893019115,5572.098030405383,12111.795800713971,3685.1811933640556,3717.7516492662126,3823.9430892888186,1461.704078277735,692.8946182808627,820.9995930232644
1923,4,3,1,32905.12641040498,29366.11797174453,29277.644180882,17893.4536854174,4298.4228297098325,5903.335101187626,12350.79542716024,5713.024938034926,10559.112868206052,3460.2108747202765,3660.3048697096287,4413.2982327891605,1644.8212872647575,692.8946182808627,784.0444692792564
1923,4,4,1,33246.65028623145,26918.212329810358,49263.915653552904,17893.4536854174,4570.527627404778,5964.982080323157,32632.105174043318,4728.22433202508,11002.565346035462,2710.9661811188735,3381.1533110420633,3844.805218262237,1535.5976805962548,727.1884098623091,911.6442361689732
1923,4,5,1,26996.363915477017,22989.582901168218,36210.670092748835,17893.4536854174,4176.253328703944,6021.873920572244,19795.747279335385,4712.528281235185,10618.139988565832,2694.72105964129,4181.6779144727725,3638.63203549898,1406.014410403989,633.8946976845451,865.0541573493207
1923,4,6,1,22071.230127242452,22509.020726754996,21886.848199000833,17893.4536854174,3810.02248364305,5730.961316552355,8829.53441599636,5581.211866347941,10527.052452579292,2968.262650581645,4148.975526976277,3631.3941540184205,1435.8353293299385,642.120715640631,869.1109805390676
1923,4,7,1,18780.817346984444,20917.91571231104,17759.36360732063,17893.4536854174,4148.209875063927,5058.278990502934,5358.49230434116,10878.207071081435,9062.760385584577,3636.774013203653,4651.199645220597,3420.750515046574,1457.8716710262097,668.2025268392944,935.4146845463307
1923,4,8,1,18513.19045013782,22363.640573150882,17312.16908347825,17893.4536854174,4893.443831199919,4851.939928107105,4471.857274500479,13460.629362864933,8580.505815945151,3588.202740907149,4678.182223497101,3235.439461256837,1256.790053047641,702.4963184207407,993.0976392754311
1923,4,9,1,15912.815676301263,22562.86522809009,14860.153163896553,13491.89385028058,5641.176708947406,4387.294928341524,3285.6054320501244,8626.920818542212,7583.786446013232,2960.2221359109403,4257.030183761246,3045.657951258409,1186.8366444346336,758.7589122227998,1015.4101668189851
1923,4,10,1,15601.250035196217,21648.181761664604,15444.829787974286,13491.89385028058,4445.859204787395,4075.3238521101243,3512.269113616702,7192.166756556023,6982.279115444118,2688.3214663319613,4673.705851064157,3159.228826843519,1197.8667915554238,625.6546421551487,931.3578613566198
1923,4,11,1,16356.197550181265,28981.802843467194,16361.880720313287,13491.89385028058,3947.1855143178636,3972.9185396617822,3979.508469181386,6331.246809468387,8202.672319632471,2288.5930227022836,4148.975526976277,3416.1736194044393,1280.2635474632484,595.4738595517455,897.4453550048769
1923,4,12,1,21989.34428567008,43673.275032673395,17452.672768334065,13491.89385028058,3774.4822651686277,4023.1871507474807,3644.2633832715087,5505.600782972999,7956.226601379402,2345.204809669565,4338.1022622696,3640.441505869145,1635.3600318625713,605.0755596916233,928.3152439643184
1923,4,13,1,19169.275790541426,33078.69633878059,16830.226336499563,13491.89385028058,3680.356217802717,3857.436595275598,3073.3627182478053,9829.440838734226,7653.450433239885,2922.9732210078205,4240.243787137566,3390.734594788886,1376.9120678376935,599.5868685297959,1016.4243726164309
1923,4,14,1,17402.738549789905,26208.13796845715,15831.592619405652,13491.89385028058,3481.830778668109,3797.3180536392847,2787.9972149580994,7696.803228187417,7227.3764984606,3021.7566869622774,4422.531620102689,3231.820520516507,1434.2784138840027,554.3156946246946,1026.5030427284332
1923,4,15,1,19909.24418816546,27118.783097282467,17449.651183713606,13491.89385028058,3268.311809864614,3954.9169424486327,2654.30636086046,6871.15720169213,8347.393635032287,2570.1751283133435,4404.626130370801,3009.3621044219663,1242.658051307648,555.6913768084718,1067.0078867634832
1923,4,16,1,30561.39384735014,27472.81069355903,21868.718691277387,11002.94220669246,3156.415653261473,4294.569720055002,4844.766535041973,6599.9361950326975,8185.2937765825045,2248.062265076484,4135.422065998717,2819.5805944235376,1137.3506857992659,573.5190949044355,1128.7476646822945
1923,4,17,1,23680.98593961772,22658.43921795928,20445.552334995344,11002.94220669246,3204.728137750176,4762.611247596604,5158.634656971827,8751.982900642206,9419.170333137368,2315.9964094372217,4872.9044243316885,2627.9896140550463,1084.7269437267455,603.7139150811419,1256.347431572047
1923,4,18,1,20094.985243439416,20806.18837204118,16355.837551072138,11002.94220669246,3306.350949950568,4890.999997531836,3103.731579775077,14950.235215245928,8955.642641784656,3199.796654670927,4545.258830973428,2762.4226186135747,1080.7987262939291,624.2929975446673,1356.056539032348
1923,4,19,1,19305.086454612792,20240.82110802588,14457.375933976415,11002.94220669246,3196.953714958921,5500.337080557646,2422.3832675209514,12121.233028795594,9478.047638470845,4774.424793041278,3994.7893653959777,3069.2875055038985,1169.5548829847644,583.1207950443135,1450.1875146067157
1923,4,20,1,18362.400668705737,19110.086579994306,14041.60589018796,11002.94220669246,2973.1614017526394,5168.835969613811,2033.5261132165863,9575.097306042371,8769.42256410165,6281.282879187135,4940.547385541096,3515.1622925948864,1370.6844060539784,554.3156946246946,1374.2488555238083
1923,4,21,1,18163.67771171912,18435.01114450923,13979.059088542277,11002.94220669246,2713.7733384805897,5269.543018174142,1721.3545757296356,8378.990725958141,9964.347213820194,7109.948166678833,4264.988179197654,4241.611426492182,1691.0496997363177,511.78184751385203,1296.2817848460452
1923,4,22,1,18717.9050540689,18126.751374367424,14628.397623499897,11002.94220669246,2563.726978608763,4915.285171130644,1425.232727072174,8056.799747916463,8391.589067788811,7752.532971791249,3952.015139925273,5457.575515231112,2005.3070943615417,525.4965566317728,1258.8195582032963
1923,4,23,1,18356.409021761567,16569.29917325772,13938.872013088912,14585.701813661643,2624.7561975203607,4918.511872517942,1419.8715202326969,8244.646033175935,7964.166797772939,7933.690690086477,3277.5750266900386,5457.575515231112,2005.3070943615417,499.4287830064126,1250.7692996861495
1923,4,24,1,18429.30739291739,16339.11393005104,13477.324962299072,14585.701813661643,2685.8131822276127,4853.6381919951145,1302.1455257424354,8465.065843192879,7416.29324661694,6830.0069824291495,4127.588414240925,5324.100465574388,1765.7816411410913,580.3834682500475,1222.4349252203401
1923,4,25,1,17832.139914132924,15812.783929503552,13754.857509697114,14585.701813661643,2594.2415880645813,4687.887636523162,1196.9063927515647,7171.23868883613,6710.364842720919,4601.307589416826,3076.0139235273637,4902.706748197149,1547.3344278040584,544.7139944848168,1187.5082130711876
1923,4,26,1,18079.794654498393,15750.189696701427,13921.044663827632,14585.701813661643,2505.224447104352,4515.513851887961,1138.034912584216,7210.39442844104,7547.531209650245,4010.575899323667,4242.4819733539825,4808.29497064894,1434.996990243657,504.91747416824006,1198.0939860818949
1923,4,27,1,17967.95057820429,16263.058571916,15230.29727991482,14585.701813661643,2530.6579159501425,4590.407289350127,1089.8858460956806,7306.933579535674,7507.380782603482,4070.469529013699,3277.5750266900386,5216.064440533319,1596.077857534408,496.69145621215404,1306.4238428203944
1923,4,28,1,19811.380621408043,16414.49623191988,16277.276350937682,14585.701813661643,2891.8076204009712,4624.5423934996215,1002.4778155993822,7339.507104293146,7369.401143386923,4528.450680971961,3550.0120267082425,5630.965352464713,1781.4705583270202,594.0981773679683,1395.0400743712116
1923,4,29,1,21171.484477769784,17218.125414342194,18185.407038819103,14585.701813661643,3041.7429170900273,4488.001976901855,909.7255441079726,7098.15922655641,7207.301284937139,4559.300002565753,3878.7767131746004,6144.109861551736,1936.204001107429,576.2704592720046,1308.959357313955
1923,4,30,1,21976.362383957417,17080.821935938417,18183.896246508757,14714.948268853108,2825.7250266750775,4367.764893629157,811.6120657771565,6795.546118317188,6955.462225737401,4848.922622847517,4040.920870191418,7004.885560574116,2094.88961386599,525.4965566317728,1268.9616161776455
1923,5,1,1,30971.82166303633,14653.781038271289,31944.192608523164,22062.848591784244,3625.935258263705,8502.358155431624,7318.89562807036,11666.04755588925,9095.120431264108,6030.221910897519,3969.67194229982,4450.232716226874,2117.2852437420884,341.3516700311106,2120.704322435657
1923,5,2,1,28678.019491184077,14340.80987426262,30770.306983436894,22062.848591784244,3633.432023098148,8502.358155431624,8409.969083276072,10391.123172376236,10011.089502023746,7217.592607984647,4934.330201606421,4654.06423145224,2363.7569351059356,337.4913373725367,2138.516311753107
1923,5,3,1,26263.385772621474,14263.4084035937,29161.313172990544,22062.848591784244,3717.5623840181215,8502.358155431624,12220.497741948337,10012.561431282764,10060.228830648022,8745.290395419941,4108.81251875817,5480.566432875434,2737.4166421298314,367.0123540306538,2327.919244424018
1923,5,4,1,24949.217876166214,13170.365026497033,26972.1751153975,22062.848591784244,3858.0573101749405,8502.358155431624,10071.773545061269,9216.450984230763,9121.48787589175,10472.524220397654,3793.849980626715,5787.857077499836,3208.3236831612267,381.13415277438435,2487.6566575199386
1923,5,5,1,23925.644856510808,12610.382212614804,25023.253035138387,22062.848591784244,4003.5500795546695,8502.358155431624,14369.052280391117,8533.92593698073,13103.721089804605,11504.663756699216,4725.059790364681,7631.707384679898,3535.7549777135628,343.90650837242254,2702.9852258877568
1923,5,6,1,23126.75859726764,12726.147890484839,23929.43940249692,22062.848591784244,3916.6431390663906,8502.358155431624,12321.10519941013,8482.955965598587,12032.9930968835,11384.384220910848,4195.604406486514,6628.089965849332,3729.05201846248,343.90650837242254,2804.9129085299546
1923,5,7,1,22498.63427593771,13294.207379566915,24100.158933558472,19570.067423597735,3510.984864135448,8502.358155431624,10239.565746460497,8404.982035868177,10106.072228693905,10553.25755137705,4721.951198397399,5371.1466951982775,3710.48879583788,301.5691872878369,2979.229529964018
1923,5,8,1,22152.117360990796,15499.812765494884,23766.27383298686,19570.067423597735,3240.546014181447,8502.358155431624,8997.49627583988,9488.009540369605,10123.600586770337,7752.69706392735,4444.664794910181,5098.342427040153,2952.6302618483933,341.3516700311106,2651.7044452549944
1923,5,9,1,22256.971182516405,15495.10137162802,24659.1520883615,19570.067423597735,3049.2396819245096,8502.358155431624,7721.664774806252,11557.35662353787,19004.036085355685,7529.367666644947,7365.870838463832,8389.236833170333,2443.518911028343,324.6609953727651,2345.1607429803794
1923,5,10,1,21699.748016694244,15326.837304956773,23240.518109010027,19570.067423597735,2929.2914445732645,8502.358155431624,7637.683844884493,11742.502512962566,15083.376847249481,6478.193442551498,11824.21343803041,6435.00883341131,2250.341633006053,334.93649903122474,2232.3937358781222
1923,5,11,1,21667.792566324755,16309.499454316961,22539.51047704084,19570.067423597735,2906.245834156235,8502.358155431624,7318.89562807036,12132.878485833273,11143.391470751503,7898.246788680834,7327.199954390114,5424.366411967275,2446.9920301000416,292.5851403733361,2257.2417779152725
1923,5,12,1,22202.04775219368,16616.413111925376,24134.907156694782,19570.067423597735,2931.7903661847195,8502.358155431624,13294.775011169726,13069.915840514815,11259.348301102793,10456.607283192418,6151.157441303972,5205.739815480053,3041.7337304464145,269.47929471510486,2375.396753316422
1923,5,13,1,20739.087289954387,15911.050144439521,23578.93558651244,19570.067423597735,2768.4997217720675,8502.358155431624,14234.852450960536,13244.766470819268,10726.606067602503,11099.356180440933,6597.924278850892,5949.325698177095,3052.153087661482,260.4952478006042,2443.4119296068766
1923,5,14,1,20390.573159359414,16854.0019740657,23645.410448164603,19943.44607192901,2518.4409658495615,8502.358155431624,11330.808860110501,13309.40719611515,10872.5259032126,9462.373030338451,8505.356310013945,7093.975366445478,3057.901698538798,223.2816409719454,2353.274389359873
1923,5,15,1,19375.987610120563,17372.25529941334,22997.280547055165,19943.44607192901,2265.8277567241757,8502.358155431624,9585.023468403615,13681.217947621531,12006.625652255858,6680.84723068064,9959.679976016678,8894.504824175527,2385.673514075607,238.6808588863319,2255.0865905957226
1923,5,16,1,21907.458444097705,19160.565799995926,24246.705787655435,19943.44607192901,2079.5470334858414,8502.358155431624,8342.784339338707,14164.926351533131,25089.5224534058,6445.046831051781,18688.854907679517,15248.513248664498,2236.4491567192595,447.85473868785715,2126.092290734514
1923,5,17,1,22353.836141449792,18100.502179966817,24900.878858006017,19943.44607192901,2084.6559398915615,8502.358155431624,8191.788323923803,14589.394821818507,22141.16273594568,6627.025010027733,17687.88829419434,11689.17859115134,2132.3753472949907,322.0921194581502,2069.423541802859
1923,5,18,1,22563.543784501013,17169.665363140655,24325.266987789888,19943.44607192901,2025.986813613033,8502.358155431624,7856.034262681053,15937.229892871585,22643.04307402965,5265.552556499257,11494.578345813186,9951.448399208635,1898.5985049518283,322.0921194581502,1916.7221814266395
1923,5,19,1,21560.941529150794,17989.447895963647,26458.505729902725,19943.44607192901,1926.4742018845911,8502.358155431624,6446.0029322169175,15869.382447521764,22643.04307402965,5643.949022431122,11646.277633819616,11236.810998614506,1863.8673142348723,336.21391820188074,1840.6567466190377
1923,5,20,1,21693.756369750074,15711.825489500803,24508.072857333507,19943.44607192901,1865.2228566075673,8502.358155431624,6244.44870040468,14730.321729447945,22643.04307402965,6729.910779385593,13773.549288913304,12510.891018065206,1966.8632591196597,300.2777305438779,1796.4120187059402
1923,5,21,1,19141.314771468045,15371.259018557648,23001.81292398597,12296.364139758118,1885.6307164346777,8502.358155431624,5640.125321856549,14830.405150075932,22643.04307402965,7472.427695405391,14384.076751299826,12724.834279476749,2187.8254897155093,297.708854629263,1844.9671212581372
1923,5,22,1,21109.570792678565,14525.900347601237,22524.402553938085,12296.364139758118,1885.6307164346777,8502.358155431624,5421.944562504279,15760.691515170383,29419.176713293607,7456.510758200156,14043.3750716788,13651.921745593361,2269.982720170134,284.8785126294914,1950.1909727419527
1923,5,23,1,18513.19045013782,13843.421293182517,18916.630516993795,12296.364139758118,1906.038576261788,8502.358155431624,5035.971601752709,11934.230617234596,30638.67102732429,7078.278384404391,14989.630466538716,14585.395577722273,2128.9022282232922,299.00031137322196,1931.3013897647463
1923,5,24,1,17288.897257847744,14300.42649826142,17002.45665987123,12296.364139758118,2000.470047380203,8502.358155431624,5002.379229784062,10136.442090205073,29636.408501419555,7567.437042228719,14568.105395766679,14571.558451362325,2341.720593409637,275.8944657149907,1861.131026154742
1923,5,25,1,16374.172491014066,15595.386755364076,17274.39927572125,12296.364139758118,2000.470047380203,8502.358155431624,5623.329135872225,10163.614823292892,29386.217407509015,7591.230401968559,13947.630439084567,14937.71010273331,2768.6747137750895,278.4633416296056,2070.5011354626517
1923,5,26,1,14953.153557385134,16030.18110364254,16848.355844222773,12296.364139758118,1929.0286550874318,8502.358155431624,4884.805927893584,9900.495004137889,28416.914187388713,8303.55436493919,15089.105409493754,15815.835429422425,3056.8238339992895,252.80265763006244,2157.405894730313
1923,5,27,1,14485.805095727867,16761.120209262797,15905.621442609303,12296.364139758118,1826.9615901561492,8502.358155431624,4851.213555924865,9827.584316597822,28592.197768152397,8542.636607290728,16264.153173150304,16168.14995443346,3466.41235900625,257.94040945929225,2559.4117176884406
1923,5,28,1,13876.654323055061,23124.194154505218,14393.46941925182,7879.366533584583,1750.4112914576965,8502.358155431624,9685.63092586541,8510.128698686405,27633.381599872664,7314.07878403325,15920.96461995541,16112.801448993663,3150.4782862084903,247.6649058008326,2631.166777856943
1923,5,29,1,12658.352777709155,27972.89149970591,13243.756471129907,7879.366533584583,1663.6431799478041,8502.358155431624,11146.050814282657,7518.745877829224,26587.672716342775,5556.816098142397,15597.671055351477,15267.672346701296,2525.6761414829407,213.0201748867887,2340.85036834128
1923,5,30,1,12313.833078410296,23653.88943638667,13432.605509914672,7879.366533584583,1574.3483810307637,8502.358155431624,7352.318341594787,7104.572666664092,24302.9935653638,5605.87964684735,12745.227066115442,12617.330451603302,2326.750252583362,191.20578597251642,2098.581958479109
1923,5,31,1,12422.681331232316,20460.91050723165,12836.144705816803,7879.366533584583,1574.3483810307637,8502.358155431624,6513.018017709991,7501.868403861546,21108.937204782138,6226.476105717332,12439.341616528714,12560.917551828155,2323.2771335116636,192.48320514317237,1974.4685240180509
1923,6,1,1,7659.521732059184,14200.141114525368,10839.632667784266,7483.010737663528,1207.3400936907822,2853.9324638375874,3555.0230415768883,3614.1422754232726,7086.550373744401,4904.878041270176,5205.896795873648,9930.799149102308,2053.691235912064,283.5730183122294,1936.7527459259497
1923,6,2,1,7814.905109481917,14157.06551345739,11601.071992164469,7483.010737663528,1285.3897453561387,3057.3844776237793,3641.718506607224,4162.153855151547,8355.333831425825,4661.201219106787,5948.974619747884,10288.75496409083,2196.0891178516144,254.2344901070664,2139.2135782388173
1923,6,3,1,7401.880913453433,14772.911997474795,10612.409504318413,7483.010737663528,1158.5555906754585,3017.9847554214602,3641.718506607224,5607.203176257977,10048.842888649786,4705.834280136061,7431.77298817151,9620.315321471653,2397.0509731035836,282.16926098183893,2332.2296190630814
1923,6,4,1,7475.877753215807,13057.964629960472,10682.510267515356,7483.010737663528,1056.1275704002865,3058.9129151229954,3641.718506607224,7296.638320415432,11471.336563308378,4710.264767811739,7597.39876819168,8688.75739914645,2703.2842650459024,234.68015049472044,2560.616087072892
1923,6,5,1,9617.29237111711,12784.703785686306,12018.95714518736,7483.010737663528,995.153883080074,3503.6882273985525,2659.056797300449,8968.520891646589,12772.929511748089,4710.264767811739,9342.313611301957,8704.29755644302,2664.1218534443665,233.27639316432993,2728.6573101353474
1923,6,6,1,11575.861896434319,12346.544156074366,11474.769755025152,7445.074509612068,946.3693800647887,4262.812185348835,4378.714788587252,10064.544051103036,17231.724324301253,4710.264767811739,10296.278314240826,7691.952104062364,2600.7673710675685,248.6475359321104,2764.5348402195627
1923,6,7,1,11653.75330671058,11944.056508596268,11732.813081620605,7445.074509612068,900.0282670695734,4903.397323914431,5187.985567833356,10567.661550077437,20183.080342287154,4710.264767811739,11232.834902162713,6690.676352769791,2476.09437266631,251.44101301958838,2639.850914997453
1923,6,8,1,11493.976054861945,11376.670075780887,11169.136470655807,7445.074509612068,863.4329483591766,4860.9407267136085,5549.3580541633155,10541.501465427646,18186.04604179215,4710.264767811739,10639.59121111445,6614.359278922928,2300.162927275911,231.88667340724243,2332.673334099475
1923,6,9,1,11130.482806906259,11671.468720588797,10526.898659556557,7445.074509612068,826.83762964878,4494.964858842761,4841.203707711946,9898.80725674114,17579.29518530267,4710.264767811739,11828.56546678474,5825.855955272899,2143.3935181431125,230.48291607685195,2268.905144585772
1923,6,10,1,11099.5259643605,12281.930754472643,9870.610479971769,7445.074509612068,802.4592610389643,4098.759893764963,6055.109876581067,9193.83516911412,17234.720624827038,4710.264767811739,11190.682395085423,6113.348865259232,1963.8691909543884,196.96119102712342,2159.687857774557
1923,6,11,1,11376.140331623676,12324.333299273436,9893.121285394816,7445.074509612068,775.6375024090402,3810.3946855771264,7196.741548184183,7793.848703501217,16391.26202679353,4710.264767811739,9999.345609519987,7059.808308279837,1900.5147085775911,198.35091078421092,2033.038908819903
1923,6,12,1,12071.171377165261,13066.04130516081,8706.696084133358,7445.074509612068,753.6747580236406,3687.440380083584,7485.669878803917,6786.263507635076,15759.042615834085,4710.264767811739,7568.799722092169,7650.440724982516,1805.0638154692545,178.79657117186497,2025.0520381651033
1923,6,13,1,11432.062369770727,12911.238363822966,8670.28598945574,4635.639526205999,748.7879779834234,3333.692012206538,7283.437013214518,6188.8009291817525,13968.153791519242,4710.264767811739,6891.872735283064,8403.393277830919,1629.8509464384829,191.37423685216746,1745.258013797836
1923,6,14,1,11237.333844080222,12209.240677670588,7795.2350833426135,4635.639526205999,682.9275106229555,3722.2547897882546,8237.256786992564,5422.732385792103,11276.72684415292,4710.264767811739,6936.387772255389,9206.798122176244,1381.2235259956733,189.97047952177692,1587.7391758837764
1923,6,15,1,10761.996519830433,15230.590258820397,7328.2491802354825,4635.639526205999,639.0297876478872,3752.653713383999,8208.245193019617,4772.780863299542,8555.187076501647,4710.264767811739,7482.007834363825,9186.042432636372,1402.5412913322907,199.75466811460143,1467.0486859890666
1923,6,16,1,10171.819295814457,12259.719897671717,7510.6018120862045,4635.639526205999,619.5381990783272,3502.159789899336,8396.226749288906,5088.220851754128,7337.790172839079,4710.264767811739,7526.522871336261,8645.010791962357,1496.555031721319,202.5481452020794,1494.4956303821605
1923,6,17,1,9762.390087952295,10793.130292564832,7390.040585725876,4635.639526205999,582.9428803678921,3268.478678906123,8222.835819228234,4791.683634143278,9060.063715111402,4710.264767811739,6272.268184351817,7420.637987973871,1606.2576892962759,216.51553063946199,1663.4876713796784
1923,6,18,1,9768.980899590999,11540.895804851969,7217.508103892049,4635.639526205999,546.3475616574952,3039.2130540218354,1199.4512694158498,3528.404707667844,9579.472411271649,4710.264767811739,5664.600626575125,6515.0512874319475,1649.0129826961377,176.00309408438696,1711.4088953084763
1923,6,19,1,9827.79890042791,10260.7427856166,7739.184688631206,4635.639526205999,509.75224294709847,3001.171942929939,751.4681472776654,3481.822879517224,11058.5961658693,4710.264767811739,5447.9939382905,5894.722268772011,1615.5991819718624,176.00309408438696,1839.5157650969336
1923,6,20,1,9859.654490015175,9893.927120273329,7517.551456713372,3110.292009657409,482.9304843171743,2890.4451374302685,751.4681472776654,3163.5137204882085,14202.164862589936,4710.264767811739,5304.625676756548,5864.3870302136875,1463.859807356725,149.47208054000492,1628.1172441941683
1923,6,21,1,9132.368411756534,8950.302234380457,6779.982650835602,3110.292009657409,448.7785556268861,3068.083540118364,231.22749371791087,3509.5019368241087,12812.480678689632,4710.264767811739,5802.373422567924,6406.802383523685,1414.6373267199212,157.85251180243893,1596.6768644736746
1923,6,22,1,8913.87301985351,9288.176480256343,6520.57961116077,3110.292009657409,426.84357703717916,3247.2503803057466,505.78575410655327,2727.3997931652552,13338.33142098052,4710.264767811739,5816.672945617623,6923.352954483949,1442.4222792935082,138.29115340343776,1599.2123789672708
1923,6,23,1,7952.113824507103,8839.247950377285,6544.450129663199,3110.292009657409,399.9940526115624,2979.943644329492,14.451166967425682,2850.9429026081552,13678.860975746078,4710.264767811739,5979.1901336705105,6732.187731849639,1415.3559030795752,150.86180029709243,1558.2638198958628
1923,6,24,1,7351.750800685803,8772.615379975481,6550.04006121122,3110.292009657409,373.17229398163823,3262.3649289092577,86.70734112143322,3273.8924002363347,12728.28463391265,4710.264767811739,6062.749085752734,6584.769116399318,1369.8460669676967,131.30746068474647,1578.738099431567
1923,6,25,1,6476.371182119894,8269.169292495126,6106.924676606519,3110.292009657409,346.3505353517141,2841.87479023251,86.70734112143322,4615.820355400796,11128.260153095793,4710.264767811739,6136.857918254272,6017.021177907312,1305.6532455046183,152.26555762748293,1633.5686003553715
1923,6,26,1,7032.396018553282,7719.955378879524,6220.536258339445,3110.292009657409,326.8311809864614,2917.7871860275804,158.96317595851016,4660.883210894323,7826.7864186616,4710.264767811739,6450.701363277408,5392.328142472331,1148.2850227387926,132.70419922848177,1475.9863745789648
1923,6,27,1,7641.34706966134,8897.130789312057,5325.8450521927625,2177.802769978724,307.3118266211703,2966.3575332252685,158.96317595851016,5009.740597804754,6183.315580219747,4710.264767811739,7034.37059106615,5428.623989308774,391.77980755999164,118.73541003376371,1486.5087597273607
1923,6,28,1,6718.833161800182,6878.635045523281,5240.334207430906,2177.802769978724,290.23586227602624,2939.0154846279565,158.96317595851016,5062.060767104336,8016.152611896855,4710.264767811739,7382.4085477300605,5504.195987120822,1758.7156402710946,113.14705210147966,1402.2029028156069
1923,6,29,1,5701.052067524498,6730.024221839227,5108.442038743803,2177.802769978724,270.7359439677661,3105.954824821467,158.96317595851016,4083.6736012021734,8693.31653074435,4710.264767811739,7229.465822936695,5948.899940442914,975.1799776963654,113.14705210147966,1365.8182698326507
1923,6,30,1,6502.4348463277365,7042.187718327666,4435.384064514719,2177.802769978724,251.2249193412135,3125.654685922627,28.903012568628593,4579.533786370418,9311.153699179615,4710.264767811739,6488.128810564192,6183.066694226705,946.6884250357925,113.14705210147966,1235.175885550597
1923,7,1,1,7363.734094574436,12826.433274220894,2821.102480982511,620.0838033104123,122.60264741852555,201.63487142596185,647.1791015747925,1567.596659585278,7108.423367583366,4230.6234538833905,8683.913832618264,6345.173951505133,1130.7278070177465,59.03080325758725,1834.4447361097411
1923,7,2,1,6321.5869693916975,11781.176892058578,2650.5340291519233,620.0838033104123,117.88801531153374,231.94888182734485,0.0,1360.8307260080958,6878.307487196285,3601.4942039342554,7362.264871781753,5558.9058559594505,1079.7208617544482,59.03080325758725,1929.336366032202
1923,7,3,1,6840.263873205369,9336.636531457878,2335.0805947659164,620.0838033104123,117.88801531153374,163.73131970903523,765.4819347757398,1549.9765767630788,6931.491821530484,3287.0936710957535,6645.54790779061,5221.492851643713,947.4668827587603,57.850243342731744,2003.310001382601
1923,7,4,1,5075.723848101905,10980.239934703042,2469.69218961178,620.0838033104123,120.24533136504883,466.93765601433483,807.2348779146201,1485.8590531601376,5775.968523727177,2962.847610089142,6002.566745264936,4842.781347115217,944.8680315913208,64.93500658920769,1963.248872383945
1923,7,5,1,6085.016775873351,9898.638514140192,2200.468999920053,620.0838033104123,103.741342410966,588.2276628975833,1370.908093211652,1465.015372810122,5498.960540110081,2827.307505640014,5509.419715565233,4653.85135258515,904.2325384524719,63.75304291702411,2163.0474144785576
1923,7,6,1,5468.076862172772,11023.31553577102,1823.5263185058166,1052.7722138574206,101.38124977789698,535.1569163966078,661.0910940063209,1378.4676863042707,4203.659822774871,2688.6496506042363,5441.1550359624125,4626.815736466522,830.7581056771203,85.00452514181065,2145.9326916468544
1923,7,7,1,5828.474425873853,10344.201762685774,2319.6705132010015,1052.7722138574206,96.66661767090517,858.0817947058182,1482.254930196835,1400.8978492071806,5396.187432072689,2719.3348800618537,5067.750968844891,4498.236900752466,758.145964533332,76.74060573779985,2107.2660956196546
1923,7,8,1,548.2456814838358,9377.019907459075,2097.8862020522038,1052.7722138574206,89.59466951039825,473.0004580946255,549.7612228655739,1450.6020100417634,5250.267596462592,2675.8504639855782,4507.458352650575,4356.033817545653,694.168715978144,76.74060573779985,1839.7059286839392
1923,7,9,1,549.8434540023995,8860.785750911518,3066.0019144784487,1052.7722138574206,87.23735345688316,459.3633990736859,542.7882608053737,1391.294566519634,3801.5562922025033,2451.5365138863494,4479.481024944477,4053.7458262974633,707.1390192700333,76.74060573779985,1621.2079671991253
1923,7,10,1,4912.651190433622,8868.189369844671,2413.3396364384434,1052.7722138574206,84.87726082381414,571.5507115170692,591.5141660044543,1341.6072831590268,3969.7985667303205,2198.342347826981,4227.933762946829,3756.88624615977,628.4668841597751,76.74060573779985,1496.2704905276635
1923,7,11,1,4941.411095766579,8850.016850644402,1759.3176453188244,1052.7722138574206,80.16262871682233,479.06326017484565,598.4701622202185,1328.7804029436636,4728.162229829013,2085.4469581647654,3947.2900801349856,4027.668165080639,641.4371874516644,100.3532077922974,1496.2704905276635
1923,7,12,1,4179.772908360604,8471.086172500623,2036.2458757930087,1052.7722138574206,75.44799660983051,579.1249684577181,668.0640560664507,1291.903122324444,3217.7271347359674,1953.188696438317,4057.9559541724416,4216.598159610707,599.0771110496345,100.3532077922974,1366.515536318361
1923,7,13,1,4447.499665989453,7835.048000482863,1933.6630779249258,1410.8207965313804,73.0906805563154,518.4799650160938,563.6732152970319,1317.5568827551706,3969.7985667303205,2143.535574357249,3902.526355805207,4052.8943108292037,554.1301597528332,99.17264787744189,1300.2118323110979
1923,7,14,1,4529.784950691318,8216.67090369342,2528.764168943645,1410.8207965313804,68.3732718697697,412.35545465300123,424.502393448933,1282.2998396367962,3969.7985667303205,1938.748588458283,3974.1483147327644,4095.150765943766,529.9261127049036,96.81152804772346,1201.5169306482426
1923,7,15,1,4496.231727803266,8642.715520505346,2277.3683285131992,1410.8207965313804,68.3732718697697,735.2803329622822,626.3111129275704,1245.4225590175765,3969.7985667303205,1787.1274546677455,4309.503216169979,3777.641935699745,519.5426843077857,102.71432762201582,1099.3990844190394
1923,7,16,1,4250.0748991738365,7036.130211927413,2247.907878462983,1410.8207965313804,66.01595581625459,779.2483850233923,626.3111129275704,1192.5285556031288,3969.7985667303205,1562.8791414229142,3837.6189555270116,3664.283938981725,481.5060423363765,81.46284539722929,1056.992604513828
1923,7,17,1,3985.543686582114,7841.1055068831165,1900.4256470989626,1410.8207965313804,68.3732718697697,703.4378850616828,577.5852077285602,1157.2715124847546,3969.7985667303205,2456.4592779704044,3325.571686665937,4099.621222152458,501.3986312263536,83.82396522694772,1006.9161932654806
1923,7,18,1,4202.940609878588,7630.438895410586,1173.3115240081368,1410.8207965313804,66.01595581625459,682.2095864612362,577.5852077285602,1362.434086035067,2673.449144210974,1720.9983238045575,3894.692704047416,3716.4392614153726,549.806725322185,83.82396522694772,940.1053863594767
1923,7,19,1,4109.470917547074,7936.006440485612,2018.4185265317276,1410.8207965313804,68.3732718697697,803.4995933444848,591.5141660044543,1197.3386356839405,2502.6600142361276,1512.880267542024,4156.311804019272,3638.206277764901,516.0935177814239,83.82396522694772,958.7414178873305
1923,7,20,1,3781.8276904750614,7437.27174687212,1967.051587982087,1262.0677004173897,66.01595581625459,765.5943433635946,306.19956024805623,1256.64607920607,2317.0391966583434,949.995012951363,3750.454036762598,3336.769801985073,513.4946666139841,76.74060573779985,920.0748218601664
1923,7,21,1,3870.504065250884,7425.156734071615,2032.4688950172622,1262.0677004173897,63.658639762777874,703.4378850616828,361.86449581839446,1170.098392700219,2479.1390551081263,1064.4985055477193,3554.73708649853,3005.7431636816355,729.6184830547818,76.74060573779985,899.6005423244267
1923,7,22,1,3658.699345769086,8266.477067428346,1845.2817277738088,1262.0677004173897,61.301323709262775,741.3431350425024,347.95250338693654,1306.3333625666771,2674.6476644212557,1077.4125566617352,3412.73660543024,2704.3066879018074,521.279243843635,86.18508505666615,950.1206686091318
1923,7,23,1,4440.309689656215,7583.32495674244,2179.922224500244,1262.0677004173897,56.58669160227096,735.2803329622822,389.7054465258169,1296.7132024051548,1238.34104433844,898.3716269226783,3469.8103539507547,2393.9292997047996,471.1345902119268,99.17264787744189,940.6124892582174
1923,7,24,1,3380.587066770167,8957.705853314099,2038.814222720339,1262.0677004173897,58.944007655747676,682.2095864612362,389.7054465258169,1250.2326390983883,1494.4198687822159,787.0843401945317,2835.78193629097,2278.761832616615,465.0865725181252,86.18508505666615,866.1951388714247
1923,7,25,1,4246.080467877724,8957.705853314099,2072.2027327775004,1262.0677004173897,61.301323709262775,689.8008260407433,417.5294313887327,1348.0038457927328,1730.6631837447787,882.2413699403804,2872.7120088630677,2248.213715191201,475.45802464257486,93.26984830314952,881.4716136953136
1923,7,26,1,4018.298023210885,7462.1748287393375,1890.152259388941,1262.0677004173897,58.944007655747676,659.469833000502,396.66144274151054,1489.0657732139782,2200.7827362544417,816.1122390771922,2458.8962461699866,2537.9418532817785,392.4744313743368,82.64340531209221,828.0356457429655
1923,7,27,1,3505.3131839944094,6297.585570493948,2046.5192635027968,2062.438341455722,56.58669160227096,677.6752218802324,549.7612228655739,1370.4508861696183,1227.209787884681,662.8994115660951,2605.373099671331,2359.762241539056,360.48580709675656,82.64340531209221,809.9067171138166
1923,7,28,1,3402.955882028869,7075.8405316619155,2156.807102153104,2062.438341455722,51.86928291568685,544.2596108364025,292.27060197209175,1325.573682889823,1269.2628657654402,703.216849414977,2640.0649860269014,2167.213306268658,322.44916512534724,79.10172556751829,824.6760890389646
1923,7,29,1,3203.1344564357037,6410.187883910075,2165.8718560147095,2062.438341455722,49.511966862171754,181.9180276859439,327.0675488952784,1384.8811264119524,1682.4227452781734,669.3482325163124,2735.1879002277224,1926.127989304943,328.4971828191763,83.82396522694772,1213.8775638044885
1923,7,30,1,3265.547445438937,7032.764930593939,2354.2676571065786,2062.438341455722,49.511966862171754,113.7021638314566,264.4466171091759,1500.2892934024717,640.8187934685661,512.9027899232798,3046.0470969621915,1848.7465211227304,308.6165702018675,79.10172556751829,1213.4338487680948
1923,7,31,1,3904.856174398515,5173.918133262913,2256.821553093623,2062.438341455722,49.511966862171754,245.60292348714265,250.51765883321144,1221.3890360876958,1125.7700335813274,619.3493586353499,2975.544231142843,1729.9601132943167,275.76565429269675,88.54620488638459,1143.3268730204375
1923,8,1,1,4513.807225506574,7120.935301529978,1052.0704411082343,1209.1723919036897,35.2153586649505,439.86732963910725,7.016394621907741,516.7376204662119,2057.709386143824,2473.1966758564367,4595.7423645231975,3941.132905614259,729.1035033303501,269.9565722074371,1929.780081068596
1923,8,2,1,3933.0169150366387,5272.453570705464,1018.9840895132354,1209.1723919036897,32.505417006274186,218.4137186397664,112.26299258423825,440.5527029764035,2033.1397218316854,2473.1966758564367,4313.730901245581,3721.548354225131,695.186699154339,280.1759255726847,1768.0142563777838
1923,8,3,1,3584.4029236594442,8901.84218317892,637.8565133994144,333.0609346700898,32.505417006274186,71.4408669778211,0.0,478.6451617212571,1335.526051895045,2221.8075232945453,4542.025895327419,3454.917573212318,616.3948013174809,286.3103451064954,2022.3263600845016
1923,8,4,1,3800.2020744376514,8408.491939698988,652.4205512704617,333.0609346700898,29.79825192716618,60.21534267794663,0.0,452.147527592157,1581.1477875036758,1895.7564487903842,3477.6440057084355,3164.76367738756,588.4661334719851,263.8221526736338,1841.924503865836
1923,8,5,1,4041.765307076136,8568.006274903204,1191.0331178077429,333.0609346700898,29.79825192716618,42.864180533924824,17.54098655476937,453.8015200409535,2262.6563421137034,1885.582736349927,3273.7203726506164,3027.243929256325,562.5375031608471,257.6877331398232,1771.754140255831
1923,8,6,1,3512.8027426749163,6991.035442059842,1549.6196726523226,333.0609346700898,29.79825192716618,47.9674635174607,28.066596438296664,475.33717682366404,1613.0583881041305,1885.582736349927,2541.3361051440015,2907.4995665260044,531.6147671501074,241.3199226674693,1770.8667101830795
1923,8,7,1,3536.969052016928,8377.531351431027,1187.0597340317424,333.0609346700898,27.08858792644668,269.4295658362147,0.0,582.9985832630388,1826.6946155990738,1680.9598425871347,2994.195782946871,2771.89572819848,519.6504707617448,233.13601743129237,1362.2685495416088
1923,8,8,1,3096.0836976969945,6421.024089803714,1156.6172689795562,333.0609346700898,29.79825192716618,203.0953783696747,77.18101947469458,576.3657359937761,1942.951076002975,1680.9598425871347,2891.7365917031657,2679.506299887423,500.6920311393402,205.53814831580704,1541.782975687523
1923,8,9,1,3322.1685090627484,7165.357015131343,1185.7302367985544,333.0609346700898,32.505417006274186,155.12961311615817,0.0,684.0271424330496,1101.5599253321616,1680.9598425871347,2681.7201183892867,2545.7119319300637,479.7455302552183,228.02634074866853,1727.8263516544334
1923,8,10,1,3644.019810755637,6960.074853791881,942.2358401510539,755.6609413535186,29.79825192716618,227.58434363513504,21.04952318261183,475.33717682366404,1514.3302857766614,1694.0872134780682,2823.347568421618,2571.1509565457186,446.8347329827339,204.51340546462018,1592.239714109917
1923,8,11,1,2467.8595155845424,7536.884074341479,870.7753638749643,755.6609413535186,29.79825192716618,186.77506240567743,21.04952318261183,660.8374932016436,1724.9702127454998,1200.038609996847,2592.690044444526,2535.3873068768994,451.8168624097225,204.51340546462018,1592.239714109917
1923,8,12,1,3592.192064687219,7746.877629547315,1191.0331178077429,755.6609413535186,29.79825192716618,213.30194433673603,21.04952318261183,616.1121871874261,1585.4924232662077,1200.038609996847,2945.453060898944,2343.157689907137,443.8406648174625,204.51340546462018,1592.239714109917
1923,8,13,1,4043.462940377221,7406.31115860465,1214.8432046177861,755.6609413535186,27.08858792644668,189.8319374041807,21.04952318261183,644.2806912393994,1367.4965785061818,1306.7477261267227,1890.7699782179893,2268.7565258639843,406.94176874884806,204.51340546462018,1592.239714109917
1923,8,14,1,2481.6403035564845,7927.929765285275,1339.241843446014,755.6609413535186,27.08858792644668,436.8104546406746,21.04952318261183,589.614553058326,1765.7198998974836,1309.6685661499644,2477.9208290101947,2230.1190114896503,405.94773811798956,201.43917691106705,1302.4304074929946
1923,8,15,1,2750.0660866623916,7260.25794873384,1345.8591137650603,755.6609413535186,27.08858792644668,499.06880877587685,63.14856954783541,611.1502098409353,1511.3339852507168,1309.6685661499644,2136.100056280851,2291.3216857741245,397.9595642530888,201.43917691106705,1302.4304074929946
1923,8,16,1,3067.5235139290817,6100.7839181149375,1255.876323764786,755.6609413535186,27.08858792644668,500.0877671087113,45.60758299306604,742.0012655118171,1895.01026758898,1309.6685661499644,1718.6783269058008,2052.0458391804727,382.0071690686237,201.43917691106705,1302.4304074929946
1923,8,17,1,2927.8182793438255,4703.586414103158,921.0545319609602,791.7183088991027,24.379756899597698,456.2046282419628,45.60758299306604,582.9985832630388,911.1749899181907,1166.4325405159882,3107.7215615943774,2051.0878842786688,371.0369033111198,200.4144340598802,1456.7164644277118
1923,8,18,1,3090.890937012108,6507.51182007277,706.673103132458,791.7183088991027,24.379756899597698,361.2886595398371,0.0,316.3344945747845,1345.6984921804503,939.8705281517218,2319.2582949968405,1999.2518801455544,375.0250021072223,167.69285068847546,1172.485289696687
1923,8,19,1,2534.2669358841845,5887.290470322583,1052.0704411082343,791.7183088991027,21.67092587274871,289.84269777033734,59.640032919992954,611.1502098409353,1530.210678563736,610.9806596923698,1956.6721279257772,2018.0916598818192,357.07256938837185,171.79182209321544,1061.1762034282333
1923,8,20,1,3092.5885703128965,7000.458229793079,1098.3913333415594,791.7183088991027,21.67092587274871,253.10924987221742,38.590509737381126,539.9272696976177,2301.9078790026347,610.9806596923698,2315.5279846360345,1991.801119797905,347.09633426172644,167.69285068847546,1236.0633156233487
1923,8,21,1,3337.6469303357762,8558.583487169475,1236.0245128078802,791.7183088991027,21.67092587274871,284.7479061063064,45.60758299306604,556.5009491338376,1425.6248087081326,820.0012227036779,2424.204359814416,1928.576096276277,347.09633426172644,174.85201307346557,945.2398032089806
1923,8,22,1,3450.6893360186536,7897.642233284499,1241.3122858937384,791.7183088991027,21.67092587274871,258.204041536319,45.60758299306604,566.4249038268189,1723.4720624826075,820.0012227036779,1623.4310690263637,1853.21697733132,329.1439015428486,174.85201307346557,945.2398032089806
1923,8,23,1,2620.5466518824587,6331.844134467879,1151.3294958936976,791.7183088991027,21.67092587274871,263.31581583927874,49.11611962090849,516.7376204662119,764.4012086582334,820.0012227036779,3001.5320599898664,1877.6980470450687,317.1676288818453,174.85201307346557,945.2398032089806
1923,8,24,1,3129.7367813675683,7308.717999934885,784.7508497275941,738.9426730293006,21.67092587274871,259.2229998691534,49.11611962090849,793.342541321322,1319.5407885896368,817.0803826804364,1986.0172360974266,1896.5378267813337,304.20930186262416,152.36382064060405,827.4651549819135
1923,8,25,1,2958.8749826721055,5049.537335179382,743.7328385036907,738.9426730293006,21.67092587274871,276.57925680484334,49.11611962090849,743.6552579606135,954.7711625696538,494.04860348114875,2494.955912991218,1857.0487969387411,289.2509373089902,170.76707924202861,903.2136504778157
1923,8,26,1,2838.0434359614537,6904.884239923888,1422.6224710503382,738.9426730293006,21.67092587274871,375.5710588382361,49.11611962090849,732.0604333448601,1663.99549704407,551.0542115751747,2021.3308408465195,1840.9764424744455,288.2449304054634,147.24010638468462,728.3265382826644
1923,8,27,1,3362.7119867195916,5330.605632147306,1463.6404822742415,738.9426730293006,16.253263819050737,464.3732775434258,49.11611962090849,851.2997869260128,1306.4619367940697,508.66921281093767,2471.8279887541344,1829.6938625194775,289.2509373089902,147.24010638468462,728.3265382826644
1923,8,28,1,3172.8766393667056,7019.303805260533,1377.6159681271047,738.9426730293006,16.253263819050737,382.7207498068648,2515.3560949898892,856.278641746479,1512.8321355137691,561.2935608701013,2575.5306167847757,1858.8582673089063,273.2865658518569,145.20465825561396,877.9218934042716
1923,8,29,1,3303.0950996233983,7802.068243415309,1236.0245128078802,738.9426730293006,16.253263819050737,285.7668644390702,2515.3560949898892,783.4017091543649,1212.0035627159,561.2935608701013,2191.059962263564,1789.1404383414333,263.31033072521154,187.12085214107947,812.50561946976
1923,8,30,1,3290.2130586932594,5504.859899591795,1277.0425240317832,738.9426730293006,16.253263819050737,266.37269083778205,2515.3560949898892,831.4350000661755,1604.3691165792268,561.2935608701013,2476.6773922232596,1661.9453152634637,257.3341706673644,218.81769266130476,858.3350439413191
1923,8,31,1,3360.1156063769995,6077.832699421282,791.3681200466406,188.63998825777824,13.544155134244935,252.09029153945357,0.0,790.017678949652,1245.4272950821176,526.2106621640404,2447.3322840514998,1620.5403756171606,247.35793554074652,118.6146869033563,678.8206177954049
1923,9,1,1,3778.0329807436956,6851.039738589286,622.1442733725698,1924.2164379870242,11.796020638033232,68.76610135418721,82.02476805911769,339.86169328560067,198.89442890746807,809.5157352044546,1807.459713493219,1743.3714819200854,375.9950801927719,68.03029150271905,1321.9538690936
1923,9,2,1,2664.984700052891,6348.401318628669,735.6198837973955,1924.2164379870242,11.796020638033232,72.24754232461012,58.3285731456592,301.16164547793005,198.89442890746807,809.5157352044546,1615.8461046260259,1952.7378476894926,445.91255998782975,63.7390053437211,1304.0151040514565
1923,9,3,1,1983.1352777887116,7203.048166065272,720.6932557717997,1924.2164379870242,11.796020638033232,75.43858017022747,123.94906622671084,277.6513242410895,198.89442890746807,809.5157352044546,1377.230585212637,1785.0957398670243,379.95922644356546,61.901486998235534,1350.9855100451555
1923,9,4,1,2564.5247529531825,5687.863898503806,842.1307416721894,1924.2164379870242,9.43676097883523,77.76010690516037,63.7966648050094,272.334919941213,1461.2807849660583,809.5157352044546,1185.5796732417925,1597.9752157070202,399.74402887958337,53.933760390938374,1198.9180282922991
1923,9,5,1,2127.434108364615,6230.953000092143,940.6797240714193,1924.2164379870242,11.796020638033232,76.59849440574747,91.13881968619337,277.6513242410895,653.7777932429289,809.5157352044546,1139.8336338504157,2288.1285027679746,841.7044188892878,64.96588925047729,1539.0572976069216
1923,9,6,1,2265.8411527785747,5593.6360211675155,990.4452227721357,11.962956154421322,11.796020638033232,78.92002114068039,82.02476805911769,292.06468700934687,653.7777932429289,809.5157352044546,1415.528438250286,2503.0297190813208,660.9585118891462,78.44897840887985,1620.6374764380735
1923,9,7,1,2264.842544954547,6838.924725788778,714.710518223271,11.962956154421322,11.796020638033232,80.66074162594215,94.78477965390813,257.1620708443585,653.7777932429289,809.5157352044546,1269.6733031424635,2522.508135418754,592.3584220867967,87.64218516561256,1431.2345437671624
1923,9,8,1,2599.2763052300093,5987.508548432114,700.7810131225079,11.962956154421322,9.43676097883523,91.39716592609994,94.78477965390813,260.20001615854477,653.7777932429289,809.5157352044546,1812.3091169622332,2522.508135418754,592.3584220867967,87.64218516561256,1431.2345437671624
1923,9,9,1,2525.678908597425,6754.792692452909,738.611252571893,11.962956154421322,11.796020638033232,16.248309575133884,94.78477965390813,292.06468700934687,653.7777932429289,809.5157352044546,1677.644912936828,1996.2715760064946,534.309428498838,75.3845761566381,1344.0762330501486
1923,9,10,1,3644.6189754498755,6305.52763444075,872.9811206479799,11.962956154421322,11.796020638033232,24.083080196180187,54.68261317794478,316.3344945747845,1456.7713526745106,809.5157352044546,1739.4437212476303,2202.870516503932,522.4409422917663,64.35244729709919,1503.1163796603591
1923,9,11,1,1911.4352360216617,6476.820454311879,1043.2020902471163,11.962956154421322,11.796020638033232,78.05051002999595,56.5064414540234,333.0263163287322,1449.1607493388447,809.5157352044546,1900.095754120059,1934.2173862538632,405.02556512308536,67.41684954934095,1238.9791572909915
1923,9,12,1,2547.548419944113,6040.141548486864,858.0544926223843,11.962956154421322,11.796020638033232,103.87261244755602,52.86048148630899,316.3344945747845,1452.5016244252115,809.5157352044546,2157.23848165886,1596.165745336957,405.02556512308536,66.19136939991283,1131.1564034512326
1923,9,13,1,3610.766170214555,5859.089412748413,692.8191376471772,11.962956154421322,11.796020638033232,74.27866593470746,118.48097456734992,286.7482827095715,1461.2807849660583,809.5157352044546,1892.7594770770636,1432.1425782547171,311.3471603685752,63.7390053437211,1185.0994743022854
1923,9,14,1,1834.7421551344723,6418.062642230355,543.5075336223985,11.962956154421322,11.796020638033232,61.22071489966151,69.26475646435959,320.891412546064,903.2497750272038,809.5157352044546,1477.3272465610883,1378.3906643179942,302.11345414692045,82.73886081055716,1013.5719188111351
1923,9,15,1,2903.951552349082,6614.99890586241,740.5903904982284,11.962956154421322,9.43676097883523,60.35120378898921,80.20263636747154,302.68061813502317,1464.5018080313807,809.5157352044546,1707.2387084659306,1333.047465630827,283.6460417036384,61.901486998235534,956.9031698794804
1923,9,16,1,2992.52806634268,6852.3858511226745,386.2189461994258,11.962956154421322,11.796020638033232,59.189591289575404,85.67072802683246,321.6508988745599,1465.7902172574456,809.5157352044546,1507.0453857689174,1338.582316174766,277.0471154674005,66.19136939991283,1160.1880444027881
1923,9,17,1,2523.6816929493693,6551.395088660977,427.0405544230752,11.962956154421322,11.796020638033232,91.39716592609994,58.3285731456592,314.05603558919546,1459.0934855821617,809.5157352044546,1493.3675811126298,1338.582316174766,277.0471154674005,66.19136939991283,1160.1880444027881
1923,9,18,1,1710.3156202572009,6044.987553606772,781.4119987221113,11.962956154421322,11.796020638033232,67.6044888547734,65.62049308108801,316.3344945747845,1460.3818948082267,809.5157352044546,1619.4520713081047,1239.487203550876,241.4296805735448,63.126967147671074,1001.1478977925779
1923,9,19,1,3315.0783935120317,3933.8119618951514,949.6387224715827,11.962956154421322,14.15500263927442,139.56162805451888,12.759502619446156,250.34357136146562,1491.4535312615321,809.5157352044546,1675.1580393629574,1162.5314931028443,240.1122905808089,61.28804504485744,887.7470120669213
1923,9,20,1,1792.9004873066308,4381.461684867342,730.6342691734659,311.2685462531076,14.15500263927442,122.44312806319698,92.96095137776902,257.92155717295566,2051.566970065789,809.5157352044546,1697.4155578491755,1144.0110316672146,230.8785843591816,61.28804504485744,915.4475079093675
1923,9,21,1,3571.9203258587977,7460.155659939253,713.7133952984385,311.2685462531076,11.796020638033232,134.0490634739686,69.26475646435959,289.0267416952618,2050.0688198028965,809.5157352044546,1628.1561288166513,1101.435258251915,229.56119436644568,61.28804504485744,775.7406593127572
1923,9,22,1,2626.238716479656,7880.815826617619,480.7945448228885,311.2685462531076,11.796020638033232,94.29780064681111,21.87406322184364,321.6508988745599,1473.790339661505,809.5157352044546,1393.270919764068,1073.654566098471,232.19597435189004,60.674603091471916,923.6879300135197
1923,9,23,1,1892.4616873645361,7937.352553019003,552.4665320223285,311.2685462531076,11.796020638033232,59.47999441442884,54.68261317794478,327.7099120289568,1460.8912658976644,809.5157352044546,1452.5828545009997,1118.146249317379,245.3818505516701,66.19136939991283,898.8398879763693
1923,9,24,1,3281.225588276711,9103.086006918214,552.4665320223285,311.2685462531076,9.43676097883523,79.50082739042213,45.570258135322995,305.71856344920946,2010.8172829139655,809.5157352044546,1634.3733127513274,912.4626879484705,238.79490058810046,64.96588925047729,871.20277999627
1923,9,25,1,2694.942934774622,6230.953000092143,821.2213760978317,311.2685462531076,11.796020638033232,45.26382740771389,52.86048148630899,269.29697462712795,1456.7713526745106,809.5157352044546,1769.0375167767327,982.8723732338337,237.46553432272378,64.35244729709919,889.1415450384137
1923,9,26,1,2027.8729083064122,1330.8341561165546,816.2508693969986,311.2685462531076,14.15500263927442,38.29924720289513,58.3285731456592,253.38151667565185,2029.6939762269851,809.5157352044546,1612.11579426522,881.8932826362662,254.62753304596563,71.09469375496823,672.0381165250565
1923,9,27,1,2755.658290477067,2158.9625866459705,595.2672781725466,867.6146995312135,14.15500263927442,48.74526837817931,67.4426247727238,268.5374882985308,2048.121224461089,809.5157352044546,1745.6609051823061,817.0503797248749,245.3818505516701,70.48125180158272,818.6542421167094
1923,9,28,1,3187.656035162676,4226.120298516339,453.9175496228652,867.6146995312135,14.15500263927442,52.80751559835152,21.87406322184364,281.44875588377175,890.2308492423191,809.5157352044546,1782.7153214331306,870.7810057749091,259.89709301682683,71.70673195101826,773.0149812321555
1923,9,29,1,2466.960768543036,7126.319751663535,329.4886949484445,867.6146995312135,14.15500263927442,67.6044888547734,140.3533412047936,236.68969492170424,912.4633991442556,809.5157352044546,1778.9850110723248,1073.654566098471,251.98077678788053,68.03029150271905,807.5613662072615
1923,9,30,1,3023.3850481059167,7314.775506335137,350.3829525997058,867.6146995312135,14.15500263927442,67.6044888547734,140.3533412047936,316.3344945747845,929.2426820891619,809.5157352044546,1902.5826276939292,1073.654566098471,251.98077678788053,68.03029150271905,807.5613662072615
1923,10,1,1,2869.3997216367043,8385.608026631364,895.7034369946119,797.4745630610029,18.335976153244502,178.28374296555526,37.324857743004706,906.1346998468418,302.7611866368064,321.37444862425843,727.112095529886,545.0124754882545,62.73171619843394,23.247625148596907,606.564793514418
1923,10,2,1,2246.7677433389276,6021.565195525989,802.7443861431697,797.4745630610029,18.335976153244502,55.77098608296722,37.324857743004706,805.3424253122868,149.47344803374904,259.80707914561526,810.2482791045055,646.8750133842159,66.98449062033949,19.144442471865283,502.2347108895744
1923,10,3,1,2666.282890224187,2085.3975366971604,709.8004432148239,797.4745630610029,18.335976153244502,47.86556768417874,37.324857743004706,860.9874569834373,113.29461733408378,259.80707914561526,721.2679426312794,632.9420915340656,76.55353247651234,15.042663552461734,475.6371638518741
1923,10,4,1,3249.469859471671,1840.0685274905834,792.8940202800823,653.1014857061385,18.335976153244502,98.80669126956288,0.0,732.8874295693596,63.78824189533102,259.80707914561526,720.0866776836523,560.6803601050578,99.94558823800295,19.144442471865283,946.190621144079
1923,10,5,1,2460.369956904333,5428.468013323161,1001.3229274060151,653.1014857061385,20.955401317993715,92.21912564785428,15.552080612400024,732.8874295693596,90.4463276740318,234.27434276269594,672.0900177078641,450.9838799007457,123.33165586318692,23.247625148596907,1079.1149684703407
1923,10,6,1,2114.0527635221647,5843.407201734376,1261.859061313548,653.1014857061385,23.57482648274293,94.41498085506696,17.106660937396175,648.8882416325042,264.6782069530562,180.96080773181953,805.5729567856423,411.80352441544403,121.21185560220168,27.349404068000453,869.4279198507671
1923,10,7,1,2062.0252958890005,7044.20688712775,706.9752615946205,653.1014857061385,20.955401317993715,82.11785204186926,13.996821653626785,568.0451413276643,0.0,253.80130696303073,798.5475389394086,551.1008110867098,108.45113708186899,25.98214442819927,788.6083953677082
1923,10,8,1,2500.8135737783564,7718.609266346623,666.1385454478744,653.1014857061385,20.955401317993715,97.0489881454429,17.106660937396175,332.8406641151021,241.81643394063755,133.65632672625836,690.8161757191949,489.2914320310997,97.81860221341678,19.144442471865283,785.5657779754071
1923,10,9,1,2107.2622303187154,7884.1811079510935,629.5169398466724,653.1014857061385,20.955401317993715,77.28798954428066,93.31214435744798,335.99675174711734,167.56810690936356,174.20021172298053,454.30206447561267,561.5531634601075,94.62932080379059,24.61488478839809,745.694812563756
1923,10,10,1,2246.7677433389276,873.627034157102,616.856500286478,653.1014857061385,20.955401317993715,97.0489881454429,186.62428871496647,305.54978870955495,0.0,174.20021172298053,1134.586330609454,561.5531634601075,89.31305336955074,42.39206762046961,793.742812217212
1923,10,11,1,2641.317694622894,1465.6473263336106,845.0012470616822,398.5338380361176,20.955401317993715,99.68469369964112,18.662428871502353,243.59258177437377,168.51194157500652,174.20021172298053,804.3916918380152,525.8533774514564,83.99678593533838,23.247625148596907,873.5481309028252
1923,10,12,1,3054.1421690866314,4146.295825287709,956.2559927903957,398.5338380361176,20.955401317993715,82.55770238885482,29.549411241359678,350.69703157285824,167.56810690936356,174.20021172298053,783.3154382994244,445.7577037140979,82.93329292303153,25.98214442819927,832.5995718314173
1923,10,13,1,1955.274119497559,3534.016539483834,1022.4438039037233,398.5338380361176,20.955401317993715,70.26227183954329,0.0,287.6934212517988,625.5076977814515,64.5751783339825,790.3408561456582,229.845312782022,76.55353247651234,25.98214442819927,835.7055770860655
1923,10,14,1,2905.948767997138,5866.896865441681,639.3824136326227,398.5338380361176,20.955401317993715,83.87555516598923,0.0,496.6365489707166,0.0,213.25414012357788,828.9868714837198,434.4431919289947,76.55353247651234,27.349404068000453,799.8914348641615
1923,10,15,1,2497.0188640469905,6162.368566516776,550.6535812500541,398.5338380361176,20.955401317993715,98.3668409225773,20.21819680560854,245.70226602040955,307.51032297044253,179.46756929296401,240.03303735047515,454.4644493774982,71.2372650422725,16.40992319226292,742.5888073091077
1923,10,16,1,2384.375901493606,5426.314233269541,426.72328803804976,398.5338380361176,23.57482648274293,53.57513087574199,20.21819680560854,397.9370812082217,176.13752641338297,141.16518287589048,286.8608667465198,390.03666025684106,66.98449062033949,27.349404068000453,756.9144641978622
1923,10,17,1,1668.4739524293595,6072.7174717943035,416.8729221749623,398.5338380361176,23.57482648274293,19.760998601139008,6.220866176648882,397.9370812082217,0.0,141.16518287589048,188.51745126768364,468.39737122764853,70.1749696572325,19.144442471865283,763.0630868448117
1923,10,18,1,3037.7650007723946,6049.295113713521,522.4924125865989,511.6484208576073,20.955401317993715,51.81742775162894,35.76908980889853,470.3920769511489,376.06567900243743,141.16518287589048,201.38702201241347,405.7151888169887,76.55353247651234,32.81984638453326,657.7124596363019
1923,10,19,1,2573.911666499224,6180.473780090522,818.2451152466638,511.6484208576073,23.57482648274293,109.78426904180388,13.996821653626785,312.89148988538693,0.0,0.0,297.405210699757,391.7822669669405,87.18606734496456,39.657548340867244,682.2435623617528
1923,10,20,1,788.0613504304205,5956.480654537631,854.8516129245362,511.6484208576073,23.57482648274293,51.81742775162894,0.0,192.15004112111674,202.78961959108412,102.87100106560753,174.46661557521614,309.06818316443287,86.12377195992455,36.92302906126488,675.0807339173576
1923,10,21,1,946.8300083768039,5497.792808791744,525.3024862837059,511.6484208576073,28.812566180414038,28.104569083039728,26.437875373147385,259.33926498619536,429.3848468602299,147.92249704199878,221.2944449713713,464.91680175089596,79.74401151340535,36.92302906126488,663.8610822832514
1923,10,22,1,950.6846345775041,5576.742308874113,511.22190195174494,511.6484208576073,28.812566180414038,12.295770202128509,0.0,250.95116042428262,79.02143376887437,96.86358796162153,207.2436092789038,482.33029307769675,86.12377195992455,35.554365664135624,673.052322322502
1923,10,23,1,1502.0060281595006,6450.369343031214,430.95350650668985,511.6484208576073,23.57482648274293,18.004993740914102,29.549411241359678,406.3420632440088,84.73388072145309,84.09886069152722,188.51745126768364,410.93072106039426,85.06027894761772,35.554365664135624,564.6273837905176
1923,10,24,1,1964.8607546086437,7541.595468208343,530.9377416010162,511.6484208576073,23.57482648274293,20.200848948139328,0.0,341.2456461509904,31.4177091640515,84.09886069152722,214.26902712513754,459.6906255641461,88.24956035727139,45.12799065740005,499.1603995660996
1923,10,25,1,2832.750814494046,4844.995535733627,449.264309307291,573.8662283149847,23.57482648274293,18.004993740914102,76.20548342007783,268.7906504080632,286.56618229457086,84.09886069152722,214.26902712513754,602.4684817121644,448.69105524518295,32.81984638453326,656.6982538388562
1923,10,26,1,1874.3868857492141,6647.709440423385,915.4192766436497,573.8662283149847,23.57482648274293,21.956853808364304,181.95868149708699,309.75227972744847,281.80206445838434,86.35184572069714,235.34528066372826,551.1008110867098,324.2935111151555,35.554365664135624,546.2132097808427
1923,10,27,1,2946.292524088937,6475.945481165617,835.1357732754983,573.8662283149847,20.955401317993715,30.740274637265205,108.86473394523395,162.74779372220712,115.19876631827674,215.50220238861561,243.53952908959494,414.42193448049113,197.7641904514472,34.18710602433444,557.4645553461226
1923,10,28,1,2930.015216556925,5673.797022529739,401.37219307146813,573.8662283149847,20.955401317993715,22.396704155364556,370.143827899539,192.15004112111674,227.5390619347887,115.63572833570184,258.75919536180584,470.14297793764587,158.4221347599977,46.49525029720123,557.4645553461226
1923,10,29,1,4069.2270222377965,6092.97646542167,419.6829958720692,573.8662283149847,23.57482648274293,16.687140963801298,272.16607632421153,180.60584892728994,299.8997196346165,135.90931175542826,241.20186793021858,720.0095481682736,131.84678572518754,38.29028870106606,551.3286102716496
1923,10,30,1,2900.1568426177164,6163.378150916574,363.34555062182915,573.8662283149847,26.194251647492145,18.882996171026594,139.96821653624247,245.70226602040955,306.56648830463934,144.16806896718273,201.38702201241347,625.9809525807647,161.61979956049166,42.39206762046961,454.15501730494486
1923,10,31,1,2450.7833217932484,8024.849867688345,329.54912664083037,573.8662283149847,28.812566180414038,18.443145824026274,60.65289383238264,77.69882690467217,282.7608806265777,144.16806896718273,192.0239430068034,615.528600207265,195.63241391779374,41.02480798066843,494.05133786151316
1923,11,1,1,2311.477530337782,6514.04046585966,1779.864420738634,2558.60112221917,125.92621316183003,703.3529718672506,105.19671837974523,1072.3271860058744,52.8322690224728,366.33569392573617,477.00722020509187,829.7060283725856,56.84418055824926,27.654019408697387,70.42391505935716
1923,11,2,1,2311.477530337782,3831.5074093590133,2715.6491777249357,2558.60112221917,118.21565170058415,357.756270652739,88.76020829728326,652.213104004174,609.9718795546385,607.9121367466082,722.250257692988,761.6592985116998,52.889615325590306,23.702442523642777,62.64685822890342
1923,11,3,1,2588.0918976006583,4043.4528277379204,2318.612958583783,2558.60112221917,133.63677462303755,349.65555190684995,52.59920748210795,596.3824201192922,569.1472848897425,502.31884714249674,893.4342001506599,790.0999151531033,49.42967015382698,21.727355959783218,70.42391505935716
1923,11,4,1,2227.594473117353,5042.874078138956,1378.4620118207395,2558.60112221917,272.4129980270032,338.8545935789744,98.62245366361674,534.6952527677201,569.1472848897425,401.53345712715475,593.3804690946545,761.6592985116998,47.452387537483766,23.209723700679508,52.41035233967706
1923,11,5,1,2122.241347679432,5390.911473642278,2148.7999029087173,2558.60112221917,256.9918751045882,338.8545935789744,59.17347219820536,712.4319311205796,1258.3563318512192,324.75474662864184,575.1019483266957,700.7227228111396,50.41771264835145,22.22147854008198,54.867265883947205
1923,11,6,1,2642.1165808821756,6691.660014638114,2646.3038106832832,992.7444157796062,187.60515169238232,338.8545935789744,147.9336804954956,508.2482510604457,930.561054320648,275.149693874424,524.1334744301247,778.9237746315782,50.41771264835145,22.715601120380747,68.37648710576885
1923,11,7,1,2600.674356183827,11190.23348990888,2163.605667549308,992.7444157796062,156.76568242710619,338.8545935789744,147.9336804954956,791.7560587683265,573.9413657310298,331.154339937971,818.4176587947153,567.6947187752845,50.41771264835145,22.715601120380747,91.31021570024542
1923,11,8,1,2841.3388417808055,6759.504086319773,1509.8102952763688,992.7444157796062,143.91567218493216,356.3976595423166,105.19671837974523,683.0482489429724,633.9872282695273,411.1328470911123,1589.7339321002755,508.7911362553239,44.48706242661609,20.246391976222423,3452.1029830178604
1923,11,9,1,306.39285257600847,6766.234648986721,1858.1234624111607,992.7444157796062,136.20511072372466,348.2969407964276,124.92120911248269,506.77991082527933,1127.477924881047,340.75372990200077,3189.042327460074,543.3200884950807,49.924290214722625,21.233233379484453,4219.856771675853
1923,11,10,1,2321.363747795837,8875.592988778313,1806.454365399591,992.7444157796062,138.77622340396567,342.89646163245453,128.20918976275814,483.2864670624143,876.5227743364301,332.7460336585307,990.5714819463225,585.9703695137906,47.94700759837941,22.715601120380747,1313.1429562283959
1923,11,11,1,2104.1665460641098,7199.682884732288,1602.799561974004,992.7444157796062,177.3262541304877,357.756270652739,111.77098309580323,665.428166120773,876.5227743364301,283.15739011789407,869.3861326912862,377.7854814566223,46.46314741569248,21.727355959783218,780.4313611258674
1923,11,12,1,2383.4771544520995,5581.049868980862,2095.771092817767,992.7444157796062,197.88404925427696,371.257468562601,134.78345447881614,496.50152917901323,877.7362760494225,303.9478637664412,594.3379154205958,632.6866368935981,43.99244236572045,22.715601120380747,479.88415062862634
1923,11,13,1,2122.241347679432,5051.219975845875,2751.0017177855693,839.419824676327,205.59461071548446,377.99957619806753,95.33447301334127,578.7623372970928,877.7362760494225,268.7501005650948,677.0513304877214,843.9156927498921,43.99244236572045,21.233233379484453,394.3041976838541
1923,11,14,1,2656.5963943308784,4662.664593088801,2235.9726192116514,839.419824676327,179.89459023117482,432.0043678375157,98.62245366361674,705.0902299446464,899.3396028410374,399.94176340659504,414.4996529258018,1131.3447390761596,41.52053968848159,21.233233379484453,354.5917019280349
1923,11,15,1,2120.343992813898,4763.4211162114925,1477.343368528558,839.419824676327,156.76568242710619,432.0043678375157,167.65817122823304,540.5686137083859,872.9272137054247,321.5549499739411,474.12244685949497,1060.2325535293578,43.00320224392917,14.813851107607015,289.48602851896663
1923,11,16,1,3165.686663033466,5629.913753942022,1536.324700321844,839.419824676327,141.34455950465278,402.3017324358051,184.09637789511746,521.4801906510202,870.5301732847009,278.3494905291247,525.1033551239497,1008.4391251697226,42.50977981027287,14.813851107607015,259.59231263957685
1923,11,17,1,4497.629778756786,7595.4399695429465,1771.1018253389575,839.419824676327,131.06566194275814,402.3017324358051,818.5680619929208,524.4168711214542,274.9704992593456,319.94684703980016,603.962116151543,1003.3619641899971,893.6814422381086,636.028408826737,259.59231263957685
1923,11,18,1,8197.671488441996,5565.502269220359,2024.9149334657689,839.419824676327,125.92621316183003,402.3017324358051,818.5680619929208,323.16987153165303,876.5227743364301,340.75372990200077,496.24318729910243,847.9816791110918,893.6814422381086,636.028408826737,232.1643846052159
1923,11,19,1,9030.410552920783,4856.908631654076,1871.4184347416392,839.419824676327,118.21565170058415,402.3017324358051,729.8027639422996,531.7585722973874,272.5584773360714,348.74501693188967,544.3268878499659,727.1303462719432,223.9203699431166,121.97107068032007,232.1643846052159
1923,11,20,1,8668.115634353871,6865.173920189385,1893.4760024715608,1953.2968904051506,118.21565170058415,402.3017324358051,558.8549154792981,452.43444464953933,883.7288771011519,369.5354905804368,742.4436711128293,847.9816791110918,237.75296486659644,107.6513421530044,239.1243718901291
1923,11,21,1,5368.11621898478,11618.29727552089,2128.253127488908,1953.2968904051506,113.07620291965604,402.3017324358051,690.3571756456696,380.45201817772573,443.06295876085767,382.3346771990951,729.9471314040585,843.9156927498921,630.718423420056,344.67857490414025,212.50780849369607
1923,11,22,1,6623.36625382091,8736.27034157445,1555.5117626622728,1953.2968904051506,115.64731559989706,402.3017324358051,2199.282413284401,550.8469953547531,505.5058617200791,366.33569392573617,718.4080380213394,864.2349806123424,1997.8818053116904,1699.2482484379875,205.13580010359857
1923,11,23,1,5987.153209115938,26866.38699727535,2036.6991134859022,1953.2968904051506,113.07620291965604,402.3017324358051,1604.2563174831573,572.8889763564273,55.23380389396089,388.7342705084242,574.1445020007544,486.449499155618,630.718423420056,487.88989775059997,215.78496097665277
1923,11,24,1,3560.4363358821793,16350.555886584852,2342.181318624283,1953.2968904051506,110.50786681896892,402.3017324358051,736.385511580611,455.3711251199733,570.3458051000242,374.3433901692062,594.3379154205958,466.1408552366141,369.7314895910521,243.4536338096611,180.16098234175402
1923,11,25,1,3611.7647780385832,13558.045436107845,1750.4039706881838,1953.2968904051506,110.50786681896892,402.3017324358051,371.48412960942585,401.02565894423344,262.9553341506259,283.15739011789407,683.7783235050773,582.9262017145629,276.3165628350781,174.31858528792134,214.55523644724855
1923,11,26,1,3459.4770848704566,15070.402867349487,1633.7708043347995,1953.2968904051506,113.07620291965604,402.3017324358051,371.48412960942585,374.5786572370601,870.5301732847009,247.95962691654765,622.228202551618,465.11903667464196,276.3165628350781,174.31858528792134,156.00386800412943
1923,11,27,1,3040.4612418972106,14330.714030262196,1458.156306188129,1486.214562059829,256.9918751045882,377.99957619806753,246.54765123692954,339.32161411868594,796.0870867193102,259.1671198147185,656.8579170678801,656.0394486118298,189.30894195276025,116.0458109887414,164.19357981841102
1923,11,28,1,3253.164708420812,12396.3503198088,1000.6430708664415,1486.214562059829,596.2149307044484,376.657947726574,223.54196619167695,393.66708029442583,1675.0818089896968,214.36996664927003,663.5849100852361,396.06113219512844,168.55406143122016,103.20704644498652,162.55183418382248
1923,11,29,1,3303.5944035354128,16187.676270047165,1233.8187560348645,1486.214562059829,382.9180882664182,376.657947726574,289.2846133526799,403.9623394146675,0.0,179.17220344792364,663.5849100852361,721.04201067359,154.7094902350721,104.19388784824854,169.51182146869985
1923,11,30,1,3421.629848338727,40172.709389643256,1778.3536284282884,1486.214562059829,251.85242632366007,376.657947726574,197.24490732730396,449.4977641792065,261.75681394034416,185.57179675725274,657.8153633938214,762.681117073672,139.39183750161112,85.42986361291499,169.1061391497359
1923,12,1,1,34285.20242324787,3841.73786461248,15609.506149794692,1405.076509633982,2846.8270313942735,809.6133433414207,155.10853610436547,1160.6132523304,206.32525421156757,324.9844756192128,649.384861978385,1110.269731235651,310.2812721017622,30.28044937385244,193.63724187518673
1923,12,2,1,65645.48252984119,3107.2315607791825,27188.218415767074,1405.076509633982,5425.436476489268,909.7939300964418,457.721516840198,893.324697105353,339.9153131576243,235.0127573753692,742.85400525255,2173.599672280958,512.0934427126257,23.397827182945836,264.70137434416336
1923,12,3,1,24589.719059506933,4821.505872026322,13150.540585585826,1405.076509633982,4311.472753680925,942.111891885636,129.2559823639642,1170.469697127479,316.16963149008484,230.5166328451492,1157.3287894425844,2035.2284086814636,1010.1746464118854,23.397827182945836,190.79746564236748
1923,12,4,1,15737.060699267586,8614.447157304654,6761.248826188066,9524.027675897903,1778.2603845279032,811.2266940350693,82.11638361898797,1277.3884947122322,976.7190639216906,265.3862117742927,903.9661097361238,1071.1000196935918,443.2658037297447,23.397827182945836,147.09153455914856
1923,12,5,1,20921.832521756256,6653.497724317058,8999.789792327283,9524.027675897903,1964.4855761748522,681.9378642391517,0.0,1183.1278026031878,632.3392629803299,201.29182339915258,996.2042505911269,914.1550749417463,296.29298563367786,26.150595307842863,196.83832892331978
1923,12,6,1,14826.330363730312,5597.001302500989,8844.178184368715,9524.027675897903,2521.439671783331,882.3330030269105,13.686007383694086,1135.2970413789828,583.364730884909,275.4942873603526,535.0011119478967,771.9307038481423,265.9570869832967,28.903363432739887,246.93375653036406
1923,12,7,1,10462.414172614022,12727.494003018228,5916.715924742608,9524.027675897903,1633.9893101581895,711.0291246411899,59.30580578474875,1266.131219575889,111.32754603884759,383.45050372485946,853.5447480257734,748.3863011495091,241.46560939152204,27.527681248955414,210.3399436016698
1923,12,8,1,8349.360016915884,22615.363616891304,4621.664756372153,9524.027675897903,1194.4567644938077,728.8099475488294,56.26382987869389,1385.7081226363507,657.583094910922,987.3095647088805,627.2392528030101,658.1469493959419,212.30338546191294,34.40889968253394,205.0090243789044
1923,12,9,1,7591.416678458754,49602.227685904036,4095.757953164122,9524.027675897903,936.0960356620018,683.5681975716586,36.49522795044425,1163.431790483005,350.31247598240753,671.3173381499632,782.2087795590996,605.1826872674122,191.30897948714562,53.6782765568057,294.5443799336826
1923,12,10,1,6087.613156215646,47623.44226184879,3415.2970966149765,9524.027675897903,759.9498278480294,772.4383468324223,59.30580578474875,1102.9429237830914,522.4948857018126,489.15865782425635,626.0082503839586,576.7420706260089,170.3025972397101,59.18381280659975,525.4853787957505
1923,12,11,1,5816.291410420177,25486.62165057062,3456.6928059165243,14237.45442050639,639.1686166263122,925.9614023105033,0.0,1216.8996280123185,283.50995575810396,477.9183464989231,883.0639373476841,523.7778084974793,142.31404803090064,53.6782765568057,1990.75920463935
1923,12,12,1,5801.512014624207,21922.115662205466,3231.886910147037,14237.45442050639,617.37246701503,1106.9453848580451,57.78566612394277,1264.7303892365237,863.9083491224895,473.4058127551218,931.023294219821,559.0837686020849,174.97334357751706,57.80813062281528,1113.1542505467419
1923,12,13,1,5756.974105671549,21290.115827787875,3445.664022051447,14237.45442050639,677.7630726258886,1089.1815445891932,30.41297272277736,1081.8460813235433,280.5436182375805,471.157750490084,983.9066607682745,528.6740224402495,187.79993159747005,48.17274030701165,770.9865696372642
1923,12,14,1,4104.877321556426,15457.4102206936,3251.225051718663,14237.45442050639,535.1579459971965,1061.7036348808742,0.0,1285.8272316960715,565.5517242585768,466.661625959864,1017.1188573474503,519.8501933998575,171.4762719605097,42.667204057225014,572.3860581408821
1923,12,15,1,4489.541055382041,12212.605959004062,3209.8293424171147,14237.45442050639,469.7417313676575,1018.0752355973519,19.76860192824956,1011.5007698265506,1027.1917462800038,386.83080172924286,606.3370804145704,491.4095767585561,151.64356443384628,55.05536249791825,489.60150992527895
1923,12,16,1,3320.7704581092285,11048.218617638238,2696.764273846436,14237.45442050639,424.4279528127632,850.0150412377163,9.124061475277534,1313.9619808000937,935.1603756278186,411.55948664509174,595.2704930107695,464.92744569424025,145.81111964793547,2205.0220145777707,411.43793687425426
1923,12,17,1,9792.148601108982,9554.706761863561,4361.204162080102,14237.45442050639,523.4130144231984,858.0817947058182,126.21570304239917,1222.5198268435531,564.0685554983951,369.9621301344162,1015.8878549283987,451.18611482449165,164.47015245379927,543.675214060327,360.6262264227668
1923,12,18,1,7342.763330269254,8428.010571432646,5592.046657263799,4463.5502645712795,1454.4834410665967,749.8174718438369,447.0669665389883,1087.4662801547777,564.0685554983951,360.9698810740484,1121.6545880253054,569.8767271628067,247.29805417743282,242.24640250552764,359.2063383063572
1923,12,19,1,4457.286022664986,7465.540110072811,4786.492197423521,4463.5502645712795,1095.471702883334,885.5597044142078,558.0914524800266,1143.7357783628222,984.1349077232396,341.8531472141117,847.3897359304053,496.30579070132626,206.4709406760021,162.41472312620806,317.2816061549334
1923,12,20,1,5398.4738968360025,8555.891262102698,4196.376721028732,4463.5502645712795,880.7588048654779,856.4684440122402,226.57885234446755,1170.469697127479,881.7213557488218,392.44275278515505,1210.212155991038,479.63737540923944,212.30338546191294,122.49747967921651,297.0291841374084
1923,12,21,1,7375.9171100278145,7998.600673287248,3953.7434759979633,4463.5502645712795,770.0288116810444,534.8851941745235,342.1501845923328,1079.0275431709383,860.942011601966,331.72866241447053,824.0255587038628,446.2899008817215,169.14089879160622,101.85242062116026,331.8481369205638
1923,12,22,1,11762.601559532599,7118.243076463198,5303.032088307551,4463.5502645712795,1556.8281639546908,694.8786350659866,878.9495023144467,1135.2970413789828,1429.445091878676,324.9844756192128,563.2892988507558,577.7213134146036,166.80552562270273,92.21703030535664,540.7681924058598
1923,12,23,1,14845.303912387439,8268.49623622843,9184.106454181243,4463.5502645712795,2920.6840479114603,769.211645445125,897.1877850752034,939.7546279902939,903.9838686560195,315.975817345336,860.9183281723093,834.6980378055566,297.45468408178175,118.369029370535,425.2945235816977
1923,12,24,1,12321.821941002818,6988.343216993063,10004.91991635547,4463.5502645712795,3261.3703609438317,704.575721866666,334.54948628827924,979.1466522306595,857.9606925787319,296.859083485327,922.4187116542338,1490.8971455677552,654.3955144708855,487.2441693786242,332.9130530078799
1923,12,25,1,9729.33616897596,7336.986363136066,7329.306734852701,2698.498442699827,2058.417262970953,817.6970794484515,475.9597996009546,939.7546279902939,2035.0873171734934,297.9913192246727,822.7945562847007,911.2067026327195,373.2764662987324,196.82081529408583,348.90581067617615
1923,12,26,1,9118.687484567112,8792.13401170914,9943.279590096041,2698.498442699827,4017.9882933099334,531.6584927872261,3388.0791323991116,581.0070413348319,1450.2394175282425,291.2471324294871,810.4969664619588,1024.0005703529807,386.10305431868534,133.50855217879717,317.2816061549334
1923,12,27,1,7134.35387738933,12335.775255807248,7363.14848260299,2698.498442699827,2617.0650721161455,777.2953815521558,3388.0791323991116,977.7289444174197,863.9083491224895,447.5448920999273,1110.5880006216153,888.6521866660254,372.114767850601,114.23917530452542,711.6555304873549
1923,12,28,1,6226.319782976873,28575.27685838942,5851.6007761695955,2698.498442699827,1580.3180271026486,1005.1514474093752,790.7440771299345,723.0984946680815,276.09411195655485,651.0847777642622,1419.2587486110915,669.9191507452585,274.12490493811094,111.48640717962839,663.3539793845106
1923,12,29,1,5545.06952540723,57621.69310345883,4325.700542788504,2698.498442699827,1197.8164257714666,1081.0978084821625,710.1563160939119,792.04297582581,863.9083491224895,651.0847777642622,2932.0239435999993,634.6131906406529,249.6334273463363,112.86349312074096,458.33861621935006
1923,12,30,1,5483.954726574995,76055.35813543467,3938.63555289521,2698.498442699827,979.7161006802588,914.6509648161754,507.90648466014756,904.5819722417975,865.3915178828314,651.0847777642622,2221.151132507463,596.3588582270204,227.46534665076942,132.13146623768463,541.8331084931759
1923,12,31,1,5177.781567720178,123842.35307008833,3855.6930550609163,2698.498442699827,827.0597560142444,817.6970794484515,11719.835672859228,828.6164619135704,868.3578554035151,651.0847777642622,2259.3246418664958,518.8709506113647,209.96801229303694,132.13146623768463,639.9004703188525
1924,1,1,1,2745.8521961938836,19982.45299858764,1022.721392394654,1867.751596104115,31.253084098132483,609.9546587445849,14.488769727713782,237.306924061161,1282.8733806319183,239.79872200666523,980.0680033523997,372.3576360955578,56.964880769308515,67.97857025084159,314.91088423968074
1924,1,2,1,1523.8922846384185,58402.3293841517,1650.1946954996051,2168.960262064584,30.652086388527653,585.46575101205,38.63574261262677,323.9076565108384,672.177391641044,236.60214823909845,643.6054862970562,372.3576360955578,57.96431030351861,66.96396472470936,336.12676555054077
1924,1,3,1,2531.2615990675768,39238.080374310026,1650.1946954996051,2168.960262064584,30.051088678922817,634.4435664770981,531.2353567910441,405.51255201198245,1047.2578203619864,206.76374711248627,368.5649372036024,372.3576360955578,56.964880769308515,65.94935919857713,342.6496607361637
1924,1,4,1,1870.990770908053,24470.496187179928,6816.624170632165,2168.960262064584,30.051088678922817,375.77031354196885,1068.272081440726,299.75955492413624,667.4511209864717,533.9503359498322,608.703629097595,411.7246424459836,60.962598906173625,71.02238682923827,474.8206480329114
1924,1,5,1,1552.6624800244645,21081.094041243483,3737.0231924338023,2168.960262064584,29.450090969317984,834.196800688106,823.9016686620794,343.89100430490754,680.0644804338411,636.2741101753428,547.2650964194846,453.0977131232882,55.96545123508606,164.36027253308717,522.1281100862852
1924,1,6,1,1737.4516919660518,21700.786407559786,2605.361424276083,2168.960262064584,29.450090969317984,675.7765412847245,322.6107459695538,157.37353288485212,1049.6508687946703,339.98402179532906,411.84854084015575,447.0313745988775,53.966592166653506,104.50436919159296,447.08187153642837
1924,1,7,1,1349.3118517047612,21750.15173165629,1858.3832427762998,2168.960262064584,28.84909325970802,587.0005847501723,158.40468905545816,345.5531706167406,744.6767881168381,325.05925228819,332.27164383670913,330.98456541831433,56.964880769308515,84.2122586689528,447.08187153642837
1924,1,8,1,1413.9674520884316,20879.43144067928,2400.080538274182,2168.960262064584,28.84909325970802,573.226185151325,150.67929852319867,517.9142143471607,667.4511209864717,331.4523998233487,517.9455486059717,366.3073460857386,56.964880769308515,78.12462551216166,337.7574893469465
1924,1,9,1,1142.8676539888718,18709.457832528115,1902.6766161959813,1994.3048584569285,28.248095550103184,446.1771452743489,143.9208026340203,279.7762071300671,754.1293294260491,299.4866621475806,541.6827870335361,366.3073460857386,55.96545123508606,74.06620340763274,416.08164744713395
1924,1,10,1,6340.889191683905,16374.583035373758,1665.6053002561282,1994.3048584569285,28.84909325970802,408.6763668064964,103.35029407391265,842.6622920269339,999.1974310051918,204.6252726756394,591.9401362234698,366.3073460857386,58.963739837741066,64.9347536724449,417.7123712435618
1924,1,11,1,3585.85940628093,14533.361479183079,1918.0872209525041,1994.3048584569285,28.248095550103184,420.9257086783062,92.7251962735992,572.0373376249667,693.4555806218846,228.08166415478394,484.4516922902219,355.2017739722438,59.96316937195116,68.99317577697381,380.17278001108104
1924,1,12,1,3225.355452627045,15346.313837706299,1677.139023312877,1994.3048584569285,28.248095550103184,427.0454916086686,71.47597733420479,437.1497400149514,657.9985796772606,228.08166415478394,555.6468428565765,524.7382823643414,62.96145797460617,61.890937094050436,327.97314656848994
1924,1,13,1,3296.3013107832217,10153.08174276737,1459.3551938292458,1994.3048584569285,28.248095550103184,433.93757941362384,71.47597733420479,256.4591886993298,512.2120749499323,228.08166415478394,455.1321444767091,378.42397462002964,58.963739837741066,51.74488183273036,378.5420562146753
1924,1,14,1,4622.926986914841,12609.164165468977,1281.0186356406912,1994.3048584569285,27.647097840498347,287.756885870946,43.465332521869946,325.5698228226714,582.3483360984403,228.08166415478394,862.7898120983483,471.24858315280693,58.963739837741066,50.73027630659813,406.2808327111583
1924,1,15,1,8391.616344519647,12330.827763648647,1242.4436627280975,1994.3048584569285,27.647097840498347,358.9360224779403,45.397168485567214,311.4133951330361,513.7874985014786,179.05268253503,143.79830201636193,380.4300389469084,68.95803517991617,44.64264314980698,391.60431854348457
1924,1,16,1,5903.458479041072,11468.510081028928,1173.0474803025327,1390.5981907909847,27.046100130893514,297.70886514110407,33.806152703405125,333.89933040787304,1010.2652800064129,192.90821482375813,294.57034958616316,326.9563882499654,102.93733800276304,55.80330393725705,403.01938511834686
1924,1,17,1,8921.441663133355,9450.623684136108,1137.3801686648067,1390.5981907909847,27.046100130893514,340.566897675768,56.987207606475266,364.7054352549094,541.3673816883714,191.83897760532213,653.3786689015802,508.5934766617014,367.7718498244241,49.715670780465906,445.4511477400227
1924,1,18,1,9309.58150339448,9469.214455125748,1380.266807154321,1390.5981907909847,25.844104711678714,364.29327654477333,39.601660594475405,223.99091754042814,893.6141399472586,170.52106056302446,523.5444227081998,449.05348744034774,337.7889637978988,49.715670780465906,845.209085265558
1924,1,19,1,10679.001556175699,9401.153327435373,1329.188890760072,1390.5981907909847,36.662063484591386,306.1260106731183,28.976562794161953,327.2413271475066,515.3629220530248,192.90821482375813,596.1310094419864,449.05348744034774,159.89571206937833,55.80330393725705,1419.5533007519978
1924,1,20,1,6370.69057686879,8312.595414808098,1082.4253705708588,1390.5981907909847,302.31568471598735,339.8043688122385,49.260840412961755,246.46751480226294,520.8769044833371,160.93133926029907,1856.739047692449,792.1546813929532,140.9091536003254,53.77409288499482,812.5616654223167
1924,1,21,1,6816.3708079018415,9260.09453964502,1079.517709296066,1390.5981907909847,322.74599724673925,405.6164753413151,119.76796978155582,310.5823119771034,895.1895634988049,139.6134222180014,1831.7263261114103,2054.5308410033253,125.92291594922467,52.75948735886259,647.7762021974099
1924,1,22,1,6975.586512833702,9328.050634731162,1232.8483805212354,1390.5981907909847,251.22787140291987,287.756885870946,447.20342235408265,392.18720747824744,537.428822809539,197.1740258097609,1218.7986943626806,1357.254978013864,137.91607035983233,52.75948735886259,571.0827678936062
1924,1,23,1,15261.609021958322,7179.608710493929,1508.4946693736076,2590.672230343853,330.5607722695469,303.8286480714666,1133.0247226909835,566.2104175205328,558.7070117903799,165.19715024630185,1320.70482890998,875.9118791682363,631.6186441767179,48.70106525433367,685.2993214723274
1924,1,24,1,15273.983299543564,6254.796628220168,1494.0532850420657,2590.672230343853,160.47059965999773,280.8745740770539,617.2010805142324,696.9425993509494,517.726057380311,187.57316661931938,804.1507164713814,1122.1281903905324,1060.3452848640911,52.75948735886259,572.7134916900119
1924,1,25,1,10003.778475933916,5993.16041050929,1412.0572370922728,2590.672230343853,111.78918358258865,179.84927567071335,384.42363684025617,698.6047656627824,1274.9962628743199,137.48608566884553,1153.1858531822745,1122.1281903905324,597.6406426944147,57.83251498952151,528.6674772294494
1924,1,26,1,7761.043782565207,7695.633896207623,1777.453337293986,2590.672230343853,96.76724883898072,205.10071226677772,914.7018656007809,498.77128772199404,895.9772752745448,186.5150672885995,936.7843997158463,1604.482345656834,314.80728987305554,52.75948735886259,492.75860979339654
1924,1,27,1,7339.080916903973,7793.524283564541,3840.148245647281,2590.672230343853,90.15567243400751,174.49202160388037,2234.1126223218935,284.77204407860046,1276.591628496065,218.48080496436756,844.6348830567913,1406.700451542458,241.85413923734907,51.74488183273036,465.0198332969357
1924,1,28,1,6407.710290645055,5916.906739670984,2600.6122441939015,2590.672230343853,79.33290086662697,147.70575126971536,645.2117253265459,417.99747537678263,898.340410601831,217.42270563362257,752.5019311140156,929.3855298651793,200.8749256533637,61.890937094050436,437.2810568004527
1924,1,29,1,7639.878981208285,6191.9871307529875,2405.895860823843,2590.672230343853,72.72132446164863,129.33662646756466,451.0710009264933,392.18720747824744,899.9158341533772,214.2261318660558,876.7538679214475,961.6751412704593,193.88672695708038,60.87633156791821,598.8215443900891
1924,1,30,1,7393.424619299744,6011.646148894253,2088.766937784084,1627.1417101573913,67.91454598341923,187.50389233921965,318.74316739714317,514.5898817234947,949.5616180968509,163.05867580945497,1162.9424710705186,954.6137948398438,344.7901758995809,61.890937094050436,1354.2749330230563
1924,1,31,1,6022.560900800316,5482.28182241411,3743.710813365871,1627.1417101573913,65.51416474084824,136.99124313604938,581.4650451696382,237.306924061161,941.6845003391861,162.00057647870995,833.4702642848943,765.9153599974923,249.84437014892964,56.817909463389284,1086.6879827942685
1924,2,1,1,5672.471964114129,42828.094794765675,2263.6143024429316,3008.119472697435,1489.6802087354279,2278.2016199547634,532.2315512718322,1423.3933197436372,5809.424201442544,714.1947724678992,1983.624774388169,1648.6639063917567,786.0226991700657,161.78372765323965,652.355406393388
1924,2,2,1,5667.934728999568,45952.81477746272,2442.435470843977,3008.119472697435,1380.5500940982404,2278.2016199547634,2314.980174290529,1696.3434393795574,6203.47951002777,598.5834982259513,3084.5158182782893,2173.771304592315,738.3806220246179,156.2084921222699,764.4306054919692
1924,2,3,1,6603.842590373048,80596.76903267561,3293.8956141521376,3008.119472697435,1240.6180948446035,2278.2016199547634,12202.405728214098,932.0270763210198,5640.913707639685,584.5386218464511,729.6094932167136,2253.6929073746537,714.5660901545996,153.42815273215305,751.5001188234899
1924,2,4,1,6236.945259966855,57162.944651519094,3380.6408421841124,3008.119472697435,1141.0534092191601,2278.2016199547634,2941.020039168486,924.7714402294195,4974.350008780279,611.5479994993244,3638.2742834791034,2178.4253738305906,703.8430441103901,143.65766163976028,584.8203804815398
1924,2,5,1,5480.361304601197,62049.06141101615,2587.0431582447673,3008.119472697435,1058.2131843815623,2278.2016199547634,1616.862708744852,1457.0101665000284,4317.9567657598955,705.5517716189836,1846.8002179251287,2114.2313153709006,741.9593085078207,147.83836045044947,722.7565529171019
1924,2,6,1,8120.722784379855,71100.77126341229,2454.25996002822,3008.119472697435,1078.787880746458,2278.2016199547634,4368.898794943188,1166.8781029663592,4930.178323126654,1435.8964812401568,1995.0544286205404,2275.518887250957,653.8195137779566,139.474051478923,660.970240186527
1924,2,7,1,19471.95697038095,79259.703977895,2349.68107617742,11406.654156113886,1017.5450710989065,2278.2016199547634,5498.309870988217,5179.609044121263,4334.508684086098,1216.5914725865803,2299.5139138251848,2087.5907811101006,719.3289965286082,132.49991220245386,564.691648368291
1924,2,8,1,19563.732862472523,63509.01461301574,2653.8224455230334,11406.654156113886,1031.8631346510833,2278.2016199547634,4135.281422589347,6457.049220864217,4303.199633758223,958.3818222251931,1771.9277003449267,2087.5907811101006,740.7620752116284,205.03183408276828,508.6540488189893
1924,2,9,1,49880.712946633044,41262.05866226168,2943.0378203245396,11406.654156113886,950.8277077402241,2278.2016199547634,2288.3173220110134,8940.400394862938,3792.283793375992,1228.5090124169244,2183.89219419904,2096.8989195867734,709.803183780591,185.4966745982745,587.6865010934058
1924,2,10,1,27686.41490747026,32281.770980898913,4964.928548787934,11406.654156113886,886.4565816863155,2278.2016199547634,1514.508609151706,4714.4826171946015,3968.9705359906256,884.9051771216956,2442.964356799733,2076.517306025789,677.6470590533736,156.2084921222699,623.6118404869999
1924,2,11,1,19724.598471082365,26983.92641191706,12105.563107476999,11406.654156113886,835.1401606358652,2278.2016199547634,1514.508609151706,3282.965226151487,4331.716794247978,795.2229054264941,1962.4219375512737,2084.3810781871434,672.8841526793649,139.474051478923,650.9058741299137
1924,2,12,1,15973.1299831171,28827.248620196835,14779.642259881235,11406.654156113886,792.0656501175459,2278.2016199547634,1053.6221626058234,2600.2630966070633,4175.27125295993,734.721899484086,2371.2391353124885,2380.6366579787154,651.438060590946,132.49991220245386,1043.1855429325226
1924,2,13,1,12362.934497584884,33988.55080338012,34544.9543856441,11406.654156113886,752.3600957291516,2278.2016199547634,1028.4243022098046,3797.022841134666,4236.89225010209,692.5761324579195,2929.8013682341666,2491.852864260191,660.9768867443496,133.89444892273445,1103.5223233996232
1924,2,14,1,10499.574531187745,43511.85704980307,18700.138878755843,6757.904537773101,718.1290950518882,2278.2016199547634,2896.972616538225,3757.9899468453227,3685.4940070665507,690.4153822456906,2895.6780526997895,2401.0182715397004,635.965121578139,125.52722860105987,1037.4368297512497
1924,2,15,1,10241.777081492468,34737.4332731827,12199.577488695957,6757.904537773101,692.8017641465651,2278.2016199547634,2263.119461614995,2031.7648659044894,4155.030051633344,757.4097767125015,2200.291263315072,2567.1203978042536,646.6751542169497,124.13123620570637,1005.8271432329956
1924,2,16,1,12130.916792859267,30107.59606856866,9116.875005137805,6757.904537773101,677.7617814236899,2278.2016199547634,1378.166697861604,2141.4865185121494,3580.4990070817066,689.3350071395887,2509.720163403377,2291.246431573605,864.6236677465262,124.13123620570637,872.1901517152326
1924,2,17,1,19444.114845813947,27724.406273362794,6930.41064851991,6757.904537773101,739.365550656588,2278.2016199547634,1061.6307849022462,3401.7447513574193,4324.437938598468,770.3742779858748,2004.8276112250644,2498.1117849600055,840.8091358765078,124.13123620570637,913.8642042900998
1924,2,18,1,17171.37252930075,24665.856831476387,5934.245895768535,6757.904537773101,730.1009212992959,2278.2016199547634,816.3813769934887,3309.2050426474434,3755.3909633718104,729.3200239535012,1540.651131660077,2187.8939974534237,774.1154332350503,129.71083876189718,839.1474048910455
1924,2,19,1,27491.52003550054,43234.57097402773,4965.607003085346,6757.904537773101,666.8126740014328,2278.2016199547634,1412.8381724375206,2997.315408852008,3126.617487678851,781.178029047019,2162.8550045249413,2245.8291352132987,986.0907936890395,149.2358085208759,813.2864315540647
1924,2,20,1,17033.19309626405,34022.161236807486,5073.190470253512,6757.904537773101,644.2526999171199,2278.2016199547634,1571.4479603566692,2958.375894692524,3694.667359391917,804.9462813815366,3071.5953395808083,2168.9567502078185,887.253979725751,154.81104405184567,737.1200998915142
1924,2,21,1,22756.296479498462,44752.29210848022,6839.11008449075,5351.040880660915,617.9026501866408,2278.2016199547634,1843.3504539323799,3422.5685203203907,3283.162739318224,846.011673301576,2356.6621849871008,1966.9059512058534,787.2069190608715,140.86858819920135,740.0026924609435
1924,2,22,1,14376.848174604129,33698.66081506931,12689.033803289687,5351.040880660915,593.9529816987329,2278.2016199547634,2141.232136908624,3030.932255608399,3319.058465808814,827.6452964976431,2653.004959215128,1974.609238220987,727.6575759804208,126.92176532133823,819.0186727777966
1924,2,23,1,12501.113930621581,29959.5000962796,7834.499460902213,5351.040880660915,574.4491321037076,2278.2016199547634,2238.507597972362,2431.6185820458186,3374.298000463727,967.0248230741086,2262.0776550350547,1984.07786184382,687.1728718013785,125.52722860105987,702.6442927613944
1924,2,24,1,11986.550221029865,28277.928098868917,5626.518410850642,5351.040880660915,548.4480099724004,2278.2016199547634,1726.5417677554601,2175.943786437443,3352.162302461218,2562.8279579069426,2267.047069918715,1977.818941144005,650.2538407001524,129.71083876189718,691.146866398848
1924,2,25,1,14682.080355043367,23972.641642037604,5224.485778586371,5351.040880660915,525.5270763027357,2278.2016199547634,1193.5777205418794,2719.042621812963,2816.3188742382918,1811.9115697188188,3092.6325292549063,1904.1562590614815,772.918199938858,117.15855260431238,752.9331791294229
1924,2,26,1,12404.182089536142,19732.475399971932,18128.2988280424,5351.040880660915,511.4977804188364,2278.2016199547634,900.0421801533167,2469.717675036399,3380.6794629509063,3455.306898659168,2424.9088160558545,1960.6470305060382,1217.1438064498236,117.15855260431238,794.6072317042901
1924,2,27,1,10536.697363943811,17743.15787149264,14155.464306221069,5351.040880660915,507.0459455328662,2278.2016199547634,713.2459483958282,1959.2085049885827,3615.4973404099655,7318.037729088166,2555.2731331701243,2863.215492449666,846.75626214131,108.78987660756489,699.7617001919871
1924,2,28,1,17438.45068718492,16993.225075645067,9994.60102196175,8811.618020171623,503.2859498521423,2278.2016199547634,561.8048540931959,1706.3351132766243,3042.86079253425,2884.824291079883,3447.7800462726973,13891.75473582982,802.6928714790772,112.97348676840217,780.2272127723365
1924,2,29,1,17438.45068718492,16993.225075645067,9994.60102196175,8811.618020171623,503.2859498521423,2278.2016199547634,561.8048540931959,1706.3351132766243,3042.86079253425,2884.824291079883,3447.7800462726973,13891.75473582982,802.6928714790772,112.97348676840217,780.2272127723365
1924,3,1,1,3505.942196875265,21422.450005739458,5682.3455073270725,3311.2125524390185,86.35356480166149,958.4401253877584,551.9698752487045,1135.782519716708,731.7443555450927,319.9246860622143,1872.4755281572945,2441.7814986616095,328.1330169959557,73.738676516128,766.2260488637874
1924,3,2,1,4077.9431782591037,18509.89588405301,2831.577471456674,3311.2125524390185,87.3522196544626,966.8377188976247,659.6174788475322,1197.133265047108,341.21879339812995,295.46588469080484,1679.6622306719141,2292.0488573043444,290.66742286820397,73.738676516128,670.4416157717221
1924,3,3,1,4981.884155870549,16802.06573552725,3018.443169384687,3423.483941924465,87.3522196544626,408.23644630830955,513.8019533775108,1873.2054053701393,727.7958256311277,304.2759538550852,1946.8511042492248,2239.730699659644,304.87806155784955,77.38077554967397,670.4416157717221
1924,3,4,1,3494.4959901088932,15283.294275030208,5195.409165838217,3423.483941924465,108.31795557015234,956.7586514835809,477.1576230651631,1790.563990427338,1403.3234850780486,353.1935565979293,2088.9763699214595,2208.1151258682485,316.4990325742156,77.38077554967397,647.990337645424
1924,3,5,1,5285.466432631645,14405.221701741353,4717.971184513724,3423.483941924465,114.3098846869436,961.8030731961345,419.13417786642003,1262.125835442827,831.345025521283,462.7680957108805,2153.7444105716036,2171.0430571077773,307.46772923115384,75.55972603290209,544.7276358304546
1924,3,6,1,4626.123675291161,12486.276018249999,5553.826878980291,3423.483941924465,128.78436405943893,926.5214492413853,342.02677173205853,1030.9166338627429,1523.6738791727869,273.94748567004416,1347.8875283234765,2183.400413361247,355.2659672413127,73.738676516128,691.3939457619445
1924,3,7,1,5109.9579288791165,11768.903329785688,5258.602337544204,3423.483941924465,162.22726964202695,1002.9209757601992,313.78172821839087,880.4252165499537,1117.3541973698977,334.60442204015146,1812.5112552280145,2117.4410182938573,317.8003731135609,81.02287458322216,856.0146894114607
1924,3,8,1,5432.410978957897,12275.160483284852,3714.440356532795,3423.483941924465,140.7682222930266,1001.2590538781482,267.20475293597684,800.5571914645308,1163.7195107535551,352.21342248104634,2090.632841549307,1872.861655562345,321.6783679207994,98.31920580488595,848.5364206885343
1924,3,9,1,5060.563937517607,12385.444717968345,2779.821100764939,3423.483941924465,130.28234633863806,982.0003120685391,240.48330098111222,795.9068609965606,989.1366565526938,369.82242292194127,2463.5046049854423,2037.840385803839,332.01101180320654,79.20182506644807,685.414625175116
1924,3,10,1,4762.756323629515,11881.28821655828,3053.916636937416,3871.280164121313,124.78974464824478,1249.0809345246194,240.48330098111222,934.2681994380824,1157.7368896718124,356.13395894860315,2258.1021231281734,2069.2954744490744,342.3436556856136,78.29057247052566,685.414625175116
1924,3,11,1,4994.25843345596,12051.441035784215,2711.7818269342724,3871.280164121313,120.30181380374,329.2756048889233,215.29520719765546,883.2079444203341,1094.6202372592345,437.340298110254,1599.141144840586,2136.6992358317825,325.5433493226638,84.6635179416952,692.8928938980423
1924,3,12,1,7086.748773142296,12015.72995026775,2204.6857006067116,3871.280164121313,121.79979608293911,897.1152079402042,183.99321395375546,1289.0193128479336,1951.63070722129,401.1310252238904,1709.8100142993508,2261.7171646821075,333.29933893716543,77.38077554967397,642.0110170585956
1924,3,13,1,6636.221950054783,11278.40106695566,2240.1591681594414,3871.280164121313,126.78705435384185,1239.7937240072947,176.35572293448766,1333.6550149300465,1450.685901975297,332.6441538063856,2191.6776108501235,2533.7394874051583,342.3436556856136,81.02287458322216,642.0110170585956
1924,3,14,1,7050.760249164871,11552.536164597346,2073.356333027561,3871.280164121313,136.27427545543443,1279.2888087336041,174.83213137566315,1026.2476273688005,1592.6734423157152,421.6804280154591,2781.0502160503647,2936.39671909377,351.38797243406185,76.4709786288245,839.542731871991
1924,3,15,1,6749.034114041519,11945.358105279367,1990.0033764828697,3871.280164121313,144.75682571113342,1327.1912629808432,146.587087861974,1023.4462234724157,1989.1217993336254,375.69208973557284,2717.9386470280688,2389.46334101697,361.720616316469,89.21541389609285,570.1768102289485
1924,3,16,1,6733.875623999325,11020.020859983108,1307.4783532414726,3871.280164121313,148.2521176959296,1324.6495001024186,132.07390160287224,959.3874543755236,1995.0047100640427,1271.946774415347,2757.3626717716393,2187.5730271611037,386.2638988885217,97.4094088840365,670.4416157717221
1924,3,17,1,6284.276871730851,10904.484995076868,1321.8228155305915,2404.2144456860533,145.75548056393453,561.1234834455919,123.67461480419219,1036.4260615255876,2306.699268423695,2289.3928150707093,2719.4294714931784,1730.0298754894748,935.2994724383876,101.05005224250951,671.9405639078201
1924,3,18,1,5938.003337300288,10326.175474918044,1368.83000614007,2404.2144456860533,140.7682222930266,1223.0767450761102,106.12401203998168,1094.975402959635,2392.45017059561,1308.1449094140446,1742.939446857007,1701.1425491826171,806.1153970975566,101.959849163359,671.9405639078201
1924,3,19,1,6283.348800911978,10593.588485874167,1243.219039068082,2404.2144456860533,135.27562060263332,1117.2025451786303,406.15434977868307,1167.438383745649,2209.0828344396864,874.6694583328423,1117.190724708415,1708.0434104670114,605.8781283084606,94.67710677133998,665.9612433209917
1924,3,20,1,5586.161377956157,9556.496549432492,1150.270800316529,2404.2144456860533,156.24135651832307,1050.8234300074596,771.0838279560046,1127.4716881574784,2231.7170841990237,766.0750533367989,823.2663990570994,1794.5449042414853,554.201895491051,98.31920580488595,676.4374083160917
1924,3,21,1,5074.794356740763,10128.924243741392,1444.5261213277113,2404.2144456860533,274.046533190068,1059.2307995283893,1069.6394071986474,1015.975813082121,2913.1376254114275,1090.8892720957622,1523.2913089998847,1850.8751905398817,767.3614758358459,97.4094088840365,710.8473276160688
1924,3,22,1,4875.671606596053,9173.967803987503,1118.6742144634984,2404.2144456860533,249.58550528958207,1071.8418538098158,3169.070442365064,1018.7772169784735,2271.202383338607,1157.449288942574,1377.9193589370145,1899.0207343846648,868.1242737973733,98.31920580488595,647.990337645424
1924,3,23,1,4273.25052614819,9003.499886948424,958.5590002637617,2404.2144456860533,219.13254827229977,1070.9620128134422,7837.6089105446745,971.4334911299005,2443.7012911960273,1038.0622707730772,993.9326708777623,1977.3374857055248,784.1617821987958,89.21541389609285,782.6815344457158
1924,3,24,1,4528.470001346618,9943.646729473054,1196.3087705011017,3118.9031670925065,194.67753636490636,331.7978157452,3190.459323864022,967.6982859347208,2628.1654412169337,1017.5128679815084,1145.6323425591652,2243.9033134595616,716.9865835577816,90.12521081694231,884.4452881245873
1924,3,25,1,5813.744966547179,11261.595850241976,1280.6309474706989,3118.9031670925065,178.20574728681393,292.3222830410385,1650.5575220651256,1047.631677111062,2108.475089914773,895.2188611244111,1539.0940483298486,2352.3912722564373,790.6164312739521,85.57331486254465,788.6608550325442
1924,3,26,1,5570.899768934162,9552.820408276346,1730.155380557013,3118.9031670925065,173.71180044921664,995.3934472356432,1034.4796019948988,1146.0543340033873,2039.3758164204526,872.7091900990764,1300.4793103335253,2487.038309875755,809.9933919048075,81.93267150407162,698.8722144848708
1924,3,27,1,4911.6601305734775,9926.106284528409,1736.93992353158,3118.9031670925065,168.71852618522132,1061.772562406814,768.0268782257723,989.0823356769823,2556.1745675331013,818.9020546594837,1336.8388625655373,2620.4014663257926,713.1085887505308,79.20182506644807,791.6587513047181
1924,3,28,1,4392.868542806771,9137.101359821809,1809.7283774444281,3118.9031670925065,161.23463078231836,1069.3000909313912,1450.5372969059842,866.4929011720149,2594.6627631590936,722.0469832907037,1112.45321585267,2653.300921286407,645.9333901095166,82.8424684249211,757.248832004763
1924,3,29,1,4603.437499717853,9505.765801477854,2584.2324190124723,3118.9031670925065,160.7353033559204,1063.4344842888647,1074.9133779792055,907.356046007004,2713.916343388849,733.7863169179669,1170.9100996006196,2503.568279929081,661.4323559331211,81.02287458322216,794.6566475769139
1924,3,30,1,4257.163965287289,9182.26537974011,5377.525683684047,3118.9031670925065,162.72659706843007,1062.5546432924912,926.0604360040968,1406.9584168849308,2426.9499521671073,805.2024527984545,1319.4459104727855,2554.4420712584633,737.6518713225835,80.11162198729753,861.9940099982891
1924,3,31,1,4022.8776430042267,9726.12420563593,3139.3049563744926,3733.8171377724852,183.69233298411467,495.5948812375839,676.4160524448923,1296.4897232382282,3339.1999567840758,1625.12919312561,3263.083459763934,2302.9618472424963,948.2217839940866,82.8424684249211,999.6831030707548
1924,4,1,1,3734.763213224893,8901.513228017542,4903.6738179318345,1873.900735810916,329.70048525779697,945.08609426495,1380.8036832518724,705.1974028322306,2322.852345344461,518.4798099457842,2740.135366841684,1143.4406177991723,400.14920244333405,62.088908904027996,624.5836859818224
1924,4,2,1,3698.1559753681645,10177.449307002254,4500.187355030094,1873.900735810916,348.01918421426046,882.7835757103262,1011.6257286124661,1031.3835345121079,2346.982250374217,537.781769315861,2777.571625631814,1277.4617633484413,402.2834009278668,66.27543041501114,593.0234153361922
1924,4,3,1,3552.5519757803218,8411.431095605334,3098.597698527091,1873.900735810916,240.7359794554439,958.5085574652651,2182.4472418974883,648.6650722035815,2264.122948391881,531.3552081176293,2280.79578443012,1125.963785383477,375.6709868982504,58.60111142825584,600.9134829976053
1924,4,4,1,3659.4863579137573,11015.81955580491,2755.1059799290483,1873.900735810916,187.35607277540942,984.3465547255497,1707.8875377723678,770.0592410461135,2804.1542113720216,456.88729100955794,2488.3516794036846,1162.3778650447775,376.7380861405168,53.717321557132394,560.1618600449368
1924,4,5,1,3866.4461505291492,9944.381957704461,2400.565148486672,1799.7143406385628,165.37363402765638,923.999238385087,1304.6241053104093,655.1549912301351,2782.7164858290594,439.423083108646,1032.5615892399687,1153.6474730942562,461.87178422448915,50.926792441502755,610.1213072621628
1924,4,6,1,3774.3609014980075,7992.03590599465,2169.7937653088957,1799.7143406385628,144.96136947616662,925.9153365549955,1147.3816431491823,683.8787191808873,2048.1503273403155,349.3287095688525,2573.9912625651896,1117.2333934329556,481.0275169636643,49.53225572122218,594.3411719393586
1924,4,7,1,4328.83165630257,8514.783178394355,2494.773373790626,1799.7143406385628,138.16329728542752,1027.556523658789,1326.11065293492,996.1792255478043,2192.431205762092,648.1025469041592,2537.8801810773725,1446.4205252143872,474.65094832086356,50.22952408136247,682.4496728180027
1924,4,8,1,3027.7794871806773,8150.950236543236,2897.3875383099594,1799.7143406385628,143.39119527989817,993.0472045786327,1000.8824548002,324.3372051082596,2839.451675754391,913.7745820191159,2353.017947405754,1659.095440891489,474.65094832086356,64.18216965951957,654.8262000243084
1924,4,9,1,3774.3609014980075,8458.27563719447,3268.50203901876,1799.7143406385628,149.67189206497196,1012.2081862775239,849.5487932357045,743.1844396669469,2438.2172218710466,1058.110468618501,1431.6552985454987,2001.4102576279467,474.65094832086356,76.7402785173961,679.8141596116919
1924,4,10,1,3072.3268864878896,8413.216649880844,3356.216487475641,1799.7143406385628,153.8590232550194,971.9212446544954,743.1122495938955,921.1109391381602,2945.6431999556107,1092.125577629563,1667.40434062556,2037.840385803839,474.65094832086356,70.46049625092137,637.744780055857
1924,4,11,1,2991.172249323949,10833.062824043936,2839.1373907711513,1799.7143406385628,150.1952834637298,965.2149010598695,796.8188520426214,838.6376084291395,2760.3813671238327,1287.985332691686,1403.528410304062,2081.4923455564453,474.65094832086356,54.41604559234562,603.548996203916
1924,4,12,1,4506.093182713044,17869.19699684482,2919.485763998551,1691.1125990426262,145.48476087492446,994.9046466820976,782.1786998202807,1009.159063600944,2899.078465869302,1099.4765835062224,1814.6646683442516,2317.405510395925,474.65094832086356,46.044458245452255,614.0745770716399
1924,4,13,1,4974.459589319237,16016.421854163653,2419.077258602985,1691.1125990426262,137.63990588666968,937.4217015854022,1797.7403732930686,1047.1647764616646,2766.862539962404,1426.7634133328124,2231.101635593694,2365.551054240708,474.65094832086356,46.044458245452255,716.6289847124244
1924,4,14,1,5511.090760604955,14661.501256624804,2666.519233089685,1691.1125990426262,126.64868651279058,948.9182906047455,2195.1438382210617,895.1606010448186,2269.7067280681877,1425.8723823174573,1134.335206057031,2579.6382392038836,474.65094832086356,42.55520509460715,632.4737536432356
1924,4,15,1,5224.935591443167,13248.812726632614,2516.968521521716,1691.1125990426262,114.6106843414009,985.3241558326412,1568.2249782129936,713.5362484304344,2718.5030195514983,1391.7904459802246,1755.6942783916916,2836.0935027504474,474.65094832086356,39.06740761883723,808.6742834430044
1924,4,16,1,4351.620950855679,11648.115834656255,2464.3398524475724,1691.1125990426262,106.23642196130598,899.0801861654502,1281.1842351745693,1085.1704893223528,2754.7975874475255,1477.3294234540494,2299.5139138251848,2989.03584703073,474.65094832086356,36.97414686334565,773.1772149454382
1924,4,17,1,3611.020437371121,12201.637660162372,2287.0694367264223,1691.1125990426262,99.43233377747434,814.7327626460199,991.1158422435983,1232.430954141336,2865.5757878113955,1571.1104378198634,2136.0201641532585,3345.7943269206776,474.65094832086356,29.998551911803563,711.3744302573222
1924,4,18,1,4380.39114624156,10921.290211790552,2242.679141264242,1691.1125990426262,91.05807139737941,866.4869652551806,849.5487932357045,1225.0539238809015,2750.1112009334834,1702.5375125843304,2191.0150221989375,3393.9398707654605,474.65094832086356,29.301283551663275,666.6695374951764
1924,4,19,1,4856.594595318601,10744.835436296873,2242.679141264242,2427.5216687682528,87.91772300484253,1017.9760328093325,725.5421136045828,1508.6493783230385,2683.1058448177364,1716.3484933222946,2308.7901549413195,3243.8862591158145,474.65094832086356,26.510754436033636,590.4043740874228
1924,4,20,1,4351.620950855679,13238.309466186673,1659.2084454514786,2427.5216687682528,82.68982501037188,1016.0208305951716,696.2422759347778,1998.8016800572484,3517.2826443177364,1623.4585099718101,2424.0805802418713,3163.804171187316,474.65094832086356,27.208022796171697,615.375861717265
1924,4,21,1,3556.5736159955472,8989.84564836839,2015.5907957012432,2427.5216687682528,77.4559110228087,998.7172909997236,696.2422759347778,1381.6524016877695,3148.553764978641,1557.2994570818994,2299.5139138251848,3495.847938570262,474.65094832086356,26.510754436033636,667.9872940983429
1924,4,22,1,4582.298108842888,8663.089215892322,1835.509640747723,2427.5216687682528,72.74538843400337,1093.6423584978495,525.3558560319768,1471.5774667611126,4075.8600326513924,1250.2278934161484,2042.2638700151947,3322.5239807289945,474.65094832086356,20.230972169556676,727.1545655801483
1924,4,23,1,3957.603328741419,9162.939380519065,1372.0284335423573,2427.5216687682528,71.69860563649279,838.6937657807132,525.3558560319768,1592.037834304882,3937.1629339059227,992.8313088562542,1494.6012204049985,2570.9720413117902,474.65094832086356,21.62696456491019,920.4529873058876
1924,4,24,1,3395.1924124862066,8038.880447584233,1500.353217804142,2427.5216687682528,68.55825724395591,1107.035493664932,563.4358783901572,1695.7831586002997,3588.974386947525,921.1367257834663,2082.5161305726897,2391.710133063027,474.65094832086356,17.440443053927037,955.9500558034537
1924,4,25,1,3140.69477014705,8436.218790258039,2227.9469908052056,2427.5216687682528,79.02608521907713,1069.6911313742191,511.68259845273866,1981.2462156399943,3277.9778010473533,1230.0683166937895,2071.7490649915044,3095.2770137816096,474.65094832086356,27.208022796171697,999.337191962433
1924,4,26,1,2905.0679011257444,8236.656841782935,2482.7550405214615,3364.2736773283755,189.97302976918846,1066.856088163663,458.95265725965567,1781.0392171797012,2760.3813671238327,1113.2652884688046,2208.4079742916892,3108.4367957658183,474.65094832086356,69.76322789078108,975.6669889782158
1924,4,27,1,5296.190806538913,14826.402445627547,1775.514896444099,3364.2736773283755,126.12529511403784,897.1640879955631,449.1860447030755,1821.846333936774,2874.8488504881534,1002.9445108805064,2385.1534969866902,2836.0935027504474,474.65094832086356,57.206574707977495,886.2572034539467
1924,4,28,1,4801.116584144187,12971.52665085728,1835.509640747723,3364.2736773283755,102.57268217001123,1020.8110760198889,412.082683600538,1770.860783022914,2752.0056976093388,1006.6311517065271,2577.966794472071,2881.1898288184334,474.65094832086356,50.926792441502755,1005.9095030206797
1924,4,29,1,6028.954277552789,11690.128876440464,1559.4756637253583,3364.2736773283755,92.10485419489001,1007.4179408528063,353.4927748735112,1263.0596367415897,2548.098029072718,1179.5023065725525,2691.9320424703683,3159.471072241299,474.65094832086356,50.926792441502755,1109.7981392221498
1924,4,30,1,6269.530857608359,10543.172835733116,2199.354988269541,3364.2736773283755,87.91772300484253,1027.556523658789,336.88953352730124,1507.7155770242434,3046.151234129198,1533.3529985443258,3257.1201619035537,3886.308299151503,474.65094832086356,55.81058231262397,1250.4851285668115
1924,5,1,1,4762.240728730178,9952.88959866598,2682.8021362286154,2418.496318553489,144.96136947616662,1409.4075160868463,926.4608671189159,1738.644638214683,3035.183095479303,2399.8806609743974,3267.0589916708154,4790.48161255667,1034.8129834821277,34.99006173835565,1429.5682509360095
1924,5,2,1,4741.513813774748,11510.523122813136,3829.583743015438,2418.496318553489,140.26889486662864,1334.2299909518752,1064.560768669218,1747.9826512025998,4598.840825548502,1771.8151740279711,3318.575259297944,3837.1998444298206,1045.210694391504,31.55903559044592,1369.2808863415105
1924,5,3,1,3973.8961275620877,10449.588785159072,3204.533490972864,2418.496318553489,142.35042847547498,1297.96098987895,1546.9337628396113,1781.3193575693458,5053.719448464948,1581.0231578656528,3053.705445999666,3240.0346156082783,960.8968408473079,35.675684697907975,1346.3189775315002
1924,5,4,1,3763.7396465705415,10233.536717783874,2591.9861824119457,2418.496318553489,144.43797807740876,1212.909693562412,1274.933603138347,1737.897597175673,4102.881537870661,1286.426028414821,2577.138558658147,2848.450859003978,943.5759982686175,26.07114056387921,1339.1372040442718
1924,5,5,1,3506.9733866741044,10220.617707435245,2344.6411299677434,2033.1832901515686,146.0021362805898,980.9249508507515,1818.933922540876,1862.0931699145574,3696.4621457164462,1221.38076429411,3150.6090362307464,2500.840032444544,816.5261214123193,27.442386482983864,1274.550658531996
1924,5,6,1,3671.3450405998306,9271.01793050878,2794.844017351469,2033.1832901515686,144.43797807740876,1056.0047158750049,1559.7280252887601,1842.6701028997459,3289.045650048641,1228.7317701707696,3538.0577499922692,2468.261547776249,725.289136198809,19.21054394313269,1122.3991867398486
1924,5,7,1,793.6964762236111,9222.282802039454,3335.86285855194,2033.1832901515686,136.61718706151382,813.2859130075307,1296.2248185117292,1931.9415070639714,3577.7071172435194,1475.1018459156744,3480.412537341964,2898.04076916408,721.8275703641457,34.99006173835565,1070.7431278960742
1924,5,8,1,7952.226371259102,9324.794623992835,2765.8643266458125,2033.1832901515686,124.1039214360809,779.4315866691228,1138.9823563505022,1755.7332019825394,3723.7827819898257,1901.7943233924832,3189.8674138115207,3671.2582033114277,683.7113059667151,39.79233380537003,957.3501721943043
1924,5,9,1,4510.836655787374,8828.095437499298,3512.6486640606754,2033.1832901515686,116.80050582585129,793.4699385668907,977.4425846643603,1859.7586666676023,3344.7837364603824,2202.74004882771,3087.000525720119,4848.577235462706,668.7068495480661,37.73400925164012,921.4577767157925
1924,5,10,1,4685.829564640568,11496.868884233547,3071.1687605013285,2033.1832901515686,110.5438730131374,833.9230723781221,966.8360434278949,1817.0839473129395,3074.369263564842,2202.74004882771,3574.334478642883,4801.876057933303,639.8301029799911,37.73400925164012,868.3521856085218
1924,5,11,1,4669.7430037795,10447.593165674207,2811.3207645754715,2033.1832901515686,104.8106315991762,974.2870393336324,926.4608671189159,1728.5595841877882,3564.944192269095,2202.74004882771,3456.228051574908,4912.450323630136,672.1684153827294,29.500711036713778,846.8233371044224
1924,5,12,1,4515.270771922135,9273.013549993646,2521.5238575189765,1475.2976312684768,96.98984058328128,994.9046466820976,1682.9826757530311,1600.535426123832,3586.7807592175595,2202.74004882771,3351.8703390183377,5049.986093880092,731.0670881935014,24.698438969699396,852.5720502857178
1924,5,13,1,4003.4912747872054,9428.356771990766,2363.056318041558,1475.2976312684768,89.68642497305166,1150.1477024874534,1801.9400166924088,1788.3228673102433,3765.8605502648775,1928.0797383453664,3332.1583266465523,4635.773931668749,823.4622664870323,23.327193050594744,1003.2739898143689
1924,5,14,1,3226.902237325222,10263.471010055095,2223.8762650204358,1475.2976312684768,84.47055896476095,1295.516987111243,1434.3247200620315,1841.0826406918331,3688.186186553345,1954.2537744213398,3438.17251083097,5147.882033031196,875.43780762849,21.954491456414928,1044.8986265166347
1924,5,15,1,3877.789238315721,10222.613326920113,2879.844648618553,1475.2976312684768,79.2607089495525,1371.47659313187,1213.3062779062116,1804.6643900390575,3688.186186553345,1985.6626177125083,3530.4379805039825,4971.990312851552,725.289136198809,26.07114056387921,1103.7529308051785
1924,5,16,1,3323.83407841066,9233.206192903215,2618.058211842809,1475.2976312684768,76.64976794886087,1723.9995523473376,1056.0638157449846,1902.433386022233,3357.5466614348074,1891.3247089620938,3751.411295663418,5302.589713919118,766.8669664308906,26.756763523431538,994.6591560212297
1924,5,17,1,2687.280615623118,7699.310037363769,2949.434675129114,1475.2976312684768,75.08560974568496,1799.9591583679646,1036.9212551340383,2024.2944555141623,3357.5466614348074,1869.3830702090504,3736.1717566869033,5477.037067783384,568.2173330998015,30.873412630893593,1120.9661264339156
1924,5,18,1,3018.601897971421,13117.52197105724,3173.6153594173206,1475.2976312684768,71.95729333932802,1593.4898045512678,994.4364905128489,1983.9542394064867,3370.3095864092315,1708.8861085687251,3993.421800496894,4892.550165507632,501.23733553969475,17.152219389400546,812.380473889385
1924,5,19,1,3315.7907979802103,9178.484205979288,2389.1283474724214,1079.4715575614177,68.82897693296593,1131.9643218956537,815.9711792661294,1832.585048872851,3906.4521456862026,1638.7174161097296,3991.9309760317838,4949.36190724451,532.4174548624123,19.21054394313269,790.8516253852857
1924,5,20,1,2645.104952852988,9060.007428147863,2242.2914530942494,1079.4715575614177,64.6598937221858,1141.935853187938,790.4705538808454,1661.0457502853615,3869.060763925193,1505.5082793145525,4751.588864578315,4631.601317868893,564.7557672651506,13.035424714430306,813.813534195318
1924,5,21,1,3369.61890547648,8927.666346527938,2253.8251761510737,1079.4715575614177,63.09573551900989,1155.9155490192622,713.9686777250148,1994.7863344724562,3716.503926340382,1430.1047796403873,4931.647330529011,4401.786588583068,586.6963687585127,10.97724572820635,757.8418224761813
1924,5,22,1,2724.0940914396147,8871.894033559462,2131.218792396377,1079.4715575614177,59.965614314723645,1074.9701773524823,686.3486974149371,1762.7367117234369,4140.272919631671,1172.1513006958928,4754.570513508475,4059.9532272850292,561.2942014304874,15.093894835670634,848.2563974103555
1924,5,23,1,2230.2572968033305,6979.626631601003,2419.077258602985,1079.4715575614177,56.83669630905693,994.9046466820976,637.4765681817245,1481.7559009179322,4099.1922548702105,1033.7519082363106,5135.890282246822,3387.520464919485,493.1560107903598,8.918921174476436,740.6121548899031
1924,5,24,1,2718.731904485981,8233.820961462874,2228.7223671451156,1079.4715575614177,55.272538105875896,794.2911234968424,633.228091719597,1422.7396588344875,4226.2232425062375,992.853584631636,5027.060096295039,3227.195803916328,419.23986815554,10.97724572820635,716.2171857739377
1924,5,25,1,1760.6534624385304,9415.33272903746,2107.9575021978826,1079.4715575614177,52.66520670103774,759.615612228483,711.8493228002212,1376.1429740249246,4931.275136991637,938.3447622674604,5135.890282246822,3322.2030104366745,408.8421572461638,7.546801850327132,674.5925490716721
1924,5,26,1,1824.380992003162,9589.58181983736,1618.2104214766573,785.1757147874673,51.62263509869038,824.0199731633446,618.353540795902,1573.3618083290805,4234.399491318013,1050.5255671003056,5175.314306990393,3377.570385858233,408.8421572461638,7.546801850327132,576.9962006502917
1924,5,27,1,1944.7208415210132,9850.3777767126,1535.1482310594604,785.1757147874673,50.05787529619958,942.0848588661908,614.1050643337959,1796.073418090215,7360.917268645539,1097.7056593632035,5166.2037130370545,3656.975025304159,397.2992666621656,9.605126404057046,495.17998755171544
1924,5,28,1,1198.6550221028538,8793.22461281847,1876.119976552627,785.1757147874673,47.97213049218998,871.0816904585057,1226.10054035536,1808.492975364097,8297.995150751809,972.9390414385042,5149.638996758226,3719.4037471562106,378.82023100346686,9.605126404057046,729.1312004848759
1924,5,29,1,1279.3971833474245,7954.119135784853,2028.7721934803849,785.1757147874673,57.358282909885496,825.6721190343109,1410.9825160517667,1635.459594698555,8935.543137364632,977.1268872106699,5084.53966178249,3608.829481459376,396.14107358215733,11.663305390281002,604.2572903781229
1924,5,30,1,1741.7826891208458,7588.815737471366,1855.863269671424,785.1757147874673,58.9224411130614,738.9686768468067,930.7191101936052,1707.6424350949242,9753.865990997978,870.1920274807105,5379.557258708203,3230.084536547026,405.3805914115005,10.291186066131697,587.0440947493638
1924,5,31,1,1736.4205021672124,8348.306500324565,1529.3329085097992,785.1757147874673,50.05787529619958,692.737920492682,824.468132190363,1866.7621764084995,10129.57459493247,826.1639574346153,5275.199546151693,2787.4665034672453,415.7783023208768,9.605126404057046,683.2073828648112
1924,6,1,1,3635.0471596826715,10399.278167622255,1078.645410913583,1140.962954629429,48.04432240925932,456.7156852087488,289.7265614914799,1018.7772169784735,3799.961490430872,1412.3955382102483,2377.8650218239964,5791.748439382204,734.5676942443362,0.0,1004.0152279036583
1924,6,2,1,3598.2336838661745,10520.06566275169,1162.4829776707645,1140.962954629429,46.46091302819654,470.910453283635,296.79758898246405,1207.7785998533245,3982.9299851813594,1428.3227176096773,1813.8364325303278,5204.212319329594,718.1838168539863,0.0,1014.9361357523277
1924,6,3,1,3375.806044269185,9446.73747777105,758.395598105535,1140.962954629429,44.34869785459828,324.97416001773,296.79758898246405,1244.103470376208,3988.7131855603848,1488.0217956382837,1134.2523824756327,4680.228317152095,708.0984276740569,0.0,1258.1445888226692
1924,6,4,1,3374.0530216112406,10188.162632657106,681.6042638376651,1140.962954629429,43.29289106745146,271.59713957081397,296.79758898246405,1232.8978547907336,3476.4014002590598,1379.5387695191253,3009.808947860825,3705.922994879681,671.5697987346209,0.0,862.1422576161382
1924,6,5,1,2608.3945960164583,9906.570220098894,921.6026254608861,1140.962954629429,42.23708428030464,246.59987926260715,216.70159940580282,1295.369161679681,3416.7746101442153,1309.9269714447296,3382.183769808571,3716.9964699639927,645.1005321643415,0.0,1225.3983372342025
1924,6,6,1,2765.857278290209,9497.363193121011,888.435902519461,900.1646273045669,45.40450464174509,270.248050043021,356.86225620554933,1008.505402691794,3266.5111106406957,1282.0822522149813,3223.8250821831007,3391.3721084270214,539.262506099371,0.0,1014.9361357523277
1924,6,7,1,2858.2518842610857,8249.26075431842,951.2704626682046,900.1646273045669,45.40450464174509,499.9647581862623,422.81619080024234,1030.8232537328504,3497.6397050993032,1235.3031239089842,3687.968432315529,3930.44171434259,488.8615870105215,0.0,865.2719295486419
1924,6,8,1,3235.5642316349754,10159.068601221525,964.3646306090978,900.1646273045669,43.29289106745146,442.53069314490426,452.2527610458482,767.3325412536491,2960.300621605958,976.73706114146,3919.2118715678193,3761.4508554473387,477.5269109128171,0.0,802.90909830419
1924,6,9,1,3136.2606540122893,10616.695658855591,1305.6368344340838,900.1646273045669,40.653073299932096,447.2622825032212,394.5418474488893,759.8808068892941,2564.450526696202,864.3446364424609,3790.835320406989,3507.723839385313,490.1238873336829,0.0,777.9540826318889
1924,6,10,1,2876.1945867597315,9675.708555494877,1254.9466062098272,900.1646273045669,38.54145972563847,362.13277809811353,493.47763264723125,1015.0420117833261,2383.476238972962,742.0060780345995,3550.1499928757676,3225.1094970163695,420.8275036135347,0.0,880.8544013809953
1924,6,11,1,3289.3923391314115,11223.784112636411,809.0179809000427,900.1646273045669,36.42924455204019,212.1492162488727,586.5241504739439,781.302208683532,1978.9513434946691,574.9043489929617,4600.353004952743,2949.2355307857206,437.211381003897,0.0,876.1763654397699
1924,6,12,1,2041.240206686916,9275.009169478513,1042.8811772333588,900.1646273045669,35.373437764893374,326.32324954552297,610.0714533479206,782.2266719693247,1589.881552477595,561.9732613826615,4071.2759670073156,3111.4860135426766,425.86369150080617,0.0,773.2760466906636
1924,6,13,1,3774.464020477975,9913.18727417978,751.4172110459717,711.8422648001831,33.26182419059975,274.30509463744147,593.5854113523662,793.4042735158249,1217.2639694353309,603.7403402273089,3939.7521197535284,2996.4181637536044,367.9149972837488,0.0,890.2104732634017
1924,6,14,1,3170.496155331936,9027.23725555658,959.1308403145005,711.8422648001831,31.677813210227196,204.03512706005333,671.3178806903393,776.6425402025595,1839.3568515869345,765.874571358336,4473.63292541976,2522.345042028588,413.2667150799404,0.0,827.8476420189497
1924,6,15,1,4008.8534617408386,9327.525471708665,857.8860747254099,711.8422648001831,29.565598036628927,199.98785847671755,668.9641270641913,697.484204104235,1477.2088554377374,862.350954545597,4250.34054998135,2673.522049701232,377.98737305827945,0.0,832.5256779601751
1924,6,16,1,2674.28762415857,9334.14252578955,678.9776764861166,711.8422648001831,27.982188655561025,241.19374514041527,684.2684089403907,610.8834716545898,2214.8660348187113,760.8959355600593,4000.0476870084017,2577.8729025962452,381.77427402777596,0.0,771.727682681964
1924,6,17,1,3323.627840450892,8463.212169604076,550.6916610413311,711.8422648001831,27.453984462335296,196.60535864619354,670.1361205709844,790.6122076324423,1674.6353511358532,773.8270231703596,2613.9122287970913,2476.6067753760226,337.67184314935935,0.0,632.9679123694285
1924,6,18,1,3243.1950361458903,7616.649377653489,618.7600114846718,711.8422648001831,26.398177675188474,236.47193179318305,97.75402507898707,799.9222065813527,1674.6353511358532,701.2191333068349,3459.8722891562547,2489.1246167756526,328.8487542926037,0.0,648.566856159301
1924,6,19,1,2799.164708790817,8981.232974802639,961.7477354617992,711.8422648001831,25.86997348196275,199.30353770175793,61.243497358656576,870.6950070165598,1674.6353511358532,548.0509017677874,3011.4654194886725,2318.689391565083,298.6186135636006,0.0,679.7482717815269
1924,6,20,1,2203.7557189747313,7428.01082004259,985.3094839920374,574.7759571421625,24.28596250159021,211.4648954739131,61.243497358656576,912.6040093062081,1283.6710634428573,534.1174042652221,2461.848133357595,2605.476347733884,280.9724358500769,0.0,650.1152201680227
1924,6,21,1,2768.4352527872247,7841.94431422117,1107.5281795767416,574.7759571421625,23.758359907669114,216.87102959610496,18.843702266701026,785.0187378527073,954.3377439270861,527.1562244577726,2922.8441873970064,2763.554216690983,270.88704667014747,0.0,511.37192181300617
1924,6,22,1,2931.775716914112,7126.777310450189,878.8406203125992,574.7759571421625,22.7025531205223,223.62625324606822,41.22096495636693,1073.6847333472658,1455.0731574352285,456.54201649111195,3092.3012349293135,2583.3293975653214,272.1493469933213,0.0,534.7456295615252
1924,6,23,1,1774.2651677823824,7404.588549248022,801.1672954580716,574.7759571421625,21.646144734070848,203.36058229615682,1.1777558082002053,873.4870728999423,1455.0731574352285,489.3653715191369,1785.3451205307388,2572.2559224810093,257.02776992612036,0.0,639.2107842768725
1924,6,24,1,2347.503576924829,7032.983194667239,695.5610379567916,574.7759571421625,21.118542140149756,196.60535864619354,7.066534849201232,916.3298764883534,1168.1067662134867,498.30909533573436,2379.355846289106,2410.1659248702135,244.43079350525454,0.0,492.65977804817123
1924,6,25,1,2561.3723411920314,7276.973934828347,619.6323098671547,574.7759571421625,21.118542140149756,186.46763516570627,7.066534849201232,1003.8363961978517,1494.5584565748782,453.5570625896741,2339.7661743827384,2336.66372793385,233.09611740756253,0.0,592.430424864774
1924,6,26,1,2614.3754968493954,6498.997433590633,738.3230431050783,574.7759571421625,20.590337946924027,227.00875307659223,12.955411556327835,825.0694755577358,728.992349847503,423.7186614630619,2674.0421488892266,2336.66372793385,233.09611740756253,0.0,247.88648901156685
1924,6,27,1,2273.051673452764,8918.31844473078,1005.372346788244,441.81568793351937,19.006326966551487,254.0296476764669,12.955411556327835,808.3077422445027,1759.389149794111,408.7938919559229,3176.2843464629123,2336.66372793385,240.6569059411568,0.0,506.693885871803
1924,6,28,1,2898.468286413504,7348.291073257048,927.7087141379664,441.81568793351937,18.478724372630396,240.5192003765188,12.955411556327835,790.6122076324423,370.7529994717402,242.69457280655,2632.7960053549527,2116.317622270859,200.3413760322367,0.0,495.7729780231337
1924,6,29,1,2196.1249144638164,6480.1965973920815,718.2504881046218,441.81568793351937,17.950520179404666,237.82102132095443,12.955411556327835,743.119073576061,1302.0177680935888,302.3713750597744,2461.848133357595,1660.3793220606474,234.35841773072391,0.0,452.1222905435167
1924,6,30,1,3244.948058803834,6636.905243246892,981.8202904622557,441.81568793351937,17.950520179404666,278.35236322077725,2.3555116164004106,795.2625381004126,901.371605283266,329.22482228494874,2835.713779770451,1660.3793220606474,199.07907570906295,0.0,347.6736077857108
1924,7,1,1,3002.309099150752,11255.293893974678,179.77100441745134,540.0829076350888,10.497907940563373,135.33909726506153,90.3821859212671,369.7573002813589,1654.1947291064816,1049.2335721280494,1528.8073595207145,1229.1878313867426,576.7411136325215,0.0,1040.9947725797813
1924,7,2,1,4099.907520973141,10338.149191826353,161.9373485986259,540.0829076350888,10.497907940563373,127.7626886851467,0.0,359.5228380466234,1893.3998620254722,865.3693221101078,963.3210751944954,1463.3196111039308,517.1657437412855,0.0,1040.9947725797813
1924,7,3,1,1913.578909597719,8192.963278327446,172.7150797239647,540.0829076350888,10.497907940563373,78.7662987990657,106.90534104451756,227.98758709924843,1511.3097956037984,821.3301141763216,953.3159865621152,1475.6448703282176,495.6155444097258,0.0,947.1705024349244
1924,7,4,1,2056.2955777489774,9634.745839755218,194.49346267231283,540.0829076350888,10.04129406509722,58.736229715978915,112.73600874079744,206.07127061667123,694.2034082570942,811.4173941305322,1203.5260259536064,1315.4485974419763,448.71523137171124,0.0,1020.4707134855869
1924,7,5,1,3076.1422887435133,8685.881291060161,136.2239307250049,540.0829076350888,10.04129406509722,64.42098015368623,191.45490594699672,213.37359677321774,724.4654998956488,680.4024212106823,982.0888987383996,1449.4536944766537,429.702646091873,0.0,790.2751068714088
1924,7,6,1,1512.9616727713833,9672.97770777905,84.80387952079779,540.0829076350888,9.585281788940836,65.23238907255308,92.32574182003424,146.1492412734057,1189.7439124592336,667.1928864080821,909.5354414371723,1911.538575784295,403.0902320622567,0.0,750.6929929040576
1924,7,7,1,2598.7014119078644,9076.917677466225,63.654520628235254,540.0829076350888,8.672054038008534,62.25559370147329,207.00335313709078,225.06478903402942,615.7014486292255,492.13870555442065,866.9972500332034,1748.3251821505007,385.3399471055923,0.0,872.3878152057052
1924,7,8,1,2599.732601706704,8227.93913561295,88.12152103537277,641.3850253209984,8.21604176185215,49.80388840050966,76.77631796866464,223.60805900792096,715.9502358892993,546.0906335339964,1108.4445545132294,1646.5775994917979,267.45150764628175,0.0,872.3878152057052
1924,7,9,1,2640.052122838923,7775.3536429931655,121.50147247021849,641.3850253209984,7.759427886385998,34.10556982292059,75.80454001929184,248.44717355571717,482.34882471681397,511.95300775833357,989.5927152127289,1561.905636383451,380.2777324075356,0.0,872.3878152057052
1924,7,10,1,2671.6065306815867,7781.760631865141,169.60388215985066,641.3850253209984,7.302814010914717,25.44304641301856,82.60796232622008,203.87683756452256,435.056205065494,453.6016141404381,1244.8218636367194,1628.1218076846728,340.9772481192992,0.0,872.3878152057052
1924,7,11,1,3179.467506581259,7765.795675987097,144.93722234520914,641.3850253209984,7.302814010914717,30.04461482408348,83.57974027559288,191.45728029064057,567.4615806399778,394.14756964105874,1094.6958400018245,1661.9841735221871,320.6893491109009,0.0,766.8190393352056
1924,7,12,1,1787.5675161866652,7433.262450265784,136.84423179699277,641.3850253209984,7.302814010914717,30.857001344065274,93.29751976940705,210.4507987079987,214.6963285540633,368.8311509173673,706.8495730495898,1595.784050735557,320.6893491109009,0.0,766.8190393352056
1924,7,13,1,2712.9572416128112,6875.4342879763435,62.411010823039604,641.3850253209984,6.846801734758332,28.150023878552688,78.71987386743177,228.72529012528867,153.2149259038274,401.8549879238553,904.5328971210116,1792.9400527800065,295.33923540445824,0.0,670.0462887907765
1924,7,14,1,2784.728051607893,7210.068165787201,62.2035976521029,641.3850253209984,6.846801734758332,133.44255111732244,59.283338218549424,259.41000080349073,768.9163745331193,423.87459189076094,868.2396037541183,1612.7152336543447,297.87684945617985,0.0,784.411089987369
1924,7,15,1,2846.8056774945476,7584.089270270671,106.99224270885287,305.18577083536667,5.933634143759571,133.7162794273063,87.46685207312716,212.64523176014742,472.8863123725368,383.1433366014514,1078.4292886160301,1452.5350092826948,285.20179260294617,0.0,541.0214453840738
1924,7,16,1,2236.444435596036,6174.131587994753,140.99249521568643,305.18577083536667,5.933634143759571,120.17650409414716,87.46685207312716,257.2249057643119,181.5924919016592,361.12373263457084,1014.6220015099883,1489.5107869554947,263.65159327138645,0.0,621.6681494973327
1924,7,17,1,3159.7717814245025,6880.685918199537,152.81698439992968,305.18577083536667,5.477200748083785,39.78934265953452,80.66342976619892,255.03047271216323,585.4393569906708,356.7131291085851,724.375042872579,1196.8340259230351,250.97653641816515,0.0,621.6681494973327
1924,7,18,1,1653.719080304929,6695.828534349462,182.25220870532775,305.18577083536667,5.020767352412277,33.563978809599405,80.66342976619892,207.5280006427797,353.7224714589748,313.77657205628265,1143.4789294429281,1310.8266252328838,240.8390936166654,0.0,621.6681494973327
1924,7,19,1,2355.5468573552794,6963.556643118727,158.20584996259905,305.18577083536667,5.020767352412277,58.46641181041171,82.60796232622008,281.3356552990378,90.79425174379645,267.5432002471945,1108.4445545132294,1255.3790072383065,238.30147956494386,0.0,621.6681494973327
1924,7,20,1,2186.225492395455,6525.885780332437,100.14954650878698,305.18577083536667,5.020767352412277,47.36868404277262,42.76115975655299,223.60805900792096,605.3016589821532,300.5670372536825,1454.9949837823515,1303.1233382176893,231.96395113832702,0.0,577.6880228669353
1924,7,21,1,2957.0398669842693,6515.277487281818,62.2035976521029,305.18577083536667,5.020767352412277,45.743911002787485,50.53636001285405,214.8396648122961,119.16384091349559,326.98610685888286,758.1504993650827,1320.0705696510686,210.41375180676735,0.0,577.6880228669353
1924,7,22,1,2202.002696316787,7253.656696638457,105.53841207145636,459.4597517051449,4.1079005610645885,44.39091107057789,48.59280411408691,235.29925126876483,645.0162919298524,243.31829451729595,1178.5133043726266,1187.6061300194422,207.8761377550458,0.0,444.26516679718617
1924,7,23,1,1312.189018948696,6654.445688191983,106.57547792618607,459.4597517051449,4.564333956738436,45.743911002787485,54.42347181038832,217.7624628775151,179.69799522573737,263.1325967212088,1099.6983843179853,1444.8317222675614,206.61383743187207,0.0,444.26516679718617
1924,7,24,1,2730.5905871718887,7860.325020001455,171.05771279732215,459.4597517051449,4.1079005610645885,60.63179826260309,54.42347181038832,211.18850173403897,258.1999548535397,252.12836368160146,1471.2615351681459,1450.9943518796438,211.6890655353275,0.0,410.5305977563335
1924,7,25,1,2381.223483344973,7860.325020001455,179.77100441745134,459.4597517051449,4.1079005610645885,63.337798127022296,58.31156026915509,200.95403949930352,104.98502894971227,277.4447824052929,1361.17243077911,1187.6061300194422,192.67648025548934,0.0,543.9534538260826
1924,7,26,1,2792.6682130585427,6548.152692477778,149.49255834239483,459.4597517051449,4.1079005610645885,93.92400396444852,55.39524975976112,224.33642402099127,214.6963285540633,243.31829451729595,1582.6095579943174,1412.4939653184456,197.73869495354603,0.0,407.5985893143247
1924,7,27,1,3486.65894763821,5526.08041847383,85.63353220453652,459.4597517051449,3.6514671653907462,155.37014394926325,76.77631796866464,238.22204933398388,473.8335607104645,204.78120310331335,1274.8371295339186,1133.683120913263,188.86355247520765,0.0,407.5985893143247
1924,7,28,1,1669.496284226261,6209.212477884491,109.89021177947109,459.4597517051449,3.6514671653907462,124.24332469963078,40.817603857785855,313.4864340163505,446.4032430505604,176.1568317351201,1251.066761673795,1246.1350628200605,199.01400868209384,0.0,557.1474918152219
1924,7,29,1,1817.1626634117833,5624.8110666668335,172.92830821738548,223.99729077107492,3.195033769716904,121.53536963300328,45.677470265946965,244.0676454643897,515.452661369218,203.67855222182948,1342.4046072352062,1298.5013660085967,70.98422239967748,0.0,488.2452934275836
1924,7,30,1,2386.0700753992696,6170.98060986066,172.0947786519768,223.99729077107492,3.195033769716904,122.07305024190781,36.93049206025158,249.1848765817574,146.5941585733333,150.8292751237377,1698.87730155531,1432.5064630432744,308.0142922576796,0.0,406.1325850933093
1924,7,31,1,2342.760103850333,4540.034327799936,184.3263404147121,223.99729077107492,3.195033769716904,137.2356434128222,34.986936161484444,191.45728029064057,35.93959904515671,206.9865048663313,1481.2666238005258,1537.2551179349387,199.01400868209384,0.0,467.72123433341136
1924,8,1,1,2319.1458574583185,6859.364299494067,103.05720778365502,188.9769483440831,6.9490736172749425,0.0,0.0,78.3104445190139,344.38958257142116,445.4820940130496,643.7711334598528,675.6264167739097,92.39517829351857,0.0,250.11020327939084
1924,8,2,1,1831.186844675171,5078.746556077238,99.81031936011865,177.32333680301758,6.414251831652048,0.0,0.0,58.134733657378035,0.0,0.0,368.4158547570855,708.4295806468531,74.17641074268393,0.0,259.3674434165719
1924,8,3,1,2059.801623064866,8574.861828145706,62.48079469363517,177.32333680301758,6.414251831652048,0.0,0.0,58.81827620809616,315.53340688709244,316.21576946081154,386.48796021730317,714.5119676859165,67.66970804595726,0.0,115.79291991524087
1924,8,4,1,2280.37312102411,8099.799358171224,63.90651793871915,177.32333680301758,5.879730845676342,0.0,0.0,54.20156258688199,267.134002335657,230.69906776236874,424.25551333302667,554.1070641096792,66.36836750661192,0.0,375.16530491909725
1924,8,5,1,2008.1390141459096,8253.357025892386,116.6650625497883,177.32333680301758,5.879730845676342,0.0,0.0,64.29035181899692,317.3979904575501,242.62774548040403,266.59254379124326,661.0383169889736,63.76568642792126,0.0,240.8529631422097
1924,8,6,1,2413.4997240467414,6734.375500186436,151.79930295377463,177.32333680301758,5.879730845676342,0.0,0.0,77.28513069292057,114.48742543458623,148.1673199653889,331.1949372785906,583.2672151650212,55.95764319184927,0.0,239.30459913348807
1924,8,7,1,2810.9202724969236,8069.865065900004,116.27737437979589,177.32333680301758,5.345209859705765,0.0,0.0,60.52806638617235,87.49284201014879,122.30514474478848,346.5172998365037,466.62661094371464,65.0670269672666,0.0,196.0821825498991
1924,8,8,1,2109.4018523863083,6185.160011462746,113.2921754710044,177.32333680301758,5.879730845676342,0.0,0.0,55.91135276495818,510.0683023956295,123.30755463705339,286.85119180019836,522.5235873474669,71.57372966399325,0.0,200.7108026185007
1924,8,9,1,2147.2465180014788,6902.322634718594,116.15137572454834,282.8505085454855,6.414251831652048,0.0,0.0,57.10848603001997,41.885327296912045,46.73569054399473,317.5124816323042,332.95853271594876,75.47775128202925,0.0,248.56183927066917
1924,8,10,1,2351.93769305959,6704.441207915213,92.29498418514596,282.8505085454855,5.879730845676342,0.0,0.0,64.46123745666839,223.39107119286575,66.62350280664806,302.7367547116197,466.62661094371464,89.7924972148279,0.0,265.54442749387306
1924,8,11,1,1634.5389500476756,7260.273750719342,85.29527427624815,282.8505085454855,5.879730845676342,0.0,0.0,65.48655128272947,383.48601134076733,107.39374070286358,345.970664199334,424.0819986995148,58.56032427053994,0.0,268.6411555112943
1924,8,12,1,2870.523042866529,7462.041383887777,116.6650625497883,282.8505085454855,5.879730845676342,0.0,0.0,60.01540947312569,11.169553559645014,0.0,294.5206554373242,443.5327984127834,52.053621573813274,0.0,234.67597906490857
1924,8,13,1,1665.2684060512681,7134.024560157805,119.0008837738425,282.8505085454855,5.345209859705765,0.0,0.0,61.38342837585894,196.38950804386207,134.2449603504897,335.0213867390137,394.9218476441729,48.14959995577728,0.0,381.34228899639845
1924,8,14,1,1626.5987885970262,7636.395507291912,131.1839845153287,282.8505085454855,5.345209859705765,0.0,0.0,75.40445487717291,301.5739576963589,92.4778815058673,417.14925004940903,385.21249630216073,50.75228103446795,0.0,296.429347880401
1924,8,15,1,2645.001833873187,6993.385902785716,131.83336220006598,282.8505085454855,5.345209859705765,0.0,0.0,64.97389436971505,164.75141355647932,112.37014892359201,389.2211384033281,514.0178746015941,50.75228103446795,0.0,423.032813528807
1924,8,16,1,1874.9092921434772,5876.679252162731,123.01345633311385,9.75422162942046,5.345209859705765,0.0,0.0,66.17102763474458,344.38958257142116,64.63538985364218,442.32761879318537,493.3473877775334,48.14959995577728,0.0,373.61694091037566
1924,8,17,1,1959.3637366637047,4530.791458607455,90.2208524757616,9.75422162942046,4.810688873739144,0.0,0.0,63.6058754669818,44.67721713506653,92.4778815058673,358.0132129339937,421.6586729926444,49.450940495122616,0.0,319.5889201809061
1924,8,18,1,2384.7295286608614,6268.450866799757,69.22172274907969,9.75422162942046,4.810688873739144,0.0,0.0,55.22781021424006,464.4607876823806,113.36142092819104,466.41271626256355,359.67930954976754,50.75228103446795,0.0,233.1276150561869
1924,8,19,1,2333.994990560778,5671.02541262924,103.05720778365502,9.75422162942046,4.276167887768127,0.0,0.0,53.34713439849239,241.06971648944844,0.0,570.4225697772611,533.4526258002712,46.84825941643195,0.0,279.44675965719705
1924,8,20,1,2133.325455718058,6743.513336774239,107.59315937234109,9.75422162942046,4.276167887768127,0.0,0.0,55.74046712728672,0.0,78.55663567975473,446.15406825360844,543.1780256568749,66.36836750661192,0.0,355.1024606360134
1924,8,21,1,2338.0166307760032,8244.219189304136,121.07501548322684,9.75422162942046,4.276167887768127,0.0,0.0,76.94242561628064,335.07663575419923,158.10231578656027,618.5927647160764,669.5440297348463,44.24557833774128,0.0,279.44675965719705
1924,8,22,1,1825.3090628222003,7607.826638878827,121.58870230846678,9.75422162942046,4.276167887768127,0.0,0.0,60.69895202384383,400.2373503696874,90.48865476407475,491.5910850063988,504.2924747449292,48.14959995577728,0.0,339.6517644639678
1924,8,23,1,2771.2194652438425,6099.243341014139,112.77848864576447,130.2625821114518,4.276167887768127,0.0,0.0,26.33132902324425,260.62291639168774,101.42717426629768,539.2146443079856,573.5578638229478,46.84825941643195,0.0,242.384855193368
1924,8,24,1,2365.7556363632098,7040.335476979531,76.86984112224829,130.2625821114518,4.276167887768127,0.0,0.0,32.4869471848414,343.4622763037587,176.00090130744616,567.6893915912951,466.62661094371464,52.053621573813274,0.0,335.0231443953883
1924,8,25,1,2273.361030392499,4864.059912560176,72.85145324047296,130.2625821114518,4.276167887768127,0.0,0.0,15.730816679394744,0.0,87.50592844018513,490.4978137320007,455.6815239763187,49.450940495122616,0.0,253.20693129681203
1924,8,26,1,2610.2507376542035,6651.084644848979,139.35451269754353,130.2625821114518,4.276167887768127,0.0,0.0,3.419673736294146,304.36584753447903,88.50054181109397,547.4307435822811,466.62661094371464,46.84825941643195,0.0,285.6237437344982
1924,8,27,1,2359.8778545102396,5134.728934254625,143.3670852568149,130.2625821114518,3.2071259158260963,0.0,0.0,47.704173149920166,449.56406118878544,72.59006924318886,385.394688942905,319.59012004168244,48.14959995577728,0.0,274.81813958859544
1924,8,28,1,2331.004540144226,6761.789009950292,134.944559764105,130.2625821114518,3.2071259158260963,0.0,0.0,57.622076744331366,327.6382435425011,50.714144027529635,416.58604969590084,490.92406207066296,52.053621573813274,0.0,251.65856728809035
1924,8,29,1,2257.4807074912,7515.397946953567,121.07501548322684,130.2625821114518,3.2071259158260963,0.0,0.0,61.554314013530416,0.0,0.0,499.80718428069434,543.1780256568749,46.84825941643195,0.0,314.9603001123044
1924,8,30,1,2119.404393434471,5302.676068786784,125.0875880424982,246.67968191533592,3.2071259158260963,0.0,0.0,62.92233291626367,593.8349685754293,115.34396493733887,520.0658322896494,567.4754767838843,44.24557833774128,0.0,273.2697755798959
1924,8,31,1,1516.2614801275038,5854.5173726216235,77.5172803660756,246.67968191533592,2.672604929855078,0.0,0.0,55.05692457656858,55.846770694711545,27.842491652200007,355.8266703851973,532.2329386895402,41.64289725905062,0.0,234.67597906490857
1924,9,1,1,2481.2488938267643,8252.726830265656,0.0,144.81224009507835,6.4611765777471195,0.0,0.0,0.0,428.30581427827633,81.10832574995513,352.5965507108417,295.01984416624975,25.449015587433703,0.0,284.27304321627145
1924,9,2,1,1489.141188419435,7647.21386555144,0.0,144.81224009507835,5.873895332384435,0.0,0.0,0.0,5.907638897534806,81.10832574995513,256.885620051838,277.88003055746617,25.449015587433703,0.0,220.0818246849189
1924,9,3,1,1946.886340098327,8677.0585522855,0.0,144.81224009507835,5.873895332384435,0.0,0.0,0.0,531.6855065710446,81.10832574995513,198.95880722483727,260.74021694874375,41.99035518305065,0.0,200.21664389230776
1924,9,4,1,1378.0820470908077,6851.486854159723,0.0,144.81224009507835,5.286493767159796,0.0,0.0,0.0,0.0,81.10832574995513,171.26260160667147,253.3899972551135,0.0,0.0,247.58999377584664
1924,9,5,1,2668.2036043456656,7505.734947343266,0.0,144.81224009507835,5.873895332384435,0.0,0.0,0.0,368.2402986173988,123.89786268472636,334.6072688320223,290.1250472086731,104.33888176363068,0.0,278.1619469691131
1924,9,6,1,1784.1645898507438,6738.051641342136,0.0,144.81224009507835,5.873895332384435,0.0,0.0,0.0,431.2572406785842,86.85547579898581,265.88026099121817,264.4153267955894,0.0,0.0,261.3440783212995
1924,9,7,1,3000.5560764928077,8238.022265641071,0.0,144.81224009507835,6.4611765777471195,0.0,0.0,0.0,455.865755394904,70.25111282790405,283.8695428700376,326.8440486476411,80.16257722366998,0.0,294.96334365938554
1924,9,8,1,1806.43828950435,7212.483915689888,0.0,515.456594906123,6.4611765777471195,0.0,0.0,0.0,187.07656122657366,144.33588659936007,465.9323394905125,403.9732098870144,41.99035518305065,0.0,189.50987149165246
1924,9,9,1,2816.694935370093,8136.35070452333,0.0,515.456594906123,5.873895332384435,0.0,0.0,0.0,0.0,63.22644706061828,228.46056691742632,512.9105270931263,57.258983731194604,0.0,246.05810172466622
1924,9,10,1,985.033743387373,7595.642856761161,0.0,515.456594906123,5.286493767159796,0.0,0.0,0.0,185.10229626959116,106.01487020660285,153.2700067845726,427.22750756404446,0.0,0.0,241.47889752871046
1924,9,11,1,2493.4169334522403,7801.926891921383,0.0,515.456594906123,5.286493767159796,0.0,0.0,0.0,185.10229626959116,52.36923413854211,44.2542960104845,255.84541999116706,19.086761690575276,0.0,166.58090659670262
1924,9,12,1,357.6475579111407,7275.818576179566,0.0,515.456594906123,5.286493767159796,0.0,0.0,0.0,185.10229626959116,57.478183222826026,129.52448599889783,112.62045131022278,8.906895187496243,0.0,157.41755661750656
1924,9,13,1,1551.8375281853928,7057.770889319945,0.0,515.456594906123,5.286493767159796,0.0,0.0,0.0,428.30581427827633,92.60373963677806,112.2541128066036,101.60314602707322,21.630882444990032,0.0,145.1920697317038
1924,9,14,1,1591.2289784989052,7731.13491651518,0.0,515.456594906123,5.873895332384435,0.0,0.0,0.0,1.969179729061149,89.41050723552111,124.12770143530503,222.80152839904474,15.268628548131606,0.0,189.50987149165246
1924,9,15,1,1725.593009279978,7968.403569991172,0.0,254.72315337055056,5.286493767159796,0.0,0.0,0.0,225.4750175363731,72.16682951090591,102.90001752396078,137.10406520675105,24.176304539948365,0.0,217.01804058258017
1924,9,16,1,2716.669524888468,8254.197286728026,0.0,254.72315337055056,4.699092201935403,0.0,0.0,0.0,21.661076730023964,109.20810260785981,44.2542960104845,193.4166981391154,21.630882444990032,0.0,168.112798647883
1924,9,17,1,1820.5655897477047,7891.7297687350465,0.0,254.72315337055056,4.699092201935403,0.0,0.0,0.0,0.0,60.67141562408298,128.08501215429615,226.46058973123772,16.541339595616947,0.0,227.72481298323552
1924,9,18,1,1565.9648284287475,7281.805434633721,0.0,254.72315337055056,4.699092201935403,0.0,0.0,0.0,408.61301988411435,106.01487020660285,133.48179671794784,246.05582607607485,19.086761690575276,0.0,142.13487441235947
1924,9,19,1,1741.7826891208458,4738.5459502300455,0.0,254.72315337055056,4.111690636710755,0.0,0.0,0.0,0.0,0.0,148.95324172231892,208.10108901178427,22.90359349247537,0.0,227.72481298323552
1924,9,20,1,1415.4111178066407,5277.888374134078,0.0,254.72315337055056,4.111690636710755,0.0,0.0,0.0,257.9606500102912,145.61674368392497,121.60820808924642,364.79878571193166,19.086761690575276,0.0,184.93066729567454
1924,9,21,1,1055.7321159918276,8986.484605025833,0.0,254.72315337055056,4.111690636710755,0.0,0.0,0.0,716.787802840702,122.61700560016146,165.86250409974028,209.3207761225153,35.628101286192226,0.0,249.12188582702709
1924,9,22,1,3270.315327853959,9493.371954151724,0.0,188.86785070413322,4.111690636710755,0.0,0.0,0.0,0.0,122.61700560016146,132.04232287328725,258.30084272728175,36.900812333677564,0.0,192.57365559399116
1924,9,23,1,1843.7673602203495,9561.223016633188,0.0,188.86785070413322,4.111690636710755,0.0,0.0,0.0,0.0,55.56246653982417,196.09311130857515,295.01984416624975,53.44215192929451,0.0,308.7174282048383
1924,9,24,1,3006.640096305546,10965.40390566386,0.0,188.86785070413322,4.111690636710755,0.0,0.0,0.0,49.22999177828549,103.46095255885423,180.6216663042041,390.50850612507645,39.44493308809232,0.0,282.741151165091
1924,9,25,1,1956.9920001264566,7505.734947343266,0.0,188.86785070413322,4.111690636710755,0.0,0.0,0.0,458.8271528303445,87.49479055249415,171.26260160667147,285.2302502510964,26.720425294375463,0.0,276.6300549179327
1924,9,26,1,1058.8256853881803,1603.112641878601,0.0,188.86785070413322,3.5243492314169997,0.0,0.0,0.0,408.61301988411435,48.53668698375172,168.74476473228205,204.42597916493858,35.628101286192226,0.0,233.83590923039384
1924,9,27,1,2084.2408212959517,2600.607286438753,0.0,188.86785070413322,4.111690636710755,0.0,0.0,0.0,198.8922378630708,38.95698977995575,148.95324172231892,246.05582607607485,40.71764413557766,0.0,168.112798647883
1924,9,28,1,2502.4914036815303,5090.720272985548,0.0,188.86785070413322,4.111690636710755,0.0,0.0,0.0,0.0,181.38050106262375,179.8928187878994,232.59112231413695,34.35539023871923,0.0,281.20925911391055
1924,9,29,1,2234.7945319180585,8584.314762547097,0.0,274.231794988692,4.111690636710755,0.0,0.0,0.0,0.0,134.75730318432568,176.29827535539144,200.7669178327456,31.8099681437609,0.0,223.12913682971637
1924,9,30,1,1737.657929925654,8811.18518818138,0.0,274.231794988692,4.111690636710755,0.0,0.0,0.0,299.32050375553115,84.30155815123719,133.84125106115152,129.7586600675044,16.541339595616947,0.0,207.8596321906244
1924,10,1,1,2691.302255838343,11170.21748436171,165.64946282615318,219.14740477651,5.566297605734472,124.28242874392652,26.018255850758653,529.3065901923877,0.0,0.0,1407.7358482388581,876.489625694388,63.96088750882863,11.60973654758305,365.51273780094857
1924,10,2,1,1818.1938532104566,8021.024904825999,151.51822903053014,219.14740477651,5.060292427007998,38.87528562439678,26.018255850758653,470.42108029077923,292.18124259794337,132.1176238013338,734.2476137747809,937.0567198511296,66.128920847371,10.448690109069986,389.8747630018314
1924,10,3,1,2130.231886321705,2777.902322768071,89.71201175264657,294.47436618479,5.060292427007998,33.365525784862186,26.018255850758653,502.92670350162496,89.15601067088834,164.87415150323787,855.8160665449678,916.3380874832942,68.29695418592573,9.287789238065105,380.1398360959986
1924,10,4,1,2272.3298405936594,2451.040857687325,107.02131932160229,294.47436618479,5.060292427007998,68.87297559535125,0.0,428.10120542968167,0.0,224.92964193798116,767.1120108719626,501.9975371549747,67.21293751665453,9.287789238065105,430.49461029419206
1924,10,5,1,1501.1029900853093,7231.074686679529,54.0388847924242,294.47436618479,5.060292427007998,64.28216079646442,10.84093993782428,428.10120542968167,294.8335379442073,140.8497277518023,500.9998438527704,560.9597798502376,65.0449041780998,0.0,430.49461029419206
1924,10,6,1,1797.6731762147947,7783.756251350008,114.78477492540014,294.47436618479,5.060292427007998,65.81210652905506,11.9250339316067,379.03928519132734,0.0,167.05717749084872,425.44817290510275,584.856018111847,71.55030553428288,0.0,393.136210594665
1924,10,7,1,2429.7925228675763,9383.71791509496,78.4099323774381,294.47436618479,5.060292427007998,57.24147762322426,9.756845944041835,331.8076154985866,152.71637414699887,105.91128785107408,507.57603621543916,788.8486873822634,63.96088750882863,1.160973654758341,404.50186129690354
1924,10,8,1,2327.9109707480397,10281.746683231147,123.26545364360891,294.47436618479,5.566297605734472,67.64901900927876,11.9250339316067,194.42676842077353,86.50870084219066,153.94788367746747,637.3440235437009,968.9290698764179,59.624820831731505,1.160973654758341,424.00465902362953
1924,10,9,1,2578.077615932236,10502.000054784547,93.5976164362154,294.47436618479,6.072543424187077,53.874619410431485,65.04563962693969,196.2663569793892,0.0,43.67499900624305,1006.9359731566418,945.016783100156,57.456787493176776,0.0,464.608034358449
1924,10,10,1,2793.2869269378466,1163.7612574210314,77.35057445299387,132.01806231808604,6.072543424187077,67.64901900927876,130.09127925387938,178.47744223746872,284.24429862948307,117.91681699415967,29.56801855768634,509.95760040400097,57.456787493176776,4.643894619031438,464.608034358449
1924,10,11,1,2364.930684524138,1952.3460517093652,103.48366477057162,132.01806231808604,7.084433461782523,69.48593148950245,13.009127925389121,142.292641909424,171.25252846531598,121.2024938632795,41.06558812681244,404.7756356177536,56.372770823905576,4.643894619031438,373.6334128679169
1924,10,12,1,1797.6731762147947,5523.139505549091,93.95041267087849,132.01806231808604,6.578488442982236,57.547466769742385,20.597785881866116,204.84799091526153,0.0,76.43041291936042,767.1120108719626,592.8321298755259,55.28875415462204,1.160973654758341,398.01191002634096
1924,10,13,1,3081.5044756971465,4707.456299309598,95.36353605044079,132.01806231808604,7.084433461782523,48.97683786393315,0.0,168.05621974298072,613.4978498641271,76.43041291936042,479.6479245693582,741.0401623443922,49.86867080825373,4.643894619031438,315.1579636027772
1924,10,14,1,2092.0778637668004,7815.05596747892,81.58897537122579,132.01806231808604,7.590378480577681,58.465434209296774,0.0,290.10404949466266,2371.0124450526478,90.62453699394004,369.591949612882,838.2460153670215,49.86867080825373,2.321947309515719,409.3775607285795
1924,10,15,1,2050.9333907953433,8208.613136392349,85.82737628953272,132.01806231808604,7.590378480577681,68.56698644883313,14.093221919171544,143.5159216108337,578.1904144466247,147.39880571463488,661.9757566503076,889.2481948132584,53.120720816079654,6.965841928549386,372.0191610290524
1924,10,16,1,2049.9022009966698,7228.2388063590215,82.64833329574505,132.01806231808604,7.590378480577681,37.344362290691215,14.093221919171544,232.45115730746616,428.12633564582336,65.51194161499633,579.8478933399124,749.0002255933573,53.120720816079654,6.965841928549386,285.92023897021835
1924,10,17,1,2314.5055033637896,8089.296097725284,57.92448947600114,746.9518689325948,7.590378480577681,13.774399598851167,4.336375975129707,232.45115730746616,546.4127254673193,92.80867677031246,542.0637755079681,599.2033901776041,52.03670414679612,15.092439160595468,511.71783292135007
1924,10,18,1,1967.510136073956,8057.996381595925,55.452008171984026,746.9518689325948,8.09632349937797,36.120405704618705,24.934161856978836,274.7710321685638,104.1674040685082,75.33889992556756,528.9279554988514,653.3831755176147,50.95268747752493,2.321947309515719,279.4138157421146
1924,10,19,1,656.8782137213831,8232.770635417877,68.87377261652695,746.9518689325948,8.09632349937797,76.52563706162766,9.756845944041835,182.77292821190596,846.5408830689221,168.14869048464158,510.8558500386337,468.520335668269,54.204737485350854,0.0,284.2895151737905
1924,10,20,1,2081.86908475887,7934.373006145985,107.37023867459546,746.9518689325948,8.09632349937797,36.120405704618705,0.0,112.24291611439988,0.0,89.53302400012205,484.5676453041795,384.05700324985713,57.456787493176776,3.4828481805206004,354.14708709871
1924,10,21,1,901.9198456057202,7323.39834600011,44.85649048656061,746.9518689325948,7.590378480577681,19.59014858490975,18.42959789430125,151.49058470247,600.2662862383379,97.17584253429574,459.93591219757275,329.8772179098465,54.204737485350854,5.804795490036319,501.966434057976
1924,10,22,1,1542.350582036567,7428.535983065089,98.8992521606365,746.9518689325948,9.108213536973416,8.570922186160944,0.0,146.58812788382897,363.6835355601469,0.0,637.3440235437009,376.09694000089195,35.775152767135275,0.0,290.7794664443531
1924,10,23,1,1305.4862852566541,8592.29724048612,108.0777695848316,746.9518689325948,11.63854023026923,12.550443012778638,20.597785881866116,237.36295213907707,355.74659159168664,69.87910737897961,561.7757878797536,372.90328559246535,52.03670414679612,0.0,415.86751199914204
1924,10,24,1,1424.8980639554666,10045.843453613292,9.18316968220358,665.2278186357845,26.313352172634563,14.08038874536929,0.0,199.32922523941457,24.716201895775875,115.73379100654881,407.3760674448851,366.53202529038714,60.7088375010027,8.126742799554266,272.92386447155195
1924,10,25,1,1605.150040782326,6453.833413672329,97.12557878299627,665.2278186357845,27.325242210230016,12.550443012778638,53.12060569531865,157.00935037831695,285.1217497214827,85.16585823613877,435.304179090966,347.4182443839691,69.3822721957405,6.965841928549386,402.87113750047564
1924,10,26,1,2128.169506724026,8855.193849450457,68.52000716142449,665.2278186357845,20.240808748442358,15.305322932548886,126.83899727253991,180.9333396532903,414.8848009848351,88.44151100630407,409.0159743565118,364.94322234350017,86.72653890412897,8.126742799554266,339.51998880366
1924,10,27,1,1003.8426453172101,8626.327804331306,105.60625750120504,665.2278186357845,16.699193616860864,21.4270610651256,75.88657956475939,95.0703102296531,450.19223640240403,111.36996660887534,476.3681107461637,385.6618547113356,70.46628886501169,4.643894619031438,427.2496346588997
1924,10,28,1,1925.3344733038257,7557.831119155597,80.52864822640159,665.2278186357845,14.168866923565046,15.611312079067014,258.0143705201991,112.24291611439988,396.348646666518,107.00280084486697,323.5917325066423,407.9692900261191,49.86867080825373,10.448690109069986,381.75408793488515
1924,10,29,1,1752.3008250683454,8116.28947707132,102.77613386041052,665.2278186357845,13.662921904764758,11.63149797211719,189.71644891191997,105.49153272414107,195.08330244102845,0.0,507.57603621543916,404.7756356177536,61.79285417027389,19.736042644614994,453.24238365621045
1924,10,30,1,1810.0474538002052,8210.083592854719,129.27462027819112,665.2278186357845,13.662921904764758,13.162421305814911,97.56845944039877,143.5159216108337,691.1821846107918,69.87910737897961,458.296005285946,329.8772179098465,107.32415696089929,15.092439160595468,437.00103352227376
1924,10,31,1,1945.9582692794543,10689.168155933074,115.85091739280423,624.6732504726989,13.1569768859696,12.856432159296764,42.279665757498954,45.386478326310936,0.0,107.00280084486697,389.3039619847263,404.7756356177536,126.83775834838605,15.092439160595468,614.0581051140986
1924,11,1,1,1336.3188602402133,3543.484976679656,322.440250968355,309.7182818773128,27.162810396818863,391.4412592885552,58.54791229303899,478.6011796681724,23.61938803078661,0.0,678.1760491709834,730.7049189323924,54.4389787824298,89.32313385152149,510.84481917175293
1924,11,2,1,1391.8999903944275,3814.889226605513,293.0437954800312,309.7182818773128,28.860523646578184,199.10801748032242,49.39952631127059,623.8259576557854,918.2027125933133,9.660001374064667,1026.846762123783,2557.4912890352607,50.65207781293328,72.19274958821948,495.36117908464695
1924,11,3,1,2936.3129520286734,5236.085397558778,237.9242299137615,309.7182818773128,37.91519484505936,194.59150036558881,29.274444477135745,548.9257554799539,381.85076157842553,1.0733359610933397,1270.232138408411,1821.9878642330243,47.338864799768984,62.404790394947,424.4164579621163
1924,11,4,1,2885.784651888524,4143.641278566448,268.24144480581725,309.7182818773128,51.496900843123676,188.58902956807037,54.88933922933485,380.86953573694086,384.80218797873346,0.0,843.6244353637913,1346.438279163384,45.44541431502071,56.286588061613,513.4309165054399
1924,11,5,1,2093.3152915252413,4082.197204956958,277.4296544342622,309.7182818773128,53.76011744326293,188.58902956807037,32.93301754083988,303.233295755643,922.1412714720793,0.0,817.6509602385916,1140.150672303074,48.28493937186514,56.286588061613,527.6132719469429
1924,11,6,1,1720.3339413061453,3451.6864803815715,213.12187923962267,623.1855553823241,44.13994289440182,188.58902956807037,82.33352051336449,337.0275647588166,369.0479524634704,42.93321568596752,745.1803265187626,1094.4765997089974,48.28493937186514,53.839598263294874,428.28736798388724
1924,11,7,1,2616.9534713462454,4179.982559709643,224.15160767538146,623.1855553823241,37.349089895369666,188.58902956807037,82.33352051336449,406.4463533107774,381.85076157842553,174.95393986441726,1163.5719302890866,1069.280431763577,48.28493937186514,53.839598263294874,459.2546481580992
1924,11,8,1,7595.125343941304,5207.831626958837,235.17164390696547,623.1855553823241,35.085873295230414,198.35526462787757,58.54791229303899,306.8844588339001,924.1055653939293,4696.847239675636,2260.0898890816143,812.5844404977125,42.604587917620364,55.06236532491747,568.8919975408646
1924,11,9,1,2820.0978617061805,3941.978678002244,178.22025173755677,623.1855553823241,33.95366339585615,193.84852352420717,69.52558480663794,337.94269003160724,378.8893641429186,3657.9050757748955,4533.928492674692,1072.4259406281067,47.812552756088856,48.94416299158569,528.9145565925459
1924,11,10,1,2281.4043108229494,4714.59851641298,208.5277744253627,623.1855553823241,38.481299794749056,190.8375121143848,71.35584799974403,338.85781530443006,381.85076157842553,1114.1229058210865,1408.3156133086459,1029.9134254131511,45.91910227134059,53.839598263294874,638.5683779328526
1924,11,11,1,1481.8197408480892,5238.081017043646,264.56809939528927,623.1855553823241,38.481299794749056,199.10801748032242,62.20746201799715,338.85781530443006,379.87649662144304,676.2034375508255,1236.0425640089156,966.9230055495392,44.49803840236862,55.06236532491747,544.3817247221106
1924,11,12,1,2789.780881621958,4104.359084498067,756.0403924729062,623.1855553823241,36.78358654498973,206.61599398275206,75.01442106344817,392.7474882575373,924.1055653939293,510.9060463152796,844.9993068149436,919.6761785231671,42.13089996130049,52.615375526599344,554.7096420993618
1924,11,13,1,1352.4054211011141,5939.173651816771,668.7717854115167,1020.0629336199584,39.61290809481868,210.36998223397765,53.05907603622876,337.0275647588166,379.87649662144304,475.4875634550267,962.5756629619699,936.9925257927023,42.13089996130049,56.286588061613,510.84481917175293
1924,11,14,1,1957.9200709453291,5670.81534742033,561.2949324900983,1020.0629336199584,43.573837944712125,240.43121627688575,54.88933922933485,372.6520843076038,381.85076157842553,410.0079217143418,589.3063463351228,1029.9134254131511,39.76506286077594,53.839598263294874,607.6010977586186
1924,11,15,1,2891.8686717012624,7369.507659358285,418.8970676581893,1020.0629336199584,106.95232513891199,240.43121627688575,93.31119302698497,329.7252386022701,381.85076157842553,320.9270959544792,674.0845642500859,988.9576161158383,41.18482538920433,53.839598263294874,628.2404605555794
1924,11,16,1,1710.2282812781818,11693.279854574112,507.0961263275606,1020.0629336199584,69.03953669108657,223.8999815560521,102.46153233126142,315.11124827623945,383.81505550027543,298.3840112660716,746.555197969915,944.8723464685874,40.71113743287211,51.39115278990382,473.4370035996021
1924,11,17,1,2390.5041915340307,8375.089814461691,338.06408421837375,1020.0629336199584,52.0624041935036,223.8999815560521,455.5734093150773,423.7963814422423,2567.6412579398248,277.9905389022019,858.6651977449503,968.4957599817734,855.878659322126,48.94416299158569,521.172736549004
1924,11,18,1,2006.3859914881314,7121.315615018087,304.9942833195219,1020.0629336199584,43.00833459433219,223.8999815560521,455.5734093150773,320.59266190014233,2563.652843885263,253.3089797769474,705.5243957472766,936.9925257927023,855.878659322126,52.615375526599344,470.850906265893
1924,11,19,1,2009.479560884318,15435.591551497911,361.9456754888556,1020.0629336199584,39.04680314512898,223.8999815560521,406.1738830038067,328.8101133294794,1467.3375306528246,255.4474542137943,773.8869798299872,749.5940206341619,214.44790747874157,52.615375526599344,474.72181628768607
1924,11,20,1,2657.3761114584313,11486.36562378716,318.76690555782693,429.87445534159616,36.78358654498973,223.8999815560521,311.03731008998574,347.9903920065901,1454.5746056784662,215.74088459215673,1055.5534154349489,749.5940206341619,227.69555416927383,52.615375526599344,768.8450901125568
1924,11,21,1,1199.7893308814942,6626.086884987363,461.15507818548605,429.87445534159616,35.65137664561034,223.8999815560521,384.21853797656576,336.1124394859937,1467.3375306528246,216.81012181056758,1037.779474867765,899.1982738745106,604.0432381479883,55.06236532491747,561.1666494548418
1924,11,22,1,2079.1879912820527,6815.670736038579,1217.2439316797163,429.87445534159616,33.95366339585615,223.8999815560521,1224.0495517184777,385.4358240880209,5307.482292682959,316.6278713054285,1021.3804057517333,792.1225843637088,1913.4911290536008,57.509355123235586,522.457549237088
1924,11,23,1,2612.9318311310203,7693.218146304936,1408.277277435072,429.87445534159616,33.38816004547109,223.8999815560521,892.8539533116555,514.2163612039574,3685.5937174179435,308.05169778265906,816.2760887874393,741.7302484728071,604.0432381479883,55.06236532491747,510.84481917175293
1924,11,24,1,1632.4765704499966,10535.820553420823,1375.2268609446448,429.87445534159616,34.51976834554072,223.8999815560521,409.836362712527,568.1060341570645,2028.307967419165,250.09013023397355,844.9993068149436,628.3314442037018,354.09476075590555,56.286588061613,530.1993692806299
1924,11,25,1,1266.5073108626775,11502.120514456294,2521.7177016039727,429.87445534159616,36.217481595300036,223.8999815560521,206.74942121061284,560.8037080005503,2040.0737888799993,246.8712806910248,972.150068971138,661.4074328250683,264.6275986758986,58.73357785993112,513.4309165054399
1924,11,26,1,2013.5012010997093,15257.036123915133,1425.7232450839049,429.87445534159616,34.51976834554072,223.8999815560521,206.74942121061284,613.7782556808346,1501.837312224322,183.54125127485264,884.63867287015,751.1667750663961,264.6275986758986,58.73357785993112,677.2610061930653
1924,11,27,1,1883.1588105336957,12328.727111559549,1161.1260690757913,765.8356786127979,36.78358654498973,210.36998223397765,137.22090642019128,548.9257554799539,933.9469770734438,181.39163895031479,933.8690096508042,874.0021059290904,181.30276394161336,55.06236532491747,700.4864663237353
1924,11,28,1,1355.4989904974666,8779.57037423888,748.6937016519252,765.8356786127979,44.13994289440182,209.62700539257446,124.41687735850238,523.3489379061174,1487.9775733849144,183.54125127485264,943.4434156599133,755.9010868778128,161.41828050040385,53.839598263294874,494.07636639656295
1924,11,29,1,3540.796412074215,9213.355030660114,905.784948125871,765.8356786127979,52.62850914319329,209.62700539257446,161.0026079955222,513.3105739441366,1490.968883925819,177.10355218893002,943.4434156599133,672.4327623655442,148.1706338098716,51.39115278990382,559.8653648092165
1924,11,30,1,2482.4863215852056,8770.537570255308,1304.4737699241814,765.8356786127979,42.4422296446425,209.62700539257446,109.77672513616163,548.010630207131,1496.851794656236,145.97315609006193,935.2273163856179,606.2968336374028,133.49151252605577,55.06236532491747,598.5744650269926
1924,12,1,1,2630.5651766900974,3461.244447387195,12228.654101444112,10875.051110493741,614.1727344713694,591.7712781527633,47.04870266888473,592.2354597177625,4194.714771475646,1146.0886434968297,597.5721397582572,2040.2476629960568,235.68578508085443,103.68627980036536,884.7911992329313
1924,12,2,1,3050.3625437738524,3251.914466697557,21300.55727886482,7665.993620925701,1170.4716154251068,538.3844816947626,39.38972510200681,606.1771131086712,1686.8000140020572,2298.6372618549885,1146.2949312102924,2490.5689830910324,274.80408169358225,133.31072321831678,809.2013860842799
1924,12,3,1,5600.3917971793135,3058.759507094873,10302.813117092059,7665.993620925701,930.1326915135494,545.5014177543428,39.38972510200681,515.5983871261777,4212.064372612786,717.3802083478,1540.319837334484,1886.3424078388746,274.80408169358225,494.1871306550178,918.8716793821056
1924,12,4,1,17759.15071460592,3629.6117123371732,5296.886544329228,7665.993620925701,383.6458952882114,460.9584740134986,44.86000479494744,547.8238699473784,2401.623522920976,506.25040926006693,1569.639385147997,1851.196160832202,274.80408169358225,494.1871306550178,699.5310927864318
1924,12,5,1,9013.217555224928,3365.1396143062343,7050.593981212229,7665.993620925701,423.8206971375566,395.99688044758454,1141.7170078663455,606.1771131086712,2215.3645865755398,380.22521002618464,1569.639385147997,1702.1054600594553,278.81221055475896,176.3987053897754,935.1789173461851
1924,12,6,1,11424.551780694355,3882.6352564822996,6928.762973797517,7665.993620925701,543.978127107163,506.348493415524,459.0014903224432,612.2654975767779,2223.4411250359226,367.30526030357544,1094.1823337971553,1125.113214108902,234.68375286555715,133.31072321831678,935.1789173461851
1924,12,7,1,7567.489457333899,3344.1330934139073,4635.296682266445,7665.993620925701,352.51914704494516,630.9339785026453,250.56244513951967,670.6187407381028,2405.1133852186426,315.60318563775655,2632.96165251775,1214.8725563501685,235.68578508085443,122.5372720003775,794.3766242987349
1924,12,8,1,3817.4646350870103,3544.0101397021535,3620.619819398759,7665.993620925701,257.6950639737544,622.9176494245437,141.69401497111133,831.7461548440743,2763.8712294214993,288.67177319874526,3114.8292490685226,1376.7378747563766,232.67968843496266,126.5782260040267,663.9681364587229
1924,12,9,1,4282.634353317215,3626.7758320166668,3208.701138800058,1941.342913240291,201.95688800277608,501.9004083782756,240.71769968246653,913.6125147088912,2037.6807404472486,376.9952225955449,2377.2024331728103,1533.80468729268,240.70895956272716,127.92472544688474,661.0031841016095
1924,12,10,1,3100.6846059544,3753.2350877871136,2675.629905084131,1941.342913240291,163.953859658614,1007.3201807420886,2119.9409215352416,2563.1911850451374,3133.796632976969,271.44146093936934,2162.3580630366105,1445.6662450274837,223.64838509191318,129.27122488974274,818.0962431555757
1924,12,11,1,21041.42784412559,3487.817696315858,2708.0018672770716,1941.342913240291,137.89257759641237,2782.6437912114848,942.0679139843593,3774.6116099637493,1674.8347718385712,202.49793612648352,2098.7495525259246,1464.892365536226,223.64838509191318,129.27122488974274,754.3662394353559
1924,12,12,1,18833.65048493563,3895.029103808429,2531.894516065823,1941.342913240291,133.18807100069958,1126.5875158066726,2497.4204968477957,1777.5841523741988,2767.26138136784,220.80862349196136,1838.352212622977,1378.3427262178554,223.64838509191318,80.79433359670398,678.7764262867045
1924,12,13,1,9661.526581718412,11366.62845470272,2699.4727275376135,1941.342913240291,146.21871203179782,1018.0737929200503,1285.0908801972057,1282.0158031070039,3139.28070230195,220.80862349196136,1795.9465389491863,1352.697199863199,223.64838509191318,83.48733248242,760.2961441495605
1924,12,14,1,6826.579586909771,31863.74121514637,2547.11127673735,1941.342913240291,115.45292337388341,711.9086782026363,795.4515262846998,1061.638696592889,2407.905275056829,233.73971110226157,1745.424154298778,1306.2207015383829,193.56139182224715,113.11177590037143,681.7413786438178
1924,12,15,1,5342.697466464004,27503.837803995808,2514.642392501911,1941.342913240291,101.33940358673476,765.3052506717219,573.3392235225382,2178.1849095545376,2408.3041164622655,261.7403607597089,1914.8812018310853,1306.2207015383829,198.58456630411987,140.04322043260683,681.7413786438178
1924,12,16,1,8635.698969891104,45948.61347328407,2112.706682280065,3485.0745186651957,91.56943080995734,4361.371819045751,489.63935391250607,8708.537532373704,2408.7029578677016,204.65868633871239,1953.9739322491218,1416.8110157498704,154.4561086149057,105.03277924322336,628.3887081734506
1924,12,17,1,7235.343223146525,18050.90340256125,3416.695841991756,3485.0745186651957,112.92019028335365,1543.0455874255827,440.39609340211683,2638.922470376902,2776.733864747316,374.84561027100705,1452.3943233265636,1347.8986939933552,154.4561086149057,105.03277924322336,933.6964411676284
1924,12,18,1,6506.395154388272,12253.103636347974,4380.9732427626805,3485.0745186651957,313.7941995300845,1148.876821048252,345.2106874255083,1549.3631149502191,1676.131006406272,875.7164197758963,1789.4862996004751,1538.619241677177,154.4561086149057,105.03277924322336,681.7413786438178
1924,12,19,1,8744.38637468265,10838.314454266683,3749.8169020430264,3485.0745186651957,236.33828850727065,921.0371070306235,190.92750886893876,1462.3328339031207,2735.354068931811,983.4309316442756,2092.2893131772134,1681.2423910600512,154.4561086149057,88.87333025385205,603.2030850955942
1924,12,20,1,10561.445919114632,22100.960630553654,3287.498759347563,3485.0745186651957,190.01514172081562,988.6479995967431,144.42866648697617,1520.6954150774152,5044.04754438282,707.6791081681395,2919.5312441412525,1681.2423910600512,154.4561086149057,94.25932802528409,603.2030850955942
1924,12,21,1,9611.204519537865,19884.772676439636,3097.4346340171883,3485.0745186651957,166.12563316379706,883.6536406956366,3754.0905345053075,1262.8728764818375,3154.835517114495,716.299833241673,496.61019403889804,1681.2423910600512,154.4561086149057,94.25932802528409,603.2030850955942
1924,12,22,1,9984.701464656462,11948.509083413015,4154.46642945467,3485.0745186651957,335.8728941672668,897.8972888258816,3575.752189221827,1243.7299498566706,3159.123062223101,1462.73879057764,1843.1559803438406,1681.2423910600512,231.67765621966538,133.31072321831678,603.2030850955942
1924,12,23,1,6085.669716485643,10492.967250800975,7195.007824528023,3987.6179201870086,630.1151161576165,803.5685580030823,1236.355483539794,1342.1526067489963,2790.69331393805,1512.302390806612,1843.1559803438406,1929.673397299222,226.66749514319142,136.0037221040328,530.5782243040342
1924,12,24,1,7814.150057202372,8164.919572936859,7838.085576474494,3987.6179201870086,703.5703917761437,821.3608981520758,852.898741342619,1193.211299592208,3167.399021386202,1035.1330063100943,2084.172602200596,1644.33080744574,218.63822401542689,134.65722266117479,623.9412796377804
1924,12,25,1,4525.170193990497,6873.858798909741,5741.952563460779,3987.6179201870086,444.08857785490244,763.5260166568268,696.9747718765261,1077.3265584125209,2793.6846244789544,1512.302390806612,1297.7130027149412,1070.628506991224,200.58863073470204,121.1907725575195,618.0113749235758
1924,12,26,1,5801.680045901337,8776.62946131414,7789.721477270042,3987.6179201870086,866.8444442156863,684.3207749606677,744.0303111742106,1001.5952730807568,2421.4658828421266,2121.9903630614144,1647.7917165514523,1240.518082704886,190.55529517635534,109.0722775717974,625.4237558163371
1924,12,27,1,4890.623858678479,35988.371592305804,5768.412281061635,3987.6179201870086,564.6069674098557,638.9405315697054,1174.5328260565084,994.5917633398594,3920.7107259310465,1165.4685680807434,1620.1120756495661,798.1568258589365,186.5471663151663,105.03277924322336,668.4155649943709
1924,12,28,1,4346.0525259422775,79219.79158819988,4584.3156879146945,3987.6179201870086,340.9383603483314,685.2103919681044,895.5690716023965,1120.0012777671836,7703.422325576303,1876.3999394549298,1924.654384435609,873.488553461427,219.64025623072413,117.15127422894547,714.3558545719768
1924,12,29,1,3888.9260881425234,45891.89586687528,3388.8792157960756,3987.6179201870086,258.41698314445296,768.863718701512,832.1056232096307,1120.0012777671836,5469.411903295921,1926.9659495761919,1809.0326648094642,990.4822250042367,2950.6595389119534,1532.389149726169,683.2238548223523
1924,12,30,1,4820.19359542164,36483.07515931402,3085.513222790447,1543.4340664067477,211.36590119420683,727.0419433403397,1644.0138916521994,1148.7623577698798,6252.636713249547,2125.2203504920544,1874.131999785201,1181.2027726880585,1750.1728913657432,2128.924794789134,680.2589024652611
1924,12,31,1,3034.275982912952,44940.3004704644,3020.672376362068,1543.4340664067477,178.42833903110935,652.2847866814291,1833.2908429990746,1187.048211020213,4750.400559619789,16146.595786952235,1874.131999785201,591.4038120747379,1750.1728913657432,2128.924794789134,696.5661404293406
1925,1,1,1,273048.89363157435,459700.50837470836,95095.9868290848,24351.74956877166,14405.225414628629,12861.281190760117,12805.442535008606,20664.50495511773,1055.7907724221986,435.68081177668347,1012.9503840218331,498.23665480146303,54.39418849111788,47.89129012150452,551.0876948582136
1925,1,2,1,182032.59575438307,254570.99090773333,157237.9188164074,24351.74956877166,0.0,25274.177799628007,23070.98429098944,43307.429796144876,880.1989869876091,398.31321780257167,1035.1842852851557,461.48455008504965,71.20183477975044,39.183857539735946,519.8734849600296
1925,1,3,1,99909.89041261999,150428.31280911496,68169.69939009286,24351.74956877166,13662.342245272217,14335.170353503532,8446.636596232433,18039.262220770986,1288.6124731097727,493.0551985321183,1007.210259185959,606.3855442583306,62.79631683788693,33.95939799067481,493.85744283855706
1925,1,4,1,70040.54184334024,120973.81799334448,36068.683796520716,24351.74956877166,6784.856888542709,7556.944132043254,4366.77322491515,7942.143049085342,3687.9333140865247,2970.3366743040797,1290.946809620324,1775.0734539648975,455.9344376001216,339.59397990680003,392.2064843629638
1925,1,5,1,41053.351238101095,93457.00815795417,24202.39942021398,24351.74956877166,4699.0750178463595,5255.557720413238,3290.2265176098385,5572.494343368537,9282.518830016796,3341.9718226610867,3565.6347604268612,2565.184973859401,1109.5500617353769,1403.62662637118,390.60607876869346
1925,1,6,1,30104.390657204072,75582.33758975397,16576.831129830298,24351.74956877166,3543.145951829531,3863.7264391607096,2589.8933107348803,4129.848383192809,9289.74482941748,1497.166783051443,2652.954911513583,1476.30281889506,484.6849832824002,503.28878138265793,320.5662811851843
1925,1,7,1,25428.553376150394,62535.04833261096,12839.841310774333,24351.74956877166,2859.2081713192542,3201.746155074154,2272.6902592899755,3332.787727739578,8598.216686779542,4877.2099208539,2744.3609500402017,5433.3554321733845,1609.2441721436005,912.5750956862557,345.78212050952163
1925,1,8,1,23107.13769073327,44914.948755319645,10923.798407831888,50804.83830195441,2437.099242717625,2771.2268963667,2041.9891716395114,3036.849773996519,22901.359900336818,18404.419683734926,9376.021630743664,9216.010015175016,2644.4943091730784,1547.7779878475578,316.56526719946396
1925,1,9,1,20706.70785660957,46303.517796634966,5825.429506041685,50804.83830195441,2116.396364419082,2566.038405082753,1775.566625256154,2658.8214204837254,27090.994352807505,15127.893929616108,12375.41850703854,14279.356948088753,3984.9435894745393,2096.7694899354665,300.56121125649395
1925,1,10,1,19079.416464893096,39739.373237691296,8496.30857374531,50804.83830195441,1892.5323392249668,2566.038405082753,1617.6217439956763,2340.0301594681414,18057.04990217136,13400.96218549933,6321.984578795221,5016.43082254997,1354.956747351669,804.1328371525688,346.1790715033775
1925,1,11,1,16328.923946626439,35372.744381253484,7961.605495327318,50804.83830195441,1730.4682011261643,1921.0476930444593,1330.6243378029435,2145.570790365245,16228.872053818284,8164.572980946429,11238.292511059435,6779.412495493373,2241.2002835566664,1210.3290196480045,272.94476354070673
1925,1,12,1,15629.79875743773,32901.72265545912,7556.741392985545,50804.83830195441,1791.126288921847,1926.4773500907925,1261.9831033748658,1820.0967932879719,9495.685812334628,5675.159352253268,8108.834578355412,4780.191969334473,1663.6810695330817,1050.5626304176344,314.16465880801405
1925,1,13,1,13558.427846408578,27262.23884448235,7130.880849987684,50804.83830195441,1752.5905625575333,1714.282849714821,823.9312051428801,2489.772948997945,6583.752573879061,3611.4970296687097,5648.646137597904,3230.37112182828,1000.3373074459104,660.0225678544921,537.4842473066934
1925,1,14,1,13126.350476266414,24915.34677541113,6492.702039366115,50804.83830195441,1578.6088942682725,1528.36088343417,615.1970635613351,2439.6111770783536,5120.126395286491,2650.0731711470394,4207.293525314428,2503.758726269893,739.880819562533,451.9153400720008,594.7144993263942
1925,1,15,1,13722.457218406997,19111.759350461445,5866.669151815284,14026.624740711199,1478.9155429147006,1515.2246163865516,609.7075158590062,2057.9526953345603,4973.510867448179,2126.3638785750236,3533.2284860366162,2073.774993143207,554.5513175907327,361.3563975344773,594.3112475231148
1925,1,16,1,12148.17531886116,21499.677323025433,5943.875794587199,14026.624740711199,1416.5447561695044,1514.4364403636644,510.8343704003641,1801.3686317324252,4435.968772037188,1845.43838866002,3024.2465306478493,1765.0545496898822,448.4163156567839,296.4882848701084,13942.431098662635
1925,1,17,1,0.0,19431.55100846138,5467.736779344944,14026.624740711199,1327.6271357066582,0.0,475.1304221863433,2265.1175132460744,3810.992083878943,1880.8355633662075,2275.923167543121,1624.375314490499,431.1700557615301,252.51965408911434,453.04079937452906
1925,1,18,1,0.0,22892.4541493137,4846.882386126094,14026.624740711199,1269.8235461601876,1514.4364403636644,453.1634761175079,1519.9511909136045,2855.3536631489515,1835.445548086895,2379.3907342061398,1621.7496706115392,390.9287826726367,233.79805765563543,482.6546036784869
1925,1,19,1,0.0,21168.31425634786,5037.3568231115405,14026.624740711199,1223.3665871543262,0.0,433.9369262700771,1650.3882984875515,4222.440489749398,2203.7732069584304,3705.868189962931,3018.7995018967245,1057.350297115326,504.15993556261213,551.8878976553931
1925,1,20,1,0.0,21892.053271821118,5792.38129675758,14026.624740711199,1393.3519578946764,1539.132622413211,1697.2946053854469,2495.218141344564,5536.416220755364,4835.12739506006,4794.966052820999,3151.1181342184045,1028.1997792106185,741.4343915024335,526.2751073371999
1925,1,21,1,13132.351550851674,32451.48966327526,7013.8468780780595,14026.624740711199,1741.243932016924,1670.320142662145,2355.077251122591,2564.603092305802,5295.718180721254,3265.8995644952283,5414.3909164454035,2709.5953872025757,947.25624809851,713.5738946150452,489.0562260556572
1925,1,22,1,25996.6551035596,35898.717502963926,23365.366427233188,9012.504577911255,4904.170717051962,2694.861397263109,6978.642236978386,4699.943521292688,5079.733058637139,5025.272854416352,5012.6548377381305,3572.6721685757307,1091.4496238736258,626.0639917073721,501.065568822286
1925,1,23,1,20963.753884680515,30472.778779401448,31068.14136038908,9012.504577911255,9110.844786909915,3844.4599141574963,11303.040005945699,4144.946416517356,7047.083655445832,4738.436106697489,9152.956020030746,4982.366548014891,1884.3437108814453,1227.3411814642034,487.4558204613424
1925,1,24,1,15865.841024460273,30223.467519710335,15000.685763970005,9012.504577911255,3924.506917923757,2494.314387002775,4119.612249417136,3458.9346837677654,4406.414434488773,2939.6544314176203,4713.07844914889,2946.3870075505547,1024.674600301221,675.6951246581102,473.8523729098224
1925,1,25,1,36196.48154039042,37825.88302090944,23278.744340220466,9012.504577911255,5809.688924156991,4372.888149926623,7363.1732339274195,6645.6097502085395,3907.5314358708943,2087.659214383364,3608.7946864083597,2343.1107784120068,799.5376934139969,500.6753188427743,475.0495267008578
1925,1,26,1,59769.70269058353,109402.40931572013,46721.317410226155,9012.504577911255,10619.4471116164,7357.885898714985,14510.96708431787,9595.913967060904,3352.5024219105903,1839.4567587394522,3278.1198999738604,2000.256964532075,630.173184387704,434.9360519984512,461.4397783399143
1925,1,27,1,40109.18217001248,78355.26788741075,28174.775345282356,9012.504577911255,7597.960714829625,4754.803220557871,5691.969301832153,5376.302413064351,2763.6557307552466,1579.2206711378694,3097.196977929941,1703.1446308595507,550.5719329372345,379.20683978799156,448.23328178225006
1925,1,28,1,36746.58004404386,76291.34935781965,18336.577658380287,9012.504577911255,4853.717460497224,3554.3235626323262,3297.0556200146766,4241.557329211209,3140.130299526731,1443.1209974165536,3283.206086537322,1555.6249023964626,512.5406758569194,341.76364692104414,446.2359251940794
1925,1,29,1,30945.541278245084,61909.14031777565,14842.506300729505,11004.68878219015,3756.73378332653,3013.547235838468,2504.704635864389,3772.363255351061,2412.544419879783,1385.7677222961054,3158.812495156127,1434.2925168315744,494.4131212343163,329.5757068372637,431.82597403595645
1925,1,30,1,26561.756293676182,56345.39663632546,12356.829021236625,11004.68878219015,3098.343762146684,2537.4889180326472,1899.1908893026348,3378.6593481134096,2885.558340643391,1366.415390200232,2809.100839012449,1534.619751364785,503.25318526866204,322.1791147432629,511.0712541913651
1925,1,31,1,23869.2741630677,52664.63673059807,11095.159493009,11004.68878219015,2676.163471088815,2414.095582898625,1587.4160987435876,3097.8194276948984,2928.9865970410347,1282.3207107291728,2699.8931475137165,1467.3894488848766,436.91880905994805,318.69449802342507,442.6318622021706
1925,2,1,1,12684.271315148651,32351.554770150393,2565.7085555371536,13953.359251906502,2498.1855052506776,2142.6127305810332,500.9146613943354,1054.8822627704358,1884.9019436476365,328.39148263734666,1381.262951026201,2862.711882881351,1175.2404148740911,85.8744342113226,1029.048195514088
1925,2,2,1,17531.139221883204,34712.12214038527,2768.3289155927573,13953.359251906502,2315.140805020205,2142.6127305810332,2178.7463249260704,1141.6753286577004,1322.5024102985283,260.4823900101057,2714.6430885478503,2780.8332513925166,1107.3807208680603,79.39255400628308,1009.5156862923353
1925,2,3,1,51677.253612293396,60882.44078419786,3733.3177958020115,13953.359251906502,2080.5010489352953,2142.6127305810332,11484.273877458481,1357.007935089083,1274.7385542605437,284.41594690386586,5645.812405084008,2597.521851105639,1004.2692377679257,73.72183340087655,910.2779378270833
1925,2,4,1,29659.31095879368,43180.28939991918,3831.7091881151678,13953.359251906502,1913.5129013566373,2142.6127305810332,2767.8877362351373,1440.1708727453483,1274.7385542605437,223.19220536427758,3911.5681065517433,2460.1592187007523,931.3251511040754,71.29164197621758,854.0117096496166
1925,2,5,1,22396.010352374047,46871.5687680821,2932.251799819827,13953.359251906502,1774.6415615326625,2142.6127305810332,1521.7516525432789,1347.5200999398146,1236.440757437387,210.94745705639468,2143.9002963167345,2375.30946387519,871.1259420357663,60.759716677927905,845.6316331125462
1925,2,6,1,29378.2606323817,53709.21935031427,2781.6988464142314,13953.359251906502,1809.109627891826,2142.6127305810332,4111.820068468052,1942.5311181708307,991.5516377508835,252.69219669001697,2071.5311274991345,2264.8251332839086,805.3000050928248,59.13986300934711,824.9019700998023
1925,2,7,1,31540.647841287948,59872.57239051457,2663.158403426287,13953.359251906502,1706.4190533765966,2142.6127305810332,5174.708570963689,6648.167340553128,6040.790978917514,232.65725506204538,3632.9904024889215,2157.311926029355,750.6597319970346,55.89933382860995,767.123547660038
1925,2,8,1,25449.557137199314,47974.00843118648,3007.8578170709893,8753.102274795741,1730.4682011261643,2142.6127305810332,3891.8879499945247,9271.6775136987,6566.843735281541,262.7131861098773,3154.380246865079,2096.9912127045486,740.9654899961913,59.9493789218601,744.7556741964386
1925,2,9,1,18823.370615919866,31169.167192545585,3335.70358552542,8753.102274795741,1594.5227220076417,2142.6127305810332,2153.618730180053,6778.6044481269555,10255.138349338195,644.5382169667236,2487.290549160047,1987.1287451372764,683.8169165225484,90.73152968637979,726.420318765721
1925,2,10,1,15789.827413046321,24385.165868727738,5627.328559221624,8753.102274795741,1486.6226881875634,2142.6127305810332,1425.3562455212016,8034.876324805206,5240.9451052645945,1054.1743083483057,2482.567661636833,1920.7966892476172,641.9689753537823,165.2645226869101,669.4610015513625
1925,2,11,1,15846.837621606785,20383.562358756495,13721.126891685653,8753.102274795741,1400.5595659739295,2142.6127305810332,1425.3562455212016,4011.621706941499,3789.9644256230913,1054.1743083483057,2617.060966336868,1829.4519206161178,601.6599103627752,202.5351284050012,653.4569456083925
1925,2,12,1,14837.65691217701,21776.339185044766,16751.958392703502,8753.102274795741,1328.2693978127472,2142.6127305810332,991.6206902194933,3101.697064669008,3648.045797395249,1054.1743083483057,2787.0849171733707,1779.8410704819935,585.8372804117159,789.0684445877944,616.7988363658046
1925,2,13,1,14256.552856499573,25674.851963161203,39154.12487413363,8753.102274795741,1261.688226149955,2142.6127305810332,967.8939369924555,3125.787915656724,3432.783275251219,5890.427657275788,2702.3635809873654,1730.299316239397,558.7883114722434,1779.0447673199224,640.7293105671337
1925,2,14,1,18926.389062967995,32869.11232191314,21195.10652979729,8753.102274795741,1204.3128113408884,2142.6127305810332,2726.475358831546,2665.3391507167544,3072.8562451071257,1989.8419721533705,3297.738048147211,1703.421014425661,545.0129969647155,614.8869192097737,637.9569544195216
1925,2,15,1,16784.005436012434,26240.799042121416,13827.521411603151,7473.929313014338,1161.8521498839036,2142.6127305810332,2129.8919769530153,1887.3366684762705,2667.2608987512435,1899.0619415946583,3577.042350290688,1683.6595894418704,539.9082667362973,432.61023470666487,629.9612272574602
1925,2,16,1,13980.503425575656,22743.077782748358,10333.450053952369,7473.929313014338,1136.6612028346376,2142.6127305810332,1297.0916939432993,1680.2543534790864,3391.739598655841,1484.4294299266007,3577.042350290688,1705.2175076060291,537.8677304829549,574.3864682773034,581.3126776765138
1925,2,17,1,12952.319313292395,20943.197760255935,7855.116820967099,7473.929313014338,1239.9226769997501,2142.6127305810332,999.1502133838205,1687.927124512855,4646.967954534935,1484.4294299266007,2991.186317985192,1869.4584418246523,585.3288411459437,322.4338862487214,631.5301288046576
1925,2,18,1,11919.13430552159,18632.07186346154,6726.110902088344,7473.929313014338,1224.437023997785,2142.6127305810332,768.3353073599343,1907.4673795756667,4285.740244498618,1484.4294299266007,2724.2341832102807,1801.9517557785032,543.9893392429499,257.62330263397814,633.5463878210986
1925,2,19,1,15350.748789221185,32658.72307322878,5628.175949203216,7473.929313014338,1118.2496891272547,2142.6127305810332,1329.6612592586139,1754.5069763865133,3901.6061163624345,1142.1394542385917,2396.538448905841,1738.038056093221,517.964028025243,237.36485873207548,476.0576562090562
1925,2,20,1,14122.528857427958,25700.0986730034,5750.105952117818,7473.929313014338,1080.4275873252354,2142.6127305810332,1479.0259862155715,4216.971460737514,3976.322950164731,1133.7651723497618,2921.578221873567,1810.9342216802143,522.0518797221167,298.1319720021109,641.5484157925836
1925,2,21,1,17064.05558332669,33806.39642480069,7751.735243206244,7473.929313014338,1036.254226918737,2142.6127305810332,1734.8546686119691,6414.106572566199,4326.783921093997,1896.8804059766087,2879.871492052897,1781.637563662362,505.7208105052531,233.32138838735725,559.7828118665905
1925,2,22,1,15642.80108570596,25456.047144529144,14382.091077368927,6180.421799075225,996.0771640611493,2142.6127305810332,2015.1980775898414,3351.8459009524445,3535.68150671582,3852.7326457580475,4144.370131543255,1735.619699888844,490.40661981996624,600.30741434894,635.9406954030807
1925,2,23,1,15466.769564537026,22631.571480945855,8879.893772103407,6180.421799075225,963.3931591077054,2142.6127305810332,2106.7780918905205,2539.3572005172264,3431.4103353651085,1508.3559496086987,3637.7859498202165,1623.3388761171946,490.92183827595954,418.8361365405077,560.58301466377
1925,2,24,1,14297.560199499176,21360.82041889381,6377.1745385353925,6180.421799075225,919.7193358948165,2142.6127305810332,1624.8886093752471,1979.987441281804,3253.79527009821,1041.9295600404228,3118.849600728772,1784.6086869990895,466.93706331159507,277.8735281002082,566.9594338032463
1925,2,25,1,12153.176214348703,18109.25458048193,5921.561191737361,6180.421799075225,881.3263344429822,2142.6127305810332,1123.2997929998141,1962.744332184437,3005.5821906875194,1389.2863281317027,2934.511667706465,1560.0470394557908,437.8475581187802,243.84920446782093,515.5259264557968
1925,2,26,1,11117.990848382986,14906.078269266614,20547.323966050626,6180.421799075225,857.7767238870242,2142.6127305810332,847.0713559838506,1344.219983366135,3006.3047906276056,6292.815420635963,2948.171711619696,1627.5537255019399,438.87121584054586,637.5698016313792,528.2850655442173
1925,2,27,1,10390.860644462902,13402.847087418855,16043.916985817628,6180.421799075225,850.355028439086,2142.6127305810332,671.2745006164458,1816.3016592283127,2988.74561208406,2750.705298045459,2782.9433081144884,1610.210656722396,449.07389710719343,725.8768927980562,586.4982438344226
1925,2,28,1,9652.928506289458,12836.900008458644,11327.720965749637,6180.421799075225,844.0037698345727,2142.6127305810332,528.7388760643257,1387.6165163098276,2655.1212197580817,2090.5444711684986,1240.5935626418022,1574.4189848986066,439.3796551063182,443.95167591746764,579.7185728916226
1925,3,1,1,6991.151873975565,15608.778359871523,11792.84391123033,4318.9474740986125,532.6565095478242,817.5136859304471,385.21390718940023,3386.8271366332783,1643.842603643569,889.8554158254143,1155.436267607468,1821.9895643285342,312.81895306847537,401.79110098167007,383.7381964939648
1925,3,2,1,8333.892312438576,15557.232993943218,14275.696557451141,4318.9474740986125,811.3197648811628,968.230456523473,526.5763269694688,2999.393450885546,1649.3343631880123,859.9472662227483,1321.7545682334169,1575.3172314887256,286.8072002311784,332.04123753526744,353.79675009985357
1925,3,3,1,8081.147054486877,16498.724881804617,13233.40688002754,4318.9474740986125,653.715780296761,1008.2522834618802,444.84597959882774,3530.464710501823,1910.3374615378898,816.2461817444394,1335.2692925308063,1491.365723253282,280.46187819424364,320.42036951202977,301.85917799830486
1925,3,4,1,7030.358894599179,16885.84109938344,10950.1616517054,4318.9474740986125,540.2494748907376,957.19599220347,363.1068769686668,2368.823676573386,1917.92476090853,774.2340280673075,1617.044028147772,1469.4623256314856,295.687939406786,610.3174689828139,324.46648222012914
1925,3,5,1,10328.849540414896,15789.713113739837,9351.60752855284,4318.9474740986125,481.86071320316984,1269.6639977096086,464.9393001361218,2253.8971168956364,2701.0063159520505,845.0283774797697,1518.4446686242907,1429.3867085314232,293.7829869576709,372.0074901498339,342.79553684142314
1925,3,6,1,11729.100276986712,14972.350882601588,8420.325938724422,4318.9474740986125,433.9122788621037,3298.1663552036784,1912.0611207578731,2783.6483298825137,8997.091853692991,950.2346919644139,1994.2210917342366,1612.8363006013556,281.72958676358,334.9505637589002,382.5158394652355
1925,3,7,1,10067.802795953607,14058.20959706931,7976.199433899817,4318.9474740986125,402.57702433141924,2713.952772038986,1055.796742305876,2466.2596184106587,5152.643392589136,685.6636819733808,2078.0705102235847,1269.7751990468412,293.1525222681133,280.4541168974529,401.45607260087195
1925,3,8,1,10816.936940019808,13506.989765517574,9417.327329351327,3925.968381249331,411.59723879892164,1883.6531195155924,687.3579123057341,2118.6748402899498,3592.622381992563,605.1298316079791,1876.2942232694102,1229.0777189227704,316.6288579667054,267.37858576239364,452.7887669975016
1925,3,9,1,10657.908463508931,12686.471695649387,8688.289481809366,3925.968381249331,441.98337266175474,1606.91576037892,649.8416253766432,2203.487836232935,2808.167887062932,696.5924716987892,2005.192722749735,1198.3991430738452,364.2187732436684,283.3634431210857,515.116373843094
1925,3,10,1,11738.101888864598,11860.693894564341,7967.819688526042,3925.968381249331,460.4947938078733,1558.3991474164238,440.15316051037144,2309.2565724187366,2354.08608472898,696.5924716987892,1942.0513495544785,1036.2310856018312,449.88062074224024,246.30651673015203,570.7210170307861
1925,3,11,1,11003.970431262058,12372.991715110227,6462.101845584643,3925.968381249331,486.606316542495,1423.7961977350622,466.9530098195611,2437.466101305534,3751.305328829978,664.953168024973,1665.435460308895,1039.962263745623,468.27934297323395,217.24612823640066,425.29203466084897
1925,3,12,1,10617.901299607041,10776.137317598375,6431.219188475878,3925.968381249331,494.6774103421118,1694.6660242571027,401.2973188787719,2366.7611037147763,3482.714931109461,637.3461866387872,2667.995491779882,1013.7058249558957,522.8518241669425,223.77978458609914,738.7699052413946
1925,3,13,1,17051.05325505846,14511.598427984007,6514.545870004086,3925.968381249331,499.42301368143694,2155.311122060437,466.9530098195611,1964.5593962999367,4805.795421360126,805.9014805877722,2643.5091364669943,1193.3551429905087,565.364125976307,391.62489607025395,590.8836071951519
1925,3,14,1,22327.998173740783,13896.209875583321,5888.701291337828,3925.968381249331,488.50455787819766,3544.2524245624627,458.90692634515705,2782.905803653424,8208.735319087034,827.716836768529,2116.1442496417826,1111.3383197186188,548.8635770042074,341.4842201085987,630.5850073906939
1925,3,15,1,37833.7747230825,15195.363486207496,5908.37956980046,5581.768428233817,448.6272173367826,2490.898957570347,1783.3588062053211,2421.378033008907,4341.380439883312,604.5527802509,2639.004228368025,1143.2606216155611,484.77989194533365,289.90531790644644,685.5910736828463
1925,3,16,1,28627.12613012059,16303.062880528732,5864.315290755082,5581.768428233817,399.72966232783097,2410.855303693533,1400.8415189398106,2285.495733088461,3530.1174871773155,852.4878218512156,2749.8830954519913,1304.8068160635669,431.47511932102555,273.9204605477544,729.5707234788742
1925,3,17,1,25742.609612781802,16339.880999048562,5718.1875961423075,5581.768428233817,364.12693291459317,1778.9132835891483,1335.177072739502,2545.3799132641557,3343.975742617856,946.2234813118571,2621.63853424408,1353.0357483667485,399.7485091363515,285.5413285709921,623.2697676466773
1925,3,18,1,22283.99029344855,15150.129797739966,6500.5168580858835,5581.768428233817,335.63904038749695,1558.3991474164238,1358.6411681816996,2708.6531807459965,3283.566387628805,920.9598914122112,2789.918649687267,1457.577832284574,369.92685140082455,289.1738771327097,974.6092020702697
1925,3,19,1,22463.022351910113,14858.74068831216,6266.260605382064,5581.768428233817,369.82165692176966,1541.3220002544529,6371.815201492683,1990.4653114031523,3012.880450082091,1117.649957622739,6111.707094299197,1694.2312608493673,482.23769561643996,297.89363736796656,901.8978612900129
1925,3,20,1,19093.41897225904,14780.896666299552,5978.618783834778,5581.768428233817,697.8677319663874,1363.3693693159662,4324.485321562093,2261.652390843735,2735.3298131048227,1144.109873506516,6905.370177626908,1876.4371268714124,803.3340399318171,290.6285402445313,899.4405456137074
1925,3,21,1,16350.927886772555,17121.477057909993,5781.835999208175,5581.768428233817,706.409817977118,1509.8825344538445,2805.7104572465832,1966.7044720728763,2962.081674295816,1221.167341306293,3302.460935670425,2179.491707217392,619.9298279797946,286.2645509090666,781.5524012464315
1925,3,22,1,17746.17772785683,35588.3933611547,5281.593446710178,13297.155308699914,1559.483755998595,1709.1159180094498,2240.996219923961,2260.909864614645,2970.3193136124814,1249.3865601078687,4466.9070194763135,2148.8131313684676,1417.5286729936358,264.46925953875046,1191.5460706200492
1925,3,23,1,20150.608278370873,61154.89486124334,5780.988609226582,13297.155308699914,4623.002639504951,1419.5925922798308,4034.4235745466444,2146.065807851225,2679.0392777741044,1498.9964580859503,5478.549526953319,2375.447655658245,2274.147147979162,249.21584295379515,991.7474037099961
1925,3,24,1,18443.302558850624,56561.04561622668,5889.6428357618515,13297.155308699914,2380.3660900146137,1359.0781887471087,3928.572487271748,2111.744595485151,2685.9039772046585,8828.182041542279,5126.512756952156,3270.7922183861106,1175.1726229720095,239.04141960671677,1011.2799129317046
1925,3,25,1,20499.670783416634,33618.09804722859,5130.663875535147,13297.155308699914,1322.6317637705624,1290.1565743039237,3576.1732926634622,4238.092206808869,2711.3394950949123,6269.87411058787,3986.553028459156,5752.094779901726,888.3450851701682,230.32165937145996,929.4323984832064
1925,3,26,1,17540.14083376161,27740.874385238334,5406.159774012275,13297.155308699914,988.4413812445264,1211.7768475864266,2862.0067757889356,3072.986050478093,2407.703000281365,3087.2247601630256,3526.1804846557557,3603.903511557137,758.8625521516337,206.3484825512478,888.4771372118621
1925,3,27,1,15743.819174558656,23620.400949760802,5809.988177487303,13297.155308699914,864.0566200352638,1203.2820615622543,1807.523322407009,2730.3514472179027,2105.439445354101,2514.2549858925577,3363.7131538565236,3309.0022464141466,727.8138609880322,187.4542989689022,950.1620614959504
1925,3,28,1,14511.598526375086,21277.71666566344,5789.368354600648,13297.155308699914,1834.8714745909413,1192.2475972422512,1337.8912031824307,4090.989510537985,2756.6465113365716,2266.334018715567,3879.525131201906,3871.235515970985,895.3276510868818,189.63218441880863,797.9975138492217
1925,3,29,1,15808.830815899808,19778.69326878953,4929.26752323057,6717.064959102129,1573.2567100510123,1072.9702924498336,1005.5415528139248,3525.5970385556343,2470.2078950966124,1884.9875182522685,3618.3857810709505,2963.3845968722,752.5579052559607,224.5112253598359,797.9975138492217
1925,3,30,1,16423.940960893877,17416.022006067735,5630.059038051262,6717.064959102129,1427.5345744289489,1107.9127627965795,715.4973163174324,2885.209417436886,2347.221385298426,1502.4446918048393,3270.199980896343,2674.149194836554,660.5439565302651,245.58329439207753,813.3084807552997
1925,3,31,1,18250.267993023117,18210.241419849808,5334.979015553934,6717.064959102129,1109.9716442045426,1073.8460435863472,568.111278006002,3940.3391889504314,2480.5410742394743,1884.9875182522685,3521.6755765566263,2860.0862390023913,611.0490888041551,245.58329439207753,837.125540386962
1925,4,1,1,21678.881939429564,62168.97103990048,15702.136359887425,11373.139863569992,2241.2093003657146,4737.200622714059,6404.29721421305,5488.588879483181,6944.980283915205,2950.35099315783,4375.500980949694,3000.0745152862382,1059.65522178687,625.8914045585158,814.1905940749843
1925,4,2,1,20988.758362119257,61004.46654843408,12692.96038062269,22544.534178257523,1437.5253183011748,4737.200622714059,3284.623151534088,4239.08224178107,5300.70412030762,3308.2635787559893,3786.3025974740517,3267.89019094091,1114.905622001587,480.1703218710755,733.162184851936
1925,4,3,1,54449.75007070669,74672.40408919554,30900.546452908347,22544.534178257523,4236.7890263871095,4737.200622714059,12027.099966047695,10272.437864661224,14704.908780230722,9928.098225753527,4280.679931444687,3572.8794562504436,1184.7990730707713,589.1139049800171,915.2555772738846
1925,4,4,1,55014.85126082326,68448.03816687713,51993.966184907964,22544.534178257523,9586.832369965377,4737.200622714059,31776.338805251093,20180.212847933155,24057.519804433578,11865.442598839682,5187.619655522092,3748.037541334071,1186.0871192107384,2256.535879165847,2267.53529636057
1925,4,5,1,44671.99921304243,58457.70469311404,38217.2881722035,22544.534178257523,7228.303191557207,4737.200622714059,19277.33035251054,12315.210023757028,15225.180737074239,8617.769412572816,5351.976141330641,3997.957381076848,1200.7301700652058,2706.166494124373,1995.5293534243592
1925,4,6,1,36522.53992619235,57235.34315825946,23099.85089965088,22544.534178257523,3512.174645825635,4737.200622714059,8598.102585467775,7065.467081292395,8950.845457529063,4702.8981877578835,5419.9857216652745,4228.737658859844,1298.6216767032936,1315.60718045259,1684.7734325159934
1925,4,7,1,31076.56474002407,53189.5579060646,18743.324849570105,22544.534178257523,2451.300371507447,4737.200622714059,5217.872000265963,5828.170874912801,6875.104869711326,3682.7839838982177,7121.678426191132,6207.920376468713,1482.3377314050003,996.4031394182374,1499.1515868152176
1925,4,8,1,30634.485578906304,56866.11002681905,18271.611093120962,22544.534178257523,2322.9193127493077,4737.200622714059,4354.603414219318,5881.220248834423,7109.299510285012,3184.971630276224,9851.216775389117,8108.402873600058,2968.607393132049,855.5391522058646,1443.3264152976153
1925,4,9,1,26330.71492214221,57373.14811614717,15683.305471406386,16998.65522135093,1931.4248778704105,4737.200622714059,3199.522029258543,5395.773100848988,6172.376428002494,2824.3849042430556,6625.193957786933,5203.611592763693,1737.9132023368995,752.184105345717,1361.1008522835762
1925,4,10,1,25815.622686903127,55046.24302570129,16300.958613583443,16998.65522135093,2433.3170325374335,4737.200622714059,3420.154568491561,5197.848609343751,6198.462285838774,2612.2833444725898,5118.883477106964,4507.470485379649,1443.0184281847182,680.0180218152635,1352.9098000292984
1925,4,11,1,27064.846379744755,73694.0940828143,17267.924737083176,16998.65522135093,2517.7388182577597,4737.200622714059,3875.2529569570806,5551.78611186871,6166.234328512026,2572.5230985302164,4938.687153143539,4207.663411936508,1360.51568332422,611.3201181333338,1233.6354775881944
1925,4,12,1,36387.51574802302,111506.301802561,18419.43356769663,16998.65522135093,2274.892379706378,4737.200622714059,3548.681777854219,5377.37495095076,6531.797638188684,2491.6655364279204,4948.060268381885,3896.939187628231,1304.5873640884304,549.5667925841135,1151.4099145741106
1925,4,13,1,31720.68007884723,84111.5177314069,17763.17710413376,16998.65522135093,2000.5750979574902,4737.200622714059,2992.8103526199566,5356.996731108494,5701.6025670532035,2386.2481055930643,4929.967976177606,4009.4963949659914,1325.1961023280348,546.7889613310256,1196.0196453127514
1925,4,14,1,28797.156576704263,66641.84646692393,16708.647349197283,16998.65522135093,1847.0030921500847,4737.200622714059,2714.918416300257,5841.453844121849,6037.177979217258,2903.905396127803,5480.8019810028845,3601.623347135945,1242.0154384464959,723.7318810907991,1226.0114981822505
1925,4,15,1,32944.89929425062,68957.18014869218,18417.550478848585,16998.65522135093,1810.1800647352848,4737.200622714059,2584.6401550388323,5761.921034696583,6097.876374182378,2797.2212671921943,4776.510461576312,3322.2686575921302,1076.9421568233854,1051.9597644798303,1522.0865331271953
1925,4,16,1,50570.05535130407,69856.59418681689,23081.02001117013,13862.042845570459,2619.2162310170847,4737.200622714059,4717.68402540951,7576.490132723726,7619.816367937629,3638.379178252824,4447.870149767294,3609.91485412212,1307.2312482705108,800.7550600963096,1435.702435891716
1925,4,17,1,39186.016862972254,57616.14769837751,21577.37356596164,13862.042845570459,2661.8909798427544,4737.200622714059,5023.330134323209,7197.059229667082,8788.260471015497,3517.057649040983,4733.786494443143,4208.285274960516,1260.6582115250922,804.2232399448229,1388.1313247226703
1925,4,18,1,33252.95445629626,52905.532420340576,17262.275470538745,13862.042845570459,1930.4971659394312,4737.200622714059,3022.315577112639,5783.37179242538,6832.110173277701,2838.9519324024923,8459.781451235835,6968.320662995939,1832.415113869817,664.7481683589941,1300.6130817904345
1925,4,19,1,31945.720375796453,51467.52190558569,15258.668936159844,13862.042845570459,1644.9759785623796,4737.200622714059,2358.842012704713,5371.269735289501,5745.392123420805,2599.0533865307016,9974.011850993322,6396.483064513509,1926.9170254027347,619.6453934569146,1282.9708153966092
1925,4,20,1,30384.44080451833,48592.5528223171,14819.909234552373,13862.042845570459,1470.7802229044682,4737.200622714059,1980.1770396163545,5156.0196317725695,5866.716653356983,2665.3439204735605,7024.023644172229,5038.057836605656,1555.5529856772737,588.4235563845815,1393.4240046408227
1925,4,21,1,30056.382060521493,46875.77655305505,14754.001124868735,13862.042845570459,1403.4140642231416,4737.200622714059,1676.1944300063913,5271.276203107639,5504.983123362762,2933.109824563385,6314.645938182194,4999.018657878898,1462.3391202843552,605.772674062841,1449.816249006803
1925,4,22,1,30972.546113878743,46092.076601707595,15439.445465577475,13862.042845570459,1376.5104182243617,4737.200622714059,1387.8837348896257,5256.013163954432,6183.865767049459,2882.7233889974227,6799.577497106403,5253.498826464059,1705.305297424908,605.772674062841,1499.1515868152176
1925,4,23,1,30375.43919264045,42132.55094147305,14711.63162578654,18376.895865820683,1323.9876504389117,4737.200622714059,1382.6305791935774,4885.740084389737,5626.307653298769,2703.063375031302,7088.400234104229,5482.3444192834995,1689.3064085283597,609.9312025068002,6236.919218782625
1925,4,24,1,30496.460863444343,41547.66883013141,14223.911614128427,18376.895865820683,1263.3295626432632,4737.200622714059,1268.024232425267,4768.420940196177,5183.209370053704,2473.0872976159276,7450.536717424394,5584.606338780134,1721.2363944193428,536.3762033498132,1463.2999811792329
1925,4,25,1,29508.28391506349,40208.541262256564,14516.731930007982,18376.895865820683,1218.9421148680797,4737.200622714059,1165.5001437579251,4820.480279145598,5625.5850533588555,2604.964644334474,6483.28935266579,5127.53701616526,1471.6944027746943,515.5589058230302,1414.5947243133865
1925,4,26,1,29917.35716596182,40048.645433256606,14692.8007373055,18376.895865820683,1183.903148859033,4737.200622714059,1108.2407466712432,5056.108602505036,7896.572144980925,2878.7825504615744,5860.086179022751,5250.942278476627,1584.8390873861763,539.8526016339888,1477.4137942942755
1925,4,27,1,29732.324032915,41353.058775098536,16074.046407387235,18376.895865820683,1218.9421148680797,4737.200622714059,1061.3125557867638,6248.440720568428,7310.543593591863,3249.291744951159,6027.2763973453575,5704.142231164784,1656.0205845953278,515.5589058230302,1478.6109480852665
1925,4,28,1,32781.87010134941,41738.071100190435,17178.47801679838,18376.895865820683,1302.436188657392,4737.200622714059,976.2114335111357,7034.858500071771,7924.753542643228,3973.772686503055,6311.012947779723,5609.549955630316,1623.4126796833366,529.4398436527764,1479.8081018763019
1925,4,29,1,35034.27342903555,43780.9507049123,19193.38308426614,18376.895865820683,1424.9655260046616,4737.200622714059,885.8571555395429,7038.90114287442,8652.411682284064,4905.077279071934,6080.826675878023,5493.814337281116,1449.7298264930093,612.7090337598778,1669.52547370415
1925,4,30,1,36365.51180787691,43432.75649834023,19191.499995418097,18539.35412360478,1472.1361095728173,4737.200622714059,790.3285192073288,7366.355209895973,8754.298273832683,5281.568103482086,6037.44877047228,5536.653790043193,1633.3780892926025,661.9703371059061,1992.6309810882335
1925,5,1,1,35582.37157449407,20429.84799346704,22239.279296068937,19645.769186422483,762.650569732144,5795.107995615994,4992.073857931844,8376.520893093317,5024.454163222402,6101.755123762461,10215.969011799094,7398.097108447911,2274.689483196007,778.0639592390523,3273.5225293741673
1925,5,2,1,32947.899831543255,19993.290302447742,21422.018735993206,19645.769186422483,756.3706735839046,5795.107995615994,5736.358467463597,7461.398567217316,5530.490901246903,6004.711974816347,10583.627640530889,8395.841782455465,2342.210217691534,783.6114033095556,3255.1871739434496
1925,5,3,1,30173.40301493505,19885.991785618182,20301.58087137338,19645.769186422483,729.2529402164055,5795.107995615994,8335.444800666539,7189.5514644620935,5557.6606589930525,5564.8862453652655,10046.671659043086,9535.23303414418,2208.4567948404474,740.785135085299,3282.973743513715
1925,5,4,1,28664.13275672985,18361.72167890208,18777.220448835804,19645.769186422483,724.4002931927549,5795.107995615994,6869.901914070668,6617.8887709897035,5039.050682011717,5226.6074803298125,9178.386952848212,10895.731138798512,2055.9250151065376,676.5416235310881,3309.50015119871
1925,5,5,1,27487.92213800903,17581.177566284565,17421.39647820327,19645.769186422483,775.8526241347462,5795.107995615994,9800.63747688271,6127.821459801189,7239.006199525804,4953.000690552924,8567.317967149493,11456.098819283325,1830.5847325130046,619.4399325654194,3526.6890521255614
1925,5,6,1,26570.757905554587,17742.125341527542,16659.68703914664,19645.769186422483,1052.5248669392365,5795.107995615994,8404.086035094617,6091.272668747845,6647.4858885922995,5149.409268296618,8483.759187892312,10829.39908290885,1833.2286166950526,604.3673215649827,3165.526655806259
1925,5,7,1,25848.628597122042,18534.240862823597,16778.321636577013,17425.506330038952,960.7527482272122,5795.107995615994,6984.333155649084,6035.170686995655,5582.951656895187,5457.498395262484,8966.22031334287,8750.994665031603,1924.2053493185726,573.433129740747,2925.3398004731957
1925,5,8,1,25450.557316296512,21609.07973234101,16545.76016383667,17425.506330038952,876.6164123317768,5795.107995615994,6137.086694475341,6812.92566049303,5592.634496092022,5970.862986677833,9684.099216874594,7380.132176644489,2115.51409705592,588.5057407411837,2564.177404153893
1925,5,9,1,25570.578808002694,21602.768054880235,17168.12102813384,17425.506330038952,1789.4135899722992,5795.107995615994,5266.901453428912,8298.96815361233,10498.654529138586,5999.50443817966,10424.502660901964,7160.4072415098135,2219.1679153728674,600.3978171412045,2668.0147435004055
1925,5,10,1,24931.464364667594,21368.184042597597,16180.44092730502,17425.506330038952,1974.3850765210047,5795.107995615994,5209.64205634223,8431.797845702207,8332.299908837358,6287.819000349401,9966.019272107882,7753.249991024049,2323.4996527108556,600.3978171412045,2766.5594029287654
1925,5,11,1,24894.457738057816,22737.8180515315,15691.779371222883,17425.506330038952,1500.2529173275357,5795.107995615994,4992.073857931844,8712.307754463278,6155.973409363224,6526.802708703981,10859.734911120064,8933.407818728232,2366.276342938454,592.4670267292997,2646.213942885184
1925,5,12,1,25508.56770395469,23165.960172603096,16802.801791602193,17425.506330038952,1284.7382995123035,5795.107995615994,9067.8222572873,9384.70650634662,6220.068024046591,6609.912178541034,10443.39421099482,9896.604546959885,2443.8980708474737,579.7777620702645,2675.1346581521616
1925,5,13,1,23827.26664097038,22182.39043500501,16414.885488893702,17425.506330038952,1158.2126646161573,5795.107995615994,9709.582778151627,9510.110936145718,5925.825328453984,6890.837668456038,10423.776062821471,8971.410559081685,2533.5189654288806,589.2947105645461,2535.2566888868714
1925,5,14,1,23426.194822852223,23497.323239280668,16461.962710096013,17757.855576355538,1114.3961164908233,5795.107995615994,7728.617765180836,9557.13759732029,6006.395221770681,7142.066125118501,11403.95687341297,7940.499857129302,2736.1489608176066,587.7085524821589,2214.230448613508
1925,5,15,1,22260.986174204718,24220.01030851091,16010.021386551933,17757.855576355538,1102.6213112128444,5795.107995615994,6537.814921487001,9823.622010643463,6632.889369803157,7269.439656367533,12114.569796139749,7219.8297082443705,2818.3805380697145,607.5396377297363,2107.3687207423563
1925,5,16,1,25169.506989884536,26713.12290541663,16880.008434374395,17757.855576355538,1505.1055643511859,5795.107995615994,5690.568460313257,10170.959280021181,13860.18945029999,7622.003961095587,11430.841002391426,6340.584488248031,2690.6605945058463,596.436531153078,2107.3687207423563
1925,5,17,1,25682.59886692871,25235.138433411066,17334.774391190836,17757.855576355538,1759.5840832680672,5795.107995615994,5587.519056076236,10476.220063084731,12231.449185403639,7683.93142380226,11177.25827229758,5808.3388356248415,2800.347892110045,580.5749503292789,2135.722363161
1925,5,18,1,25922.641850341082,23938.088715273814,16934.61801096947,17757.855576355538,1441.1648035689211,5795.107995615994,5358.481467729591,11443.9792483107,12508.927562386847,7589.63278740795,12215.566929328957,5759.004369056827,2580.9732969016486,548.0546004226662,2107.9988016849693
1925,5,19,1,24771.435709059006,25080.50233562796,18420.375112120943,17757.855576355538,1425.1796133733465,5795.107995615994,4396.716212382483,11395.302528849168,12508.927562386847,7746.562607676105,12436.452745800394,6053.421962958995,2710.0490785075976,559.1577069993245,2273.8361057869206
1925,5,20,1,24923.46293188691,21904.67662674267,17061.726508216052,17757.855576355538,1366.7337617208211,5795.107995615994,4259.346190931381,10576.873618581352,12508.927562386847,7265.21732936485,13425.352733357828,7091.3113499580095,2557.585090675801,525.8483872693496,2263.1877378563813
1925,5,21,1,21991.937996963257,21430.248870959622,16013.787564248023,10948.412392238617,1247.9152720975376,5795.107995615994,3847.148573983378,10648.651154058518,12508.927562386847,8307.428377872107,11061.729177498482,8365.439590172651,2494.0640784044035,525.0511990103353,2442.004709376619
1925,5,22,1,24253.342936527286,20251.01713208565,15681.422382558341,10948.412392238617,1103.9771978812278,5795.107995615994,3698.309162596017,11316.924760224761,16252.717851840247,6718.003749810987,13343.247150261635,9719.719064587416,2358.9548175112045,548.8435702460287,2441.437636528285
1925,5,23,1,21269.80868853123,19300.057728033542,13169.381859191946,10948.412392238617,1056.735251856832,5795.107995615994,3434.9509570352916,8569.577712652483,16925.458396036647,4503.674725345677,8874.668955200088,11212.881281021067,1812.4842946512533,479.84158444467704,2530.531081817098
1925,5,24,1,19862.55669827593,19936.485205302575,11836.154954736836,10948.412392238617,1013.6323282937925,5795.107995615994,3412.0121771626905,7278.572109036509,16371.946841950228,4719.928240002204,7816.015551914867,12004.720198204412,1808.484572427124,443.35994854994834,2624.917207024062
1925,5,25,1,18812.368645847066,21742.676905255776,12026.346928394989,10948.412392238617,949.620205055288,5795.107995615994,3835.6791840470355,7298.042796821144,16233.93025339871,5114.0824657070525,8379.855662381124,11364.89224243501,1986.3705235478897,429.08452580852605,2783.6976045684473
1925,5,26,1,17179.076179545336,22348.59794146575,11729.760434819047,10948.412392238617,918.3634492264673,5795.107995615994,3331.901552798354,7109.111122979078,15699.206297754,5199.373471162242,10210.15622715514,10684.988669565548,2107.446860705548,429.08452580852605,2915.8885863336477
1925,5,27,1,16642.98018325785,23367.933851339756,11073.503971255892,10948.412392238617,902.3782590308925,5795.107995615994,3308.9627729256686,7056.721772372217,15795.312089781935,4404.379668664806,10237.766954213928,10176.442907744524,1992.4040028351399,408.4644707375861,2691.642778849275
1925,5,28,1,15942.854814971422,32238.99652210398,10020.857305167749,7016.073098919351,864.1279824915034,5795.107995615994,6606.543708510026,6110.743356532483,15265.64633371765,3307.9117181724473,8600.014880771903,10510.867022855095,1532.300363255621,391.0167318314102,2560.6489508751106
1925,5,29,1,14542.604078399607,38998.803082323546,9220.167926955288,7016.073098919351,795.334574685588,5795.107995615994,7602.62958107113,5398.908211594006,14687.566381669187,3043.1718151012615,7757.887705474989,10897.113056629585,1436.6459893869317,360.87150983053675,2618.427373314875
1925,5,30,1,14147.533334866705,32977.462784984804,9351.60752855284,7016.073098919351,687.5558570411172,5795.107995615994,5015.012637804529,5101.485205392769,13425.906886323726,3529.2320252322443,7347.359789993701,11216.336075598747,1516.2336824569913,345.80711726576243,2538.78514216561
1925,5,31,1,14271.555542962717,28525.626282830603,8936.292283104096,7016.073098919351,625.6774712439064,5795.107995615994,4442.506219532823,5386.697780271368,11661.317832695942,4213.1786275578,7995.485277797798,11608.109780697267,1713.508117579475,333.11785260672724,2578.921298211593
1925,6,1,1,9912.174928374756,18338.57886154681,8398.764571413745,11310.492561548524,494.11364693792075,4934.332203542048,5134.171719509314,4136.201107597177,7930.53434216374,4317.329360291817,7020.027354729509,9546.2883767925,1830.7881082193137,335.8381548101791,3406.406600176215
1925,6,2,1,10112.810855343556,18282.825710645557,8668.98782111617,11310.492561548524,466.54633009617993,4934.332203542048,5259.371930264585,5365.742040028672,6563.013955599277,4501.000584910581,8517.909297675711,10242.084004718776,1956.270919013751,360.22225341340226,3317.502179170195
1925,6,3,1,9578.615199341002,19078.097070671545,8790.447051818615,11310.492561548524,438.46520356958166,4934.332203542048,5259.371930264585,5878.497652661173,7689.185962183432,4109.45012752412,8918.264840029917,11272.303747755623,2371.6996951067454,411.34092321859043,3571.3617909584814
1925,6,4,1,9674.432356886718,16862.69828202817,7665.960546175402,11310.492561548524,457.70452176924255,4934.332203542048,5259.371930264585,5395.855603763317,6697.634324432549,3572.933109710467,8746.787693032426,11834.053346071509,1825.0257965404858,452.2358590627473,3750.7458353270968
1925,6,5,1,12445.228510833995,16510.296290482253,8176.371778453079,11310.492561548524,756.7988483212744,4934.332203542048,3840.144366388647,5242.400183088064,9670.554997829304,4312.332940005254,7982.406512348736,12019.921294345819,1704.695170305981,529.3165671178731,3961.8229511103905
1925,6,6,1,14979.682344029312,15944.349211522042,8232.39367168404,11310.492561548524,740.1000335634051,4934.332203542048,6323.7488268740635,5638.579177756095,8343.138907938297,5612.668912612839,8761.319654642475,11655.785945867967,1968.880212805065,594.5956015652428,3899.6339620721587
1925,6,7,1,15081.700611979726,15424.687767272371,10469.032451015737,10220.110960773673,630.3873933551117,4934.332203542048,7492.4884166445145,8655.380743567668,8194.28332028584,5826.952008001442,12227.919096697524,11522.430875173113,2161.951549997143,625.2668034483577,3836.310827337171
1925,6,8,1,14873.663359689073,14692.533181852323,10556.596082452194,10220.110960773673,606.4595617811174,4934.332203542048,8014.301882449619,8050.056861043963,9041.170450036658,5826.952008001442,10673.725802512683,11045.669223465846,1966.032952916708,583.5828977808385,3581.884142700506
1925,6,9,1,14404.579362937133,15073.337721970369,9718.621545047381,10220.110960773673,601.2643749675505,4934.332203542048,6991.600021028571,7209.92968430436,10544.900925302512,5166.087459957396,9871.561521643123,10367.838527342992,2003.250707171787,527.7468459068106,3471.367945362058
1925,6,10,1,14363.572019937526,15861.245458292575,9878.684097136218,10220.110960773673,606.9805077115989,4934.332203542048,8744.753181981805,6761.278836115259,13271.270499150756,5374.7407860089725,10166.560342325152,10121.166194503183,2038.7736638742492,491.5610736958415,3360.85174802361
1925,6,11,1,14721.63613686117,15915.946662949911,10595.199403838296,10220.110960773673,599.1805912456246,4934.332203542048,10393.36854458409,7637.2947805934455,14092.144031059357,5200.429052912957,10600.339396382422,9342.455496714769,2366.5475105468445,433.36633078738856,3140.890490949147
1925,6,12,1,15620.797145559844,16873.217744462792,9768.52339952205,10220.110960773673,578.3784352545191,4934.332203542048,10810.994422418033,7607.181216858801,15779.414891100569,5141.8090796916695,10364.9216183011,7387.732724715127,2267.9780848877162,388.5347642620922,2793.211826802274
1925,6,13,1,14793.649031884777,16673.34795821306,12098.845849046787,10220.110960773673,559.6529267397157,4934.332203542048,10518.568755339358,7326.506302268949,15572.751308243332,5270.449309041538,10364.9216183011,6763.935015785725,2013.012741074744,335.8381548101791,2444.9660898070238
1925,6,14,1,14542.604078399607,15767.622242627578,12160.046236610022,10842.230524406057,559.1319808092342,4934.332203542048,11895.771073647078,7912.111988265027,15785.195690621082,6489.223998379657,9436.329271424864,7463.047246506628,2157.4094925561685,320.10806895694554,2302.756821053942
1925,6,15,1,13926.493754307821,19669.290859473953,12339.88122160363,10842.230524406057,560.6948186006787,4934.332203542048,11854.621354028242,8671.881326435945,16314.861446685536,7517.85322836157,12675.503514284188,8963.11905209551,2712.082835570719,311.45405620696636,2518.2445034356588
1925,6,16,1,13163.357102875676,15831.79096347653,12059.30098323666,10842.230524406057,523.2438015710718,4934.332203542048,12126.03439832281,8363.320426798718,15415.224521310196,7528.409045868362,14045.867494102975,10380.275787822255,3055.313235923017,306.73667413812666,2713.2545551817034
1925,6,17,1,12633.262181173444,13938.287725320011,11536.743827888828,10842.230524406057,484.75089268050186,4934.332203542048,11875.633976812353,5829.903436113971,14606.635188382532,6586.407891559187,13925.252212740414,11567.34320468167,2874.783400620204,282.35257553491397,2955.961734285307
1925,6,18,1,12642.26379305133,14903.974376779692,10641.335080616873,10842.230524406057,459.267359560687,4934.332203542048,1732.228090763987,7312.893321402582,14428.875603127686,6557.836812174069,11888.597793105013,13118.545970018935,2756.757699057211,264.2637986472553,3354.17289003163
1925,6,19,1,12718.277404465283,13250.314882122673,10207.283101129518,10842.230524406057,439.49995918492067,4934.332203542048,1085.3019667985584,6927.357202684799,14360.228608821797,6660.017125640163,12511.292348091642,15116.799153696187,2773.976842191613,253.2510948628511,3542.441075691459
1925,6,20,1,12759.284747464888,12776.939072583546,9953.066106636064,10842.230524406057,425.4629640444506,4934.332203542048,1085.3019667985584,6653.447527070968,13174.442107182564,6660.017125640163,12145.813513601172,14975.152576015027,2829.5662019168662,246.17502175959677,3609.670712270771
1925,6,21,1,11818.116216668894,11558.785322702815,10379.585730730943,6993.243997335058,425.4629640444506,4934.332203542048,333.925597077212,6637.9369791747695,13298.729296872974,6985.065932733639,13288.75229422423,14833.505998333867,2762.520010736039,243.81633072517178,3685.7844901412973
1925,6,22,1,11535.065532062004,11994.291067479104,10958.635551521897,6993.243997335058,419.7396950547782,4934.332203542048,730.46881005114,7130.314371964884,13374.602290579374,6252.06996505967,13689.107836578598,13670.622143517572,2598.0568562318554,232.01465711741545,3439.1708091933256
1925,6,23,1,10290.842734707921,11414.668687354333,10822.111610034504,6993.243997335058,388.53289294532516,4934.332203542048,20.870787580304615,7393.498668714258,11402.62705415427,5673.32967721876,14072.751623081429,11656.476904783503,2416.9846857121966,215.5038198764818,3386.3700262003626
1925,6,24,1,9513.803593819806,11329.461041637036,9957.773828756179,6993.243997335058,342.24006758878096,4934.332203542048,125.22647653366222,6267.911408353065,10586.08912188601,5586.208996729063,13516.177493420117,10217.900442675656,2360.2428636512036,203.70214626872547,3232.0001952544003
1925,6,25,1,8381.0007479329,10679.358263203443,9499.241694243647,6993.243997335058,317.2774803994476,4934.332203542048,125.22647653366222,6463.113303685051,9270.957230975942,5658.340416359072,13231.351045865007,9059.853300267985,2496.640170684338,194.2673821310461,2898.183311845543
1925,6,26,1,9100.529590711692,9969.715327392136,9465.34609497795,6993.243997335058,295.9472422322709,4934.332203542048,229.57165917567727,6561.209268837083,7775.1753550506855,5627.658173472527,13218.998878496443,9675.497693994266,2516.0964465881702,190.33075144990656,2865.419102828432
1925,6,27,1,9888.670719582065,11489.356870637004,8726.892803195178,6993.243997335058,282.9450027071057,4934.332203542048,229.57165917567727,6317.495659872347,7037.9066362070735,5492.614081501837,12836.081690074105,9446.099334042345,2518.943706476559,186.40233920442932,2668.266775877433
1925,6,28,1,8694.75693083489,8882.949663314217,8681.133744186327,5363.033780498476,387.49100108436215,4934.332203542048,229.57165917567727,5784.279324483129,12089.819597151865,5686.207774577018,12424.100578431828,7678.626428148085,2588.294822328898,180.10701748886476,2343.9011066081234
1925,6,29,1,7377.721095178922,8691.17986313892,8761.447483557895,5363.033780498476,456.66976615390354,4934.332203542048,229.57165917567727,5447.2549193980985,11530.527243544937,5805.558884520935,11844.275310194691,6957.265320347618,2661.6456604053665,176.17860524338752,2183.9235552727027
1925,6,30,1,8414.806801430092,9094.601247490731,8077.227150600472,5363.033780498476,367.7236007085958,4934.332203542048,41.740699634659926,6324.260898848365,10497.931929198674,5511.192320313918,14351.038687912087,7138.98751512884,2667.950307301039,165.1659014589937,2194.4459070147277
1925,7,1,1,8024.436899655831,16881.633314409588,4808.467373624855,7335.892884831529,293.8349135278491,2709.2237159019132,1599.936119819123,4407.14067829465,6909.572886852219,2167.6723110850708,7985.3129046707145,8765.504802257476,1649.715937699655,165.85625005442932,2677.970022394052
1925,7,2,1,7688.476740788285,15505.687628015818,4718.644035570626,4888.825558757007,265.2899310357611,2605.5347813393187,0.0,4317.129998748036,5262.117283508394,2167.6723110850708,8403.106800957106,9173.170562412939,1706.7967192711842,159.51983616057404,2735.559420551024
1925,7,3,1,8302.786742504595,12288.836015636844,4409.817464482098,4888.825558757007,245.60102936185834,2693.5477705583803,1892.4493394927438,4383.462341878704,5201.418888543275,2167.6723110850708,9614.345801146805,9342.455496714769,1717.4400479015226,156.6433836795697,2686.791155590943
1925,7,4,1,7447.633614098155,14451.637492108908,4126.506747285202,4888.825558757007,229.3589343238548,2473.1212094992825,1995.6738489195754,4359.784005462639,5059.2112203393635,2167.6723110850708,7824.7347288808,9074.363437493856,1640.2250714051204,152.0328412743087,2623.2159884789276
1925,7,5,1,7630.766406859523,13028.35422476068,4034.3295481707714,4888.825558757007,212.6244383378657,2471.8951579081804,3389.160949884952,4214.496373307254,4731.2231075459495,2167.6723110850708,7693.947074391157,9332.091112981985,1665.172491379358,139.94352241845507,2410.6896865276153
1925,7,6,1,7486.0404914440105,14508.442589253169,4013.6155708416863,4888.825558757007,206.7156269620043,2317.9381081099796,1634.344289628067,4530.317529406599,5373.1808942956,2167.6723110850708,7766.606882440923,8851.183707781629,1586.7372606451022,141.09410341085476,2364.756785809381
1925,7,7,1,8280.48274862906,13614.288282346226,3806.758260877834,4888.825558757007,188.51106437768232,2548.786107693529,3664.42630835667,4257.150380021856,6302.372157219356,2167.6723110850708,7733.909968818512,7854.129992689611,1393.5981315509428,131.29772810413817,2205.1572830395457
1925,7,8,1,7223.893549975545,12341.433327807257,3662.7961184403994,4888.825558757007,168.329761755794,2205.841962636922,1359.0789311563497,4111.0377187230515,7397.25558639903,2167.6723110850708,7557.34663525756,7005.632444433854,1270.5558292322764,119.20840924827418,2229.730439802379
1925,7,9,1,6602.582294576778,11661.876054557617,3443.3221131945234,2413.5138558391272,153.07246861376166,2214.3367486610946,1341.9186225493927,3917.650887506445,7928.366542343485,2167.6723110850708,7894.488144608587,6096.675991070368,1128.5317943244777,112.87199535441889,2413.9661074293267
1925,7,10,1,6319.131538330494,11671.343570748328,3381.0860267645453,2413.5138558391272,139.77764301808202,2012.213386354986,1462.3034405832643,3310.5119408673613,9034.667050576061,2167.6723110850708,8354.424729563658,5436.1883637269275,1012.065306509875,105.38500046815356,2363.8116643954177
1925,7,11,1,6350.537161993375,11648.200753393057,3507.2529795873947,2413.5138558391272,128.95195840795432,1939.7887673657472,1479.5513017852513,2297.5411585823185,8404.559902843332,2167.6723110850708,7273.973383863442,5436.1883637269275,1012.065306509875,105.38500046815356,2159.1613742270765
1925,7,12,1,5841.446001340062,11149.578234012637,3347.0962730564165,2413.5138558391272,120.58827853778884,1621.6283794723129,1651.5921508299703,1881.4789615580014,6523.0541789139415,2167.6723110850708,5893.073731877327,4755.4556401588725,873.5664505115055,92.72039111610529,1956.4013268866188
1925,7,13,1,5555.094725710609,10312.439413498196,3037.798929756022,2413.5138558391272,113.20226431793638,1289.1056729400743,1393.4871009653766,2151.4284972835144,6748.144060242756,2167.6723110850708,6232.104396237673,4565.787417849375,828.4170437102819,86.95926771844465,2027.4114491217413
1925,7,14,1,6315.130821940149,10814.007382361217,2893.8367873185875,2413.5138558391272,109.75545768203719,1139.7901041654864,1049.4054028757719,2240.6966506010385,6560.051295845047,2167.6723110850708,6597.4379111119815,4230.326864365498,783.2676369090581,89.26042970324399,1898.3708720697828
1925,7,15,1,5771.633500330808,11375.746676347577,2508.4626545548745,2413.5138558391272,103.85378255179972,1249.258996229003,1548.367641403139,2071.730682029588,5930.73900804629,2167.6723110850708,5687.591794712599,3950.4194076893327,716.6959890429623,85.80868672604498,1895.157459262351
1925,7,16,1,5298.048697640183,9260.598364702331,2722.1932388141813,1317.0798885976824,96.46776833198149,698.3239562516558,1548.367641403139,2141.9406621342455,5385.754133252779,2167.6723110850708,5786.554453276328,3775.192226713917,706.5949956294692,84.08281523744029,1895.157459262351
1925,7,17,1,4652.333072260989,10320.434204948511,2563.166385592089,1317.0798885976824,91.54375885209126,698.3239562516558,1427.8952707743206,2232.77637082416,5385.754133252779,2167.6723110850708,5919.449242199372,3565.9007712036837,678.6647319626472,80.04756332838434,1832.0233488101555
1925,7,18,1,5667.414838366042,10043.141175182653,2258.482609969378,1317.0798885976824,87.1192865658106,753.0934323288897,1427.8952707743206,1730.6636341417875,5385.754133252779,2167.6723110850708,5811.040808589216,3463.9152352732904,661.4320304478355,73.13750262545442,1832.0233488101555
1925,7,19,1,5774.734055533415,10444.669056296683,2407.1524745269276,1317.0798885976824,83.18007898189157,761.5707033302199,1462.3034405832643,1826.9445351783208,6505.278220388388,2167.6723110850708,5804.138126824358,3282.1239446005407,623.4007733675204,70.83387510995951,1897.9298154099185
1925,7,20,1,4784.956820596009,9788.149405777292,2275.242100717509,1317.0798885976824,77.27126760603014,710.0677789921737,756.9709805375778,1986.422668600503,4806.734801282219,2167.6723110850708,5732.059597239084,3286.062410419045,625.1837003928501,66.80273241872952,1676.5823802617158
1925,7,21,1,5025.799947286654,9772.159822877566,2260.271544374992,1317.0798885976824,72.8467953197837,691.8083677960389,894.6124150328727,1676.1292077619873,4891.1344742813535,2167.6723110850708,6059.174053079192,3276.2507938186122,631.1222710171671,63.34688022369417,1727.618936615265
1925,7,22,1,3853.890098685595,10880.279995696188,2077.611926109314,1317.0798885976824,68.90616048673988,738.7486287128439,860.1954899644927,1525.3963832601034,5099.243257018759,2167.6723110850708,6442.01858169345,3325.239780928858,594.8739409621817,60.46796221200463,1674.2510807739682
1925,7,23,1,4427.692846950642,9980.971152196505,1963.5908963569123,980.8231495450049,65.95318204795107,643.5544801744218,963.4287546508438,1371.3634421845404,4881.523895078577,2167.6723110850708,6442.01858169345,3389.3607682888533,583.5798100716547,61.04325270819927,1768.4481816981402
1925,7,24,1,5090.511534898388,11790.213496255521,2261.966324338466,980.8231495450049,63.984291880553954,629.209676558376,963.4287546508438,1298.0183513348632,4107.041279321678,2167.6723110850708,5335.990983559764,3195.8231760523777,572.8822479196447,58.164334696499324,1664.5478342573488
1925,7,25,1,2549.3565017489996,11790.213496255521,2261.966324338466,980.8231495450049,60.538912493745315,640.2966859465716,1032.2450942687315,1471.6869860238428,3042.3625276366174,2167.6723110850708,5335.990983559764,2982.5932547236393,510.4865812231672,51.2534521500146,1669.651489892708
1925,7,26,1,3989.4143664037815,9821.601296318042,1882.3356125613218,980.8231495450049,57.5859340549565,620.0843497159775,980.5890632578006,1593.2962817631615,3822.7704629018044,2167.6723110850708,4703.705333910544,2820.4251972516254,483.1461071046412,51.82956448977443,1488.1881784133723
1925,7,27,1,3890.2966178360193,8288.494841157757,1873.1084772056647,980.8231495450049,55.12464293957379,607.0444152934061,1359.0789311563497,1484.3099319180105,2930.576316909154,2167.6723110850708,4239.336500664425,2823.6727041545932,482.55631755634533,44.34339144708467,1488.1881784133723
1925,7,28,1,3645.3527568460854,9313.195676873645,1987.223661400498,980.8231495450049,53.64815372016228,537.9301356001265,722.5628107286341,2931.493552382488,2930.576316909154,2167.6723110850708,3603.926479268983,2853.1075539556314,476.0211781935115,47.22230945878461,1278.4342326096278
1925,7,29,1,3232.4788253768497,8436.714066855066,1682.539885777787,980.8231495450049,50.20277433335364,623.3421439438276,808.5832352509935,1189.7745277188021,2873.563181638522,2167.6723110850708,3617.0779045261247,3000.90366598483,550.8973340673288,43.76727910731446,1128.0969196965475
1925,7,30,1,2815.5041596072915,9255.864606606976,1960.107181987824,712.3847694768903,49.218686061961954,543.7976682147585,653.746471110663,978.2370553471992,2923.8561374667197,2167.6723110850708,3291.8526036951735,3266.43917721831,663.2149574731651,43.76727910731446,1100.6883986918679
1925,7,31,1,3893.2971551291653,6809.6688121574225,1686.4943723587417,712.3847694768903,47.74219684255043,564.658060286421,619.3383013017192,1073.7754301546424,2133.115023058499,2167.6723110850708,3291.8526036951735,3066.9593383083784,498.6026607843443,51.82956448977443,1042.2168872151672
1925,8,1,1,6457.756361251287,10287.08750903188,1106.12638937433,2530.2077285873233,96.57481201630685,602.4554793380688,16.248010567803252,1172.0364011354552,3939.398093227686,838.5541427422424,4985.843368567757,3575.7814836955135,637.8675652764988,70.26105014446044,1533.3019739061567
1925,8,2,1,5626.907584915295,7616.721970109288,1462.5009538773236,2530.2077285873233,93.6061338371453,440.0124010272,259.96992013669865,1214.3603961926178,3939.398093227686,838.5541427422424,4392.939334881561,3135.7788462939425,596.8399061231894,72.9230014547318,1404.7654616082532
1925,8,3,1,5128.218286875946,12860.042825813916,1704.1954075308959,696.8928349600523,89.14598032274478,545.6805331582666,0.0,1167.416237932256,5150.836892739007,838.5541427422424,4187.457397716833,3122.3051474412455,571.3501509321068,74.51984350346648,1606.8324199118192
1925,8,4,1,5436.773538470437,12146.823272774383,1680.2801791600161,696.8928349600523,83.95079350917783,544.1041811124924,0.0,984.5072768371181,3853.191920378424,838.5541427422424,3632.0458249843423,2817.0394985656017,597.4568124323372,68.66420809571538,1463.4890054620255
1925,8,5,1,5782.435434584168,12377.199500084076,2070.4561884865657,696.8928349600523,79.49063999481154,541.7396530439977,40.6209019454574,1019.9010270897218,3947.563472550291,838.5541427422424,4031.238810409724,3161.1370384934203,575.0787055478132,67.06736604698072,1407.7268420386579
1925,8,6,1,5025.699929376676,10099.735883078672,1773.4930771411912,696.8928349600523,76.52196181561577,510.19509710692085,64.99291779716224,967.5941793971909,3947.563472550291,838.5541427422424,3705.141591882437,3165.075504311795,554.5648759711426,62.80939453153987,1407.0337530017662
1925,8,7,1,5060.306126152143,12102.641530550767,1982.9867114922495,696.8928349600523,73.54614739083026,1146.5333879165485,0.0,983.7647506081481,3021.840689338842,838.5541427422424,3795.530393096235,3279.291013046868,535.2916382029883,60.67999785203166,1082.353043261106
1925,8,8,1,4429.493169326116,9275.956779856431,1930.2602237455126,696.8928349600523,69.83244516859452,730.9894736433663,178.7298672976586,996.0576848449961,3021.840689338842,838.5541427422424,3928.933800675689,3280.880218552653,510.41878932105357,53.494619554492665,1225.0033686740521
1925,8,9,1,4752.851071564828,10351.46661912907,1630.7549424550732,696.8928349600523,68.34667882988894,727.0485935290974,0.0,1055.2122744278756,3021.840689338842,838.5541427422424,3796.474970600974,2904.238513703883,474.9839620913359,59.34943311867857,1372.8203578165924
1925,8,10,1,5213.333528077245,10054.817778484407,1403.0895007197043,1581.154193897985,67.60379566055327,633.2118592522585,48.74490722935898,935.3355398896066,1964.893757012369,838.5541427422424,3783.686844384239,3280.880218552653,508.5545120132003,53.22834223911108,1265.1395247199907
1925,8,11,1,3530.7322322663217,10888.695565643888,1329.743190086023,1581.154193897985,66.86091249118338,738.091815360438,48.74490722935898,992.2625507852167,1964.893757012369,838.5541427422424,3780.925771678264,3280.880218552653,508.5545120132003,53.22834223911108,1265.1395247199907
1925,8,12,1,5139.320274858725,11190.604137505414,1944.2892356637158,1581.154193897985,66.86091249118338,714.4290196519825,48.74490722935898,1014.5383376574327,1964.893757012369,838.5541427422424,3953.5654756045797,3280.880218552653,508.5545120132003,53.22834223911108,1265.1395247199907
1925,8,13,1,5784.935882328456,10699.345241827874,1944.2892356637158,1581.154193897985,61.660730305696774,711.2763155606007,48.74490722935898,965.2840977955914,2094.8172262353423,838.5541427422424,3654.861004711996,3280.880218552653,508.5545120132003,53.22834223911108,1265.1395247199907
1925,8,14,1,3550.435760488107,11452.538752117172,939.5389344269183,1581.154193897985,60.17496396699121,690.7749814549479,48.74490722935898,972.2143426002701,1381.0330054435635,838.5541427422424,4052.237494936142,2637.8738517718116,382.97001336564034,52.42951029295597,1034.8449401863395
1925,8,15,1,3934.404516038231,10488.114436149648,1050.8577316825283,1581.154193897985,57.20343128954585,708.1236114691354,146.23034405825138,1018.3334717172121,1381.0330054435635,838.5541427422424,3168.912208474968,2633.1062352547156,382.97001336564034,52.42951029295597,1034.8449401863395
1925,8,16,1,4388.685862146468,8813.310822000167,1710.7862184993467,1581.154193897985,54.974781781470384,686.0459253177919,105.6146952685329,1038.2991769878286,1381.0330054435635,838.5541427422424,2747.775961018429,2465.8250818079673,382.97001336564034,52.42951029295597,1034.8449401863395
1925,8,17,1,4188.750060545448,6794.941564748948,1976.3959005237987,1656.6495019269184,55.71766495084028,686.0459253177919,105.6146952685329,948.4535032698743,2856.437563058994,838.5541427422424,2297.4304707259494,2633.1062352547156,372.4012558276366,52.16405482113957,1157.3956835291547
1925,8,18,1,4421.9918260948025,9400.822798950228,1246.4165085578145,1656.6495019269184,54.231898612134714,688.4104533863698,0.0,1064.452600834034,762.9932767097623,838.5541427422424,2671.9917812226013,2256.464530406076,299.6605448700952,43.6472899466823,931.5746736882055
1925,8,19,1,3625.7492465337614,8504.88018342872,1104.525763853288,1656.6495019269184,54.231898612134714,741.2445194519032,138.1142185079401,873.8708687052474,935.2611024201649,838.5541427422424,2256.305019369771,2052.7007462198717,276.6587524862025,44.71157736465381,843.1743174362849
1925,8,20,1,4424.492273838573,10113.305989619113,1168.8332480158847,1656.6495019269184,54.231898612134714,707.3354354463318,89.36493364878758,909.182116043401,935.2611024201649,838.5541427422424,2506.618058101231,1999.566005616669,254.28064560171063,43.6472899466823,982.1071652876557
1925,8,21,1,4775.155065440364,12363.524198919516,1283.513358865306,1656.6495019269184,54.974781781470384,669.4854713264081,105.6146952685329,1017.5909454881222,1004.9919966360959,838.5541427422424,2846.447980350152,1771.273179929578,240.60023975711616,45.51040931079855,751.0564836227891
1925,8,22,1,4936.784007604472,11409.408956137471,1581.3238601922717,1656.6495019269184,52.74613227342915,677.3672315550293,105.6146952685329,1149.0180880341493,1004.9919966360959,838.5541427422424,2373.2146505217765,1771.273179929578,240.60023975711616,45.51040931079855,751.0564836227891
1925,8,23,1,3749.271365081433,9147.093365037023,2035.8073536814177,1656.6495019269184,52.00324910405924,719.1668333005595,113.73957607836385,1144.39792483107,1004.9919966360959,838.5541427422424,2710.3561598728047,1771.273179929578,240.60023975711616,45.51040931079855,751.0564836227891
1925,8,24,1,4477.601783918672,10558.384445210231,1578.875844689928,1546.220359381066,49.7738859714385,622.9568134437217,113.73957607836385,949.9385557280541,1869.1492649543911,838.5541427422424,2924.9932328519553,1482.6596409178114,205.78231883654635,39.65477390305784,657.4264555469955
1925,8,25,1,4233.158012477078,7294.616030374187,1554.1132263374566,1546.220359381066,48.2881196326987,625.3213415122996,113.73957607836385,1175.1715118803547,946.2446215090521,838.5541427422424,2541.3494463491224,1382.746981733897,199.56580141358586,44.445300049272234,717.5991855687862
1925,8,26,1,4060.3270644202125,9974.764669360755,1831.209750335337,1546.220359381066,47.54523646336303,529.1200791668828,113.73957607836385,923.0426056527588,1408.347283177833,838.5541427422424,3425.6193103148753,1534.2051760154893,192.10869218217292,38.32420916970475,578.6978417645773
1925,8,27,1,4810.961477132469,7700.66728033443,1435.2903200222183,1546.220359381066,46.802353293993136,570.1227473781883,113.73957607836385,966.1091269390112,972.1859593572105,838.5541427422424,2508.434553302467,1528.6084087998017,192.10869218217292,38.32420916970475,578.6978417645773
1925,8,28,1,4539.312834237259,10140.656591947329,1637.4399078656654,1546.220359381066,47.54523646336303,589.0477294381502,5825.049246131453,1009.9181744543536,820.4399719445832,838.5541427422424,2821.743645613181,1318.556898482374,176.5640090297252,37.792476382496396,697.5626115929784
1925,8,29,1,4725.746218021191,11270.55205200585,1773.4930771411912,1546.220359381066,46.802353293993136,384.8138068930886,5825.049246131453,979.1445874049489,820.4399719445832,838.5541427422424,2482.8583008689984,1386.6854475524015,175.94032353035647,48.704093408278275,645.5809338254212
1925,8,30,1,4707.2429047165615,7952.5032110089505,1235.6829021235465,1546.220359381066,44.57370378591767,277.56932271624765,5825.049246131453,968.4192085406108,820.4399719445832,838.5541427422424,1973.149747399737,1386.6854475524015,172.21176891464998,56.95458096735397,681.9366042155497
1925,8,31,1,4807.160796561564,8780.174515331777,1759.4640652226976,394.7204754815787,43.830820616582,490.4819390241553,0.0,948.4535032698743,1024.1408950475882,838.5541427422424,2405.1849660636926,1374.8009542054901,175.32341722124073,30.87255355678418,539.3303844686121
1925,9,1,1,2874.9147980020657,10468.5482360217,413.1967704943317,912.0810083100744,29.31926514217861,301.2146034019446,324.6625325332415,323.64243237885944,514.3827673319989,183.4319594219038,278.77388554456235,627.3008706310225,161.10745535002206,35.6696544515201,557.0104557190228
1925,9,2,1,3044.5451729468623,9700.417089076589,488.5674016397059,912.0810083100744,29.31926514217861,301.2146034019446,230.87619284019047,286.7966308339039,602.1208520540283,186.64796515568096,254.04048688435807,540.6408034467861,153.37239931996555,30.46820652230509,549.4368827885111
1925,9,3,1,2247.002360559205,11006.513544907164,478.64352340999903,912.0810083100744,29.84235194634599,288.79645228626197,490.60096571117185,264.4053398816498,539.8544152190244,159.98397013344083,477.9925472553898,487.3056847578928,153.37239931996555,30.46820652230509,569.2466276250294
1925,9,4,1,1671.5993257376067,8691.074668514799,559.3056342184461,912.0810083100744,29.31926514217861,283.3580377285909,252.51919430788178,259.34791123248965,176.17709138608126,215.15570963575266,819.6026348014265,509.3058166280885,142.41722793997488,32.6970462732949,505.15479414002357
1925,9,5,1,2228.098975615178,9520.95505994867,624.7523871341134,912.0810083100744,28.79546471344894,290.34653179794003,360.73420164592136,264.4053398816498,664.3800628896778,215.15570963575266,740.6940832593765,633.9686241657781,146.2813663598766,30.46820652230509,648.4793061615469
1925,9,6,1,1595.1856426847755,8547.168422414557,657.8100118626943,912.0810083100744,31.93684003670242,284.137456240057,324.6625325332415,278.1255745366584,338.20567594574555,215.15570963575266,994.0588339289775,655.2985258877658,141.12918180000761,32.6970462732949,682.8817256295133
1925,9,7,1,2852.1107145776728,10449.928787513543,474.67962138485933,912.0810083100744,37.1719898257267,284.9081172401855,375.171624550513,244.89340063978824,549.053112456019,215.15570963575266,879.7649558666233,657.9656273016419,140.48515873000798,30.46820652230509,603.0378685786092
1925,9,8,1,1487.0662822396446,9149.09206289983,465.4242396963567,712.8094969481066,38.219590683188855,281.0285397054467,375.171624550513,247.78925293321473,888.6534062862828,256.0700582921976,912.5345292971155,597.2994345191979,128.88596428001765,30.46820652230509,603.0378685786092
1925,9,9,1,2257.9043127225436,10320.960178070016,490.54464493018315,712.8094969481066,36.12510259284406,279.4784601938521,375.171624550513,278.1255745366584,746.4457380823715,250.55288434194028,919.8731699101414,472.64353657066096,129.5299873500173,31.95409968963509,566.3293528605891
1925,9,10,1,3144.7631185212836,9634.986032735484,579.7936408859287,712.8094969481066,35.078215359927185,286.46695426320116,216.43876993568225,301.24289113508837,433.72616202236026,569.6059870916118,920.5271081825543,579.9701849179596,124.37102359989528,34.1837612841901,633.3573635383058
1925,9,11,1,2192.392581832534,9896.710258099003,692.8448798814622,712.8094969481066,41.88405281060208,277.1489621707079,223.66185901765448,317.1412027287446,638.9084150026523,569.6059870916118,882.4533687645169,691.9953538909571,132.75010269995144,33.43999285696509,522.0472642121016
1925,9,12,1,1892.8389421159286,9229.460755896745,569.879178100697,712.8094969481066,36.64890302157513,270.93988661290825,209.22443611314625,301.24289113508837,210.13928856889677,569.6059870916118,1059.597980789801,643.9667996733353,130.1740104199849,40.87110238073512,476.60582662916397
1925,9,13,1,2081.272684094774,8952.798893877416,460.13276003328383,712.8094969481066,34.030614502496555,278.6990416823025,468.957964243564,273.0681458874983,590.0895630520431,569.6059870916118,978.0736761579392,549.9687488062654,143.06125100994248,36.41260103517991,499.32654542061056
1925,9,14,1,2358.0222403875036,9806.979243534592,360.9693012923066,712.8094969481066,33.507527698329184,280.25787870531815,274.1621957754897,305.58254442946964,601.4127041128237,343.42296676700676,760.0942520086423,711.273107633794,138.55308952004108,37.89931604607511,427.0814645379121
1925,9,15,1,3064.448736988087,10107.835869153107,491.8722225681165,860.6677479052253,31.93684003670242,274.04004563609755,317.4481987107055,288.24043183485867,827.0878913931292,182.51712190469365,945.3041027276075,697.3157375404041,135.32619497988597,39.38520921340511,403.1887951931239
1925,9,16,1,1860.0330677164518,10470.441739260383,256.51436288827574,860.6677479052253,30.3661523750757,284.137456240057,339.09120017831344,306.3003197842485,505.1840700950043,189.40655213080962,1068.9710960283078,611.9684922957126,120.50688517996149,37.89931604607511,488.84199853517055
1925,9,17,1,2644.7735876553184,10010.636036260792,283.6214268566853,860.6677479052253,28.79546471344894,284.9081172401855,230.87619284019047,299.07306448795777,578.7664219914345,189.40655213080962,1199.9767299420341,533.9730499120303,118.57481596999459,37.89931604607511,488.84199853517055
1925,9,18,1,2735.0897601641163,9236.929574225554,518.979286536315,860.6677479052253,28.27166428471923,284.9081172401855,259.73352813041777,301.24289113508837,449.29096473135866,54.24845733108083,1048.2630507340557,497.30386026545,110.19573686997046,39.38520921340511,421.8328902857686
1925,9,19,1,2695.3826499916454,6010.926029528232,630.7029478942054,860.6677479052253,27.748577480551848,288.01703377479583,50.50296333562847,238.39217098967336,631.126013648067,54.24845733108083,1229.40395220222,680.6290797306327,108.26366766000356,37.1555476188501,374.0601532150391
1925,9,20,1,1114.0994967623196,6695.006671624082,485.25316526682013,860.6677479052253,28.27166428471923,287.2376152633297,367.957290727977,245.6194262860841,476.1789085009657,54.24845733108083,1214.726670976168,680.6290797306327,105.04355231006942,32.6970462732949,385.71034984439723
1925,9,21,1,2793.6002373711535,11398.889493702849,474.02054028813035,860.6677479052253,28.79546471344894,290.34653179794003,274.1621957754897,275.2379725346289,605.6543657610415,148.49220347427774,1275.5429303137778,725.9905325343782,107.61964459000392,31.95409968963509,326.8607898021556
1925,9,22,1,3266.784968422382,12042.680594676569,319.31537597224235,983.3290416257171,28.79546471344894,287.2376152633297,86.57725902614347,306.3003197842485,503.05962627121824,214.23383490679342,1028.8628819847897,647.2972216460067,103.10470390988154,31.21115310597528,389.20729907601833
1925,9,23,1,2735.0897601641163,12127.888240392962,366.9198620523988,983.3290416257171,29.31926514217861,288.79645228626197,216.43876993568225,312.0837740795845,453.5326263794043,125.96608891477403,1246.115708053592,630.631292603824,99.88458855994739,31.95409968963509,378.7164513811106
1925,9,24,1,2355.121721004336,13909.885176746977,366.9198620523988,983.3290416257171,30.3661523750757,282.5786192170413,180.36710082291896,291.12803383676817,584.4316055214159,161.82771959127237,910.5000546717952,773.9430812713193,97.30849628001289,28.23854492775008,367.06625475179675
1925,9,25,1,2186.4915251572547,9520.95505994867,545.4178539635996,983.3290416257171,31.41303960797275,244.54474735852733,209.22443611314625,256.4520589390632,387.0245278963548,36.31904943515314,921.9076445354617,756.6000124917757,86.35332489999018,34.92670786786029,374.63982768226424
1925,9,26,1,2068.3703737365217,2033.5172831552707,542.113033035189,983.3290416257171,33.507527698329184,239.88575131232238,230.87619284019047,241.28802328309985,428.76912643358344,36.31904943515314,610.3569195796792,587.3012590116407,433.691914519825,37.1555476188501,283.1646764302724
1925,9,27,1,1775.7179697929112,3298.90341936543,395.3450882143456,983.3290416257171,35.078215359927185,412.22481746571844,266.94786195295376,255.73428358428433,663.6719149484732,36.31904943515314,721.9987146481003,600.6367660811521,92.79355559985848,33.43999285696509,344.9252104275309
1925,9,28,1,2250.9030590395705,6457.582404483867,301.46369369225624,983.3290416257171,38.219590683188855,478.21266560162906,86.57725902614347,268.01071723833815,826.4375514471038,74.47481111649401,646.4615781995896,611.2982621476347,88.28539410995707,37.1555476188501,325.70144086770534
1925,9,29,1,2079.2723258998603,10888.695565643888,218.8243395935405,1874.8532403234508,40.31336514898836,269.3810495898926,555.5387253735154,225.38971168956363,718.1559504290639,161.82771959127237,435.20318629486644,611.2982621476347,81.83838421986779,31.95409968963509,340.26261145203597
1925,9,30,1,2879.9156934896077,11176.928836340852,232.71211984828312,1874.8532403234508,42.40785323933316,247.6449063818,555.5387253735154,301.24289113508837,437.2596757293733,221.13030234465847,194.53937007246248,663.2998301293945,70.88321283987713,33.43999285696509,340.26261145203597
1925,10,1,1,1901.8405539938146,14406.403803641377,1196.6088085255776,195.34278225198142,17.84061405755056,453.236243188445,149.50481110877215,497.56682610210606,152.89492131739718,227.87195112560838,2023.285014954175,381.96208849808687,123.15754855223064,4.881011122829823,364.27499617591445
1925,10,2,1,2580.7621254118817,10345.154941668297,1523.6071869981258,350.2090364860391,17.84061405755056,440.4327615726564,149.50481110877215,442.21562087040274,78.92959145280635,184.2130899174461,1154.2010508707235,453.3450540602355,115.35470062006046,4.881011122829823,368.7233676309227
1925,10,3,1,3333.596932139008,3582.718515840306,1132.4896332475537,350.2090364860391,17.84061405755056,495.92035358182636,149.50481110877215,472.7747003425254,120.57302599849186,184.2130899174461,698.9146936307853,443.5818045840022,104.20971191417075,7.321475592066444,224.68056333476932
1925,10,4,1,2505.8487110056235,3161.3088507268667,689.3423346240039,350.2090364860391,17.84061405755056,480.5509211361108,0.0,402.4327155749157,16.780938408024547,184.2130899174461,517.0399281013988,392.9414256657264,100.3048983530072,7.321475592066444,451.5853123970428
1925,10,5,1,2522.9517735736595,9326.134615667557,851.9282257689555,350.2090364860391,17.126989495248566,354.223819694814,62.2936712953551,402.4327155749157,91.98697236969919,166.11338149900095,760.6755304731342,316.06533672518157,98.08132396398683,7.321475592066444,340.9178956323428
1925,10,6,1,2856.0114130580387,10039.03858483292,703.2771921000661,350.2090364860391,16.413364932946536,312.39794541518745,68.5230384248906,356.30533616657675,218.77435785263495,128.30948040122703,303.69619970561814,288.60662942248365,101.42346473770634,4.067468176846561,340.9178956323428
1925,10,7,1,3017.6403552226643,12102.641530550767,1176.177294523496,350.2090364860391,15.699740370644507,363.611871878175,56.064304165819586,311.9105179594075,0.0,179.95557685636615,244.81995724290283,386.2322145960541,96.96275757925567,4.067468176846561,319.22420877736477
1925,10,8,1,2698.583223103714,13260.8343445573,1212.4267548493956,350.2090364860391,15.699740370644507,375.56587489154634,68.5230384248906,182.76870614066905,2.486105093778081,94.7701295762822,201.10781672014508,342.90909059302356,89.15990964711753,0.0,324.2333522713278
1925,10,9,1,1912.542470337714,13544.859830280415,1190.1121519995581,538.4270154063522,16.413364932946536,422.5148933196891,373.7620277720972,184.49301705044178,433.19866406622003,123.51713925312791,400.4572660855193,393.5494695112994,90.27847603181665,11.389108137625295,328.68172372638037
1925,10,10,1,2938.426170696644,1500.91690011169,872.3691552152222,538.4270154063522,27.831357929778903,423.3643719221064,747.5240555441944,167.77792660488268,178.99523115236323,123.51713925312791,271.0574139296728,393.5494695112994,88.60401604986242,11.389108137625295,304.763851143854
1925,10,11,1,2528.2527227906194,2518.04372287465,683.7683916336371,538.4270154063522,47.812845674210635,395.20021537202325,74.7524055544261,133.76197502181762,0.0,123.51713925312791,258.8142362733093,368.53675676958943,88.60401604986242,43.11555715948433,304.763851143854
1925,10,12,1,2041.065484373445,7123.359181944825,957.8331425862157,538.4270154063522,49.95371936112836,77.67387130146257,118.36235309091283,192.57005236446338,93.22984426660328,123.51713925312791,352.0803658860129,312.40325447291747,88.60401604986242,43.11555715948433,304.763851143854
1925,10,13,1,2457.6400785036067,6071.412938524839,1148.3075795716616,538.4270154063522,39.24935092660819,39.26342645421081,0.0,157.9765803810884,185.20959063689233,45.786914017609,431.3522164683101,161.08325197464046,85.26187527611087,35.7937528299886,290.3034935103432
1925,10,14,1,3422.512853911212,10079.328125955952,578.7861883520296,538.4270154063522,32.82672986589304,358.49748524099635,0.0,272.7051330643504,198.88840750217628,151.20152996777134,231.4142226577161,304.4710461228163,88.60401604986242,30.099198761170754,321.44839450486893
1925,10,15,1,2209.195590671669,10586.786993782363,1087.0130375659967,538.4270154063522,29.258607054382928,57.18830071626162,80.98177268396162,134.90876553116044,18.645246253380677,127.2468614389378,195.2732341336848,318.5044216970168,88.04812245260733,33.35369928253694,255.8254643292951
1925,10,16,1,2032.463944134438,9322.557998439333,414.35487013606274,820.615947358726,28.544982492080933,40.9711411704019,80.98177268396162,218.50896863338681,546.9358946317595,100.0902615996514,241.32502047570526,273.3502565678542,96.96275757925567,24.4046446923633,312.5516515948524
1925,10,17,1,2974.832689847586,10433.097647619048,830.5645827873259,820.615947358726,27.831357929778903,139.98006165941925,24.917468518142037,218.50896863338681,238.0388722546579,100.0902615996514,294.9552247971801,328.2676711732501,91.94615682358194,20.33734088422336,327.0120092283632
1925,10,18,1,1325.7373938044366,10392.702911870992,707.9284215547802,820.615947358726,29.258607054382928,157.05720882130686,143.27982160904153,258.2918739288739,238.0388722546579,100.0902615996514,348.578163137927,284.3365033246466,91.94615682358194,15.456411945754853,315.33030855188775
1925,10,19,1,2721.087252798688,10618.345381085332,379.04695423418593,820.615947358726,28.544982492080933,0.0,56.064304165819586,171.81231911613497,31.697568970693087,0.0,227.3380074260267,274.57325384841334,87.49222885535224,17.083662206432752,317.00002304986066
1925,10,20,1,893.0999233672215,10233.333055993435,834.2742678180172,820.615947358726,27.831357929778903,513.8382218347936,0.0,105.50472685992167,386.5837419328114,72.94069897216855,192.3595758309791,216.60871042560927,85.26187527611087,17.083662206432752,318.11526631834664
1925,10,21,1,3024.14151935678,9445.320125047108,804.5497103509824,820.615947358726,26.404108805174843,215.95147275156683,105.90361883184848,142.40828044487213,183.9667187398488,104.88260274775054,237.83008370850771,325.8216766122621,85.81776887336598,18.710090623545458,305.87909441233995
1925,10,22,1,2404.130496784629,9580.915995823772,379.9790832137337,820.615947358726,24.97685968057079,62.309693362561795,0.0,137.79636753306994,60.287235599186026,68.68037102641354,260.5580716664639,338.03092064948333,83.03152169690156,21.964591144911644,308.6577513693754
1925,10,23,1,2910.62119178471,11082.25367443375,835.206396797855,1472.3177793694051,24.97685968057079,67.43108600886207,118.36235309091283,223.120881545069,58.422927753829875,59.629813096060836,359.6587838654673,287.99167598775796,84.70598167888784,23.59101956202435,322.5636377733549
1925,10,24,1,12078.162782032468,12956.821880208847,663.3368776318454,1472.3177793694051,24.97685968057079,45.23867645860653,0.0,187.38061905235125,456.19179415885714,59.629813096060836,293.78540188762895,322.1665039492809,83.58741529415667,16.2700370760938,284.7461795963167
1925,10,25,1,6826.722430337751,8323.735040312167,471.02642901956904,1472.3177793694051,25.690484242872817,80.23456762461262,305.2433669769614,147.59771375686424,233.06738466700023,59.629813096060836,427.85727970111253,422.2311740944262,83.58741529415667,14.642786815415901,284.7461795963167
1925,10,26,1,2915.9221410016703,11420.980364815108,680.058706602946,1472.3177793694051,29.972231616684958,308.9912734941809,728.8403317853994,170.07975791496528,107.52287108099954,61.226556424260075,475.0716229717957,386.2322145960541,98.63721756124194,20.33734088422336,292.53398004731514
1925,10,27,1,2068.8704632853796,11125.383470413452,399.48788368016267,1472.3177793694051,57.08996498414181,244.11562930164988,436.05569906741897,89.36715681472253,0.0,152.79897701707975,314.18827598793865,290.4376705486157,106.99595909066721,27.659145213719096,340.3571235934324
1925,10,28,1,2034.6643381487909,9747.64947540602,824.981224352774,1472.3177793694051,55.66271585955281,180.95645733662855,1482.6156426078833,105.50472685992167,313.24707401615143,81.99055318135416,232.5840455672672,329.48375886452624,95.85097038477751,31.726449021848655,322.00916654382365
1925,10,29,1,3775.8761290762122,10467.917068276074,539.7685874194618,1472.3177793694051,143.43853702270036,133.15796030606856,1090.1173595199566,99.1685030384938,423.87712483934035,96.36757662559062,395.7997723894985,504.60038641336723,86.93633525809715,42.301932029134996,308.6577513693754
1925,10,30,1,2738.1903153667236,10588.890886269286,384.6208972245528,1837.7957684498865,182.68788794930853,135.71515362465786,560.6430416581458,134.90876553116044,224.36728138872832,102.22253673606593,241.9062989400366,438.703634640462,93.06472320828105,101.68670442115832,308.1032801398441
1925,10,31,1,3465.3205192868077,13786.807466266839,327.01720936091846,1837.7957684498865,102.76193697146896,101.56961681222029,242.94969568155628,42.664732093424526,83.28686909137103,102.22253673606593,272.80124932282735,431.3794701359338,112.56845344359603,59.38477239201294,315.8910805908425
1925,11,1,1,4809.261172666456,16655.464872074648,4208.515266619953,427.3820180268273,104.424682201649,669.2490185195419,227.18147333405923,1207.8426659595889,2472.736994886826,226.18302032451808,1940.8887926256555,592.5525467695601,16.270734423969614,18.201369456193614,85.03572401819211
1925,11,2,1,4205.653087294044,9796.459781100872,3455.0914184949556,427.3820180268273,83.28712266625115,669.2490185195419,191.67889608840747,871.9733016752976,1916.7686010044276,244.1349472977972,2158.7228971589493,644.3260983092789,15.39147345368136,15.601056413373897,75.64121716349985
1925,11,3,1,4053.725882376119,10338.317291086016,2671.2556854730587,427.3820180268273,72.09748952936934,601.9387861675651,113.59073666702962,649.3391873248115,1931.6541597696387,211.82007130363192,2511.9222240889367,606.9314018015288,16.270734423969614,14.300899891953652,85.03572401819211
1925,11,4,1,3963.1096561379027,12893.705105602907,1916.137057384588,340.0686681078239,67.1278080774857,650.0175235618461,212.98044243574847,779.9578013102127,1928.40246003934,78.98566379774431,2423.8585367326245,668.2954630886619,14.951504009026683,15.276428204801432,63.27902906897946
1925,11,5,1,4131.0397266166865,13783.651627536903,1663.6148428543163,340.0686681078239,63.39840611491143,660.5965972908755,127.79176756525696,498.82087040008986,3021.045829404696,222.5940423722121,2371.9794337850326,733.5219847134892,17.150673313278908,14.626349944091308,66.24671030880758
1925,11,6,1,4208.253552947794,17108.853702988443,1797.5024599545022,340.0686681078239,62.155272127352454,660.5965972908755,319.4706636536644,663.0264208139922,3015.843109836321,168.7382614523748,1802.1085592505744,669.2558959812859,16.710703868624257,14.950978152663774,82.56580672308402
1925,11,7,1,5301.049234932811,28610.833928546996,1818.6872094954542,340.0686681078239,59.66900415230295,617.3257336359558,319.4706636536644,923.0426056527588,5739.972623870421,150.7863344790957,2405.8389043362663,669.2558959812859,19.789134143164734,14.950978152663774,110.25156334252942
1925,11,8,1,5274.344453028053,17282.42483315297,1659.3778929460677,340.0686681078239,59.66900415230295,650.9808498119859,227.18147333405923,923.0426056527588,7379.913187837665,109.49901360412196,1825.7956566748858,695.1737649022676,4149.542327782919,13.326193422681449,4168.174459823866
1925,11,9,1,4053.725882376119,17300.307919291383,1517.016376029675,340.0686681078239,59.66900415230295,650.9808498119859,269.775810769305,309.74069131227685,4655.2778538454895,251.31290320249613,2378.7367959335666,590.6316809844421,2733.0983252229407,13.976271683391571,5095.21255072509
1925,11,10,1,4028.4213512079555,22692.58436306397,1567.859774928366,340.0686681078239,60.912138139827704,593.2863649388153,276.8763262184186,486.387681208893,3555.1194451035526,208.231093351239,2535.6093215130877,558.992672242893,656.9916608600157,14.950978152663774,1585.5356840506972
1925,11,11,1,7105.272309005954,18408.00731361262,1146.6127996084783,953.9166642360207,58.425870164778196,689.4438397274607,241.3825042322866,424.18873408684084,3004.5705507713656,165.14928350006878,2544.6191377113473,681.7207948171592,391.81685659020707,14.300899891953652,942.2860497130232
1925,11,12,1,5460.877854721446,14269.65079199668,1491.5005221380434,953.9166642360207,55.94031581427397,613.4811861467343,291.077357116646,598.3441359702836,3557.070464941629,328.50407802402805,2640.5300843369355,723.9176557877693,306.50752698258134,14.950978152663774,579.4224348485866
1925,11,13,1,5615.505543203099,12914.744030471253,1709.373901863167,953.9166642360207,53.454047839224465,334.62450925977095,205.87992698663484,682.9261237531927,3005.220890717391,351.8394719258096,2787.230236789534,761.2985331173443,259.01252036855186,13.976271683391571,476.0954610656413
1925,11,14,1,5030.500789045296,11921.706776682453,1417.7775937349268,953.9166642360207,53.454047839224465,681.7547447489343,212.98044243574847,365.7189186930321,3005.8712306635884,122.0674736488986,2541.2767865410406,556.1182831543038,225.59111263129267,13.976271683391571,428.1400005215425
1925,11,15,1,4962.488610411515,12179.433606320363,1490.6531321564519,953.9166642360207,53.454047839224465,672.1389972700446,362.0650010889102,680.4427860315361,3020.6845294347395,150.7863344790957,2364.0595147075146,711.4112994169794,194.81358907611374,9.751173910588458,349.5311021182145
1925,11,16,1,4201.652370904217,14394.83239496374,1860.2093185960568,953.9166642360207,52.210913851699715,625.0148286145658,397.567578334562,1119.5645476142645,3009.7010103458524,971.1352106279608,1591.1044766740563,774.7031360783832,160.9515339751959,9.751173910588458,313.44636653342826
1925,11,17,1,5887.3542219172305,19419.979599783743,1781.4020503031004,953.9166642360207,75.8297459901932,859.6460731078073,1767.77444430707,2951.8717722247543,3011.6520301839287,3740.981724419168,2962.1950545733353,3726.9632944108657,142.03759328817685,418.6306756490126,313.44636653342826
1925,11,18,1,5640.810074371262,14229.676834746911,1410.1510839000216,1958.7369159113744,742.1695447940831,1667.3425887980159,1767.77444430707,2511.553718384181,3014.1088699802535,4241.820079059713,1682.5105152006747,3726.9632944108657,135.4414412134824,418.6306756490126,280.31671056957885
1925,11,19,1,4997.194825096444,12418.225403576853,2057.651184319389,1958.7369159113744,611.6119311209404,1146.1830874619595,1576.0342614021918,2069.915617914088,3012.230110136066,2387.5148036939036,2461.1330182620864,1478.513887424724,135.88208857714105,80.28096690112712,280.31671056957885
1925,11,20,1,5249.03992185989,17552.775017712433,3569.583220459514,1958.7369159113744,390.3383630879505,1109.664265069523,1206.9125211615162,1852.2729298811062,3012.880450082091,2251.0632693889584,2148.5505240318666,1489.9838054223399,138.08532539553053,70.85524304267524,288.72199034434317
1925,11,21,1,5057.105553040075,29705.909967947588,3029.701647708961,1958.7369159113744,339.37129684832075,967.3547053869596,1490.8455865317005,2179.396985245219,3580.0491430355573,8580.472190715327,2475.810299488138,3023.1525430645247,127.97077360162746,226.86991639426094,256.5878622698895
1925,11,22,1,8441.911654973728,22337.026532788113,2577.1953975105816,1958.7369159113744,800.5440339904029,1846.170970873016,4749.465617370472,3637.305984574034,3011.50751019598,10499.519813456409,2281.735952187237,8276.305890070946,167.54768604989036,1118.4469089692252,247.6911193598729
1925,11,23,1,20353.644635173983,68692.08969535049,2456.7718656743014,1958.7369159113744,1364.9497003150677,1452.9587105808023,3464.456181527974,2323.694582428524,2455.177816343453,4293.895445426678,4007.1157541372445,2951.2237199591777,149.07439272656202,321.12715497877963,260.5447705896455
1925,11,24,1,14207.544080719796,41805.395659769325,2731.4203741698384,1958.7369159113744,665.0624108373701,1025.0667052828887,1590.2177817814634,1184.2468324579731,3010.9294302440153,2689.0593238055335,2859.454085990971,2250.3840919495647,135.00757304001263,160.2348400629862,217.52914463585162
1925,11,25,1,8937.60041572045,34664.78455943171,2689.0508750876443,12133.402037252776,411.4687863777243,1010.6168115304582,802.2269168588012,1649.4807664296818,2462.331555750076,1990.7568096706675,3226.240797026269,1932.9575661606389,124.01172651876018,114.73758024924109,259.0577795649976
1925,11,26,1,8468.516418969026,38532.7908964882,3042.412497433706,12133.402037252776,312.01806737529915,825.9909569317773,802.2269168588012,2179.396985245219,3008.9061504117067,1646.1445541311048,2770.3005015139174,1932.9575661606389,113.89717472482508,114.73758024924109,188.3626978011817
1925,11,27,1,10681.912761850479,36641.391550818604,4053.4428999791053,12133.402037252776,256.08417418206966,857.7194206075277,532.4511060894963,1487.77505432035,2451.348036661017,1290.694992617916,2356.2122554382386,1405.6177218376004,105.53843319543184,76.38131918045235,198.24866779117053
1925,11,28,1,9348.073917355376,31695.140314256027,3695.844327724795,12133.402037252776,223.75698150978997,818.2931044419131,482.7562532051369,1011.3207239982033,2465.583255480375,1281.6873616787966,2640.5300843369355,1274.2664319976968,98.50163375701462,67.93030179128306,196.27021363127034
1925,11,29,1,10364.855987926441,41387.77300113144,2912.7618302420583,12133.402037252776,210.08393489607403,818.2931044419131,624.7402964091849,1156.855864896578,3016.05988981833,976.5538636147738,2491.577477834932,1273.29908951592,94.54936586436831,68.5803800519828,204.6754934060347
1925,11,30,1,30099.389761716015,102714.13510005329,2746.6733938396483,12133.402037252776,198.89430175919222,841.3691468889139,425.9608848715804,901.8393566669524,1894.4402628565244,1053.7520756480549,2125.9533237284572,1223.4809517070828,91.47161350885041,56.229714942138756,204.18403027078244
1925,12,1,1,2326.516598814643,3326.88518944108,1048.033098410169,8102.419788716377,787.4133420440404,1067.1903349489116,61.15548756121643,1561.2851509986872,1431.181441283641,221.53846062158502,974.0047269072985,423.84110836767,92.35290823619981,52.30459007092228,238.3407181711449
1925,12,2,1,2212.4961816937157,3125.753067699191,3110.9569315045505,8102.419788716377,1500.6810920649054,720.865790505394,48.280878476210155,4765.4508352798175,1426.9903616314205,218.36467815786767,1080.5240055081374,486.62163543163945,90.68522744443452,67.24817163149933,325.8085546279487
1925,12,3,1,2713.385873747418,2940.0845557355224,4749.150074909667,8102.419788716377,1192.5380060629095,753.2510675334671,41.19962459796939,1810.7739639673637,1427.7852215653938,259.98978519305945,541.7951247039473,434.50951402317503,84.34668459772068,249.29802731039734,234.84376893947945
1925,12,4,1,1677.8004361423036,3488.779716302949,2479.651395178727,8102.419788716377,491.86572956664344,692.6228163529388,62.44251070674236,1102.1564326881173,1746.2350151500925,270.92561213013,593.2745987071714,442.718105939647,80.68592188409582,249.29802731039734,181.0537588665886
1925,12,5,1,6515.466695180048,3234.524309268239,1823.3007771734278,8102.419788716377,543.3751504736265,685.9846227382618,95.27473380689379,1051.3346374537664,1751.9435546765444,372.16997644393945,517.3305673335645,994.9808383454094,108.69075664325233,88.98922132646088,242.2787240625863
1925,12,6,1,7800.696835533738,3732.094882406553,2099.644065632148,2307.756715477782,697.4252847377354,580.5091558572065,112.01478995815683,1148.4405676337194,1423.594141913001,507.2774033196744,503.5687996888585,916.2115219763576,215.37487298423517,67.24817163149933,303.9384451090249
1925,12,7,1,3205.574007652652,3214.4321360187837,1782.1552858422606,2307.756715477782,451.9598440427325,490.8147244559853,126.81993376149099,933.025458288007,1425.8342017273178,352.76838386643107,575.9452344873467,654.0271614832676,142.6951747385864,61.81414197310673,258.89395851994306
1925,12,8,1,2776.897246441997,3406.5175200673475,1478.130591316569,2307.756715477782,330.3867636089382,544.7960245104156,122.95010906538306,722.1150080654559,1754.183614490689,328.7785292791998,696.2262807328916,525.1909620957492,122.02542378708954,63.85231401678526,252.3348159070974
1925,12,9,1,4501.206010620823,3486.0446560703986,1194.6315652348103,2307.756715477782,258.92439994003394,538.157830895655,117.16288254030228,664.8909866781138,1748.0415150002202,395.8009332358792,633.5353983475806,784.5147526786859,144.36285553035168,64.53115680230822,362.5422735836625
1925,12,10,1,4068.5285330198235,3607.64964181014,1468.338529306324,2307.756715477782,210.20525107168154,614.5583600445966,154.49530902006367,634.0266464229821,1743.9949553359477,456.1239116815816,545.8713399354763,3734.149267132209,1007.1842895583965,65.210821431386,646.7780876164566
1925,12,11,1,3409.4105077335203,3352.5526777806604,1235.7770565659778,2307.756715477782,176.79334906469504,611.2392632372164,113.9409470467328,506.7081490111405,1748.4750749642371,450.83896571652315,816.4782630553646,3389.9135354213345,2118.4291488463905,65.210821431386,2450.321777819455
1925,12,12,1,4961.28839549436,3743.981874957453,1388.6838710317759,2307.756715477782,170.7632215132261,617.8862143633145,92.05279831332432,632.7396009592904,1425.8342017273178,420.4945089901952,327.2161795712619,1956.7265528544617,761.5064363336819,40.756866125059304,1370.1110097632595
1925,12,13,1,9868.66713763138,10925.513684163718,1878.7577437498023,1541.6545390641513,187.4620362710954,610.4072996575578,66.30533119521894,571.654443180873,1744.3562553059044,364.05607138704386,413.35438201429577,1410.2471465715112,462.7610821419769,42.11537353966005,948.9649077049593
1925,12,14,1,4600.02370545865,30627.41487718365,2462.7035955460233,1541.6545390641513,148.0200067126742,617.0542507836558,135.18120657768623,601.8752607041589,2074.0786079555583,448.3689044198906,423.03993442731235,1223.9646229480363,340.7356583548552,57.05895510023711,704.5565100562209
1925,12,15,1,4114.336735688048,26437.512989640312,2057.5570298769576,1541.6545390641513,129.92962405830153,552.2749392161721,363.07185593067146,540.1465801937757,4377.799476862281,430.0228935930093,465.3424746739301,1084.045442555587,277.7230853492299,70.6448510897786,602.6346167753298
1925,12,16,1,4812.761799507943,44165.96303000419,1596.2002620923568,1541.6545390641513,117.39837674428418,655.2545153581683,225.955737004973,540.1465801937757,3712.140412078615,390.8678478543631,597.3508139387003,1003.6178247893524,238.71562487863207,52.98343285644525,506.4212568347171
1925,12,17,1,4066.928246463789,17350.801338975773,1912.747497458221,1541.6545390641513,144.77301495417774,519.0576986083571,276.806284142428,845.5723690861023,2406.4745803833744,1469.2994248334098,1414.9044421533506,935.489275719325,221.04227600012953,52.98343285644525,443.88572327801734
1925,12,18,1,4062.927530073445,11777.59014133397,2503.754932434469,1541.6545390641513,402.3058469977425,666.8844904509638,2784.785387057421,1046.2194567645872,2404.0900005811095,3748.863401490865,2820.581088684358,914.9677959284705,200.37252504863264,52.98343285644525,442.13409825749494
1925,12,19,1,3887.096044723951,10417.949621713187,2512.699604463123,1541.6545390641513,303.0049891534207,568.0559746960065,2072.1948168916833,631.4525554955987,2406.6913603653825,4443.788054023637,5802.75759047145,866.5315759507059,188.37335837624545,44.832388368851156,390.53046905556744
1925,12,20,1,5345.7572405933415,21244.05438587445,2988.462001935652,1216.9503872314342,243.6100168330098,592.1391309500019,1134.2438673665602,567.7933067896778,2079.3535875179937,2104.618894510975,3917.453551003781,834.540178162236,174.69973172187198,47.549403198052644,365.6044669648427
1925,12,21,1,4403.288476970215,19113.863242948366,3328.265384575377,1216.9503872314342,212.98838686465405,572.2070350830453,516.2801418052613,644.3147598413594,2078.992287547865,1283.3762924798868,2287.476077023111,881.3180967428176,168.70014838566237,47.549403198052644,408.4625726830056
1925,12,22,1,4612.82599790744,11485.149085663155,2567.3091810579053,1216.9503872314342,430.6153333842737,637.818310230271,482.8087847620882,1163.2085893008268,2087.591226834659,1139.4653138034957,1979.6164703162663,1730.2302203478694,359.07336787398833,67.24817163149933,665.6175078012732
1925,12,23,1,11397.04081659953,10085.95538728999,3021.510211219758,1216.9503872314342,807.8943669821012,483.3445672615663,350.84075841845174,1480.9273124300014,2080.365227433976,848.0543784984079,1808.3573027428586,1212.8401844081889,347.7385618421996,68.60667904610008,523.477547951894
1925,12,24,1,8566.533970528577,7848.150143661994,2241.817273663678,1216.9503872314342,902.0928092059678,616.2222872039973,253.63111226354567,1264.192156454889,1757.2185342389794,750.3075083851226,1786.922659368112,1066.3568943184052,238.71562487863207,67.92783626057711,409.7731410437077
1925,12,25,1,6240.917532902189,6607.274354923379,1696.2864343689866,1216.9503872314342,569.3582207870166,573.8709622424459,357.9150080890898,832.0418911340646,1757.2185342389794,1018.0734124749464,1791.0642684269947,1017.5751948828726,211.04297043979082,61.13529918759414,429.4505688822447
1925,12,26,1,5034.301469615682,8436.18809373356,1641.7710122163453,1216.9503872314342,1111.327530872926,573.8709622424459,931.4720574999891,1401.1469942617452,2084.1227471223515,934.1194772373913,2121.811714669575,1113.5493882482826,204.70442759307699,55.02160490012376,390.53046905556744
1925,12,27,1,4940.384652355419,34592.20026863507,1910.9585630523163,1008.0163258968278,723.9007559991454,656.086478937827,441.6065335862188,806.358733899528,2084.845347062437,709.7731691589556,1745.651888395931,2268.5563114277,744.8296284161252,52.98343285644525,875.9385264533959
1925,12,28,1,8129.055633259994,76147.23272247116,3498.1199986741685,1008.0163258968278,437.1093169012324,556.425999603211,432.5886163080489,669.3873955097581,2750.4321518522147,2445.7125442148536,1663.110346451409,1404.443091681241,437.0882888152162,59.09712714391562,816.4588854684971
1925,12,29,1,6714.502335592813,44111.26182534686,3597.4529354113483,1008.0163258968278,331.3144755399519,581.341119436865,5026.306922550978,640.4536234501641,2419.047819340381,3416.56626637598,4153.961226205846,1275.6483498287694,332.39725439609293,773.0178397438143,564.1492727990936
1925,12,30,1,5640.4100027318655,35067.67997066112,3531.2623624007056,1008.0163258968278,270.99179128856156,515.7298442896393,1393.6622061551866,579.3684656717468,2755.9239113966582,1253.3977707605125,2682.9634122381,2399.838505375946,482.75969326265425,1073.9029876920263,666.9406777808223
1925,12,31,1,10921.955745262849,43197.12053981458,6988.236869743998,1008.0163258968278,228.76662593713365,558.9218903422703,626.3600194154059,579.3684656717468,2088.024786798676,875.2180155492696,2201.3015446761165,2001.4315946885647,558.110392451203,1073.9029876920263,787.6011782957102
1926,1,1,1,64678.45859228519,314209.9494116963,30637.021288187392,13873.067927814534,114.35231102443974,5454.577850673989,54.69522938969562,470.9518736470167,5899.712067735025,4456.043689004435,3535.7424027075913,1473.4747327375683,399.4887718302426,246.00424240206715,837.2150297713835
1926,1,2,1,46926.814339223645,174561.08300649762,28084.007959215833,13873.067927814534,113.03020823275035,10718.744173433222,49.93928378128587,532.9130397181109,7258.269617277673,13415.911488853668,8209.37778192039,1201.6455454407376,293.94370309330753,141.60537220243262,789.7898775837031
1926,1,3,1,31900.057070124178,103076.51371103022,18832.349333546717,13873.067927814534,185.28599993403745,6079.845637674913,102.8538159072695,663.463994330717,5498.452540192343,4188.057844770598,5707.519643078983,1450.8042219055717,268.30483993400543,116.40179807802784,750.2654971797232
1926,1,4,1,25819.28852458633,82998.3775566687,13691.007713900823,13873.067927814534,1420.3024555440577,3204.9831520736016,1496.9913819294204,1334.3746113516684,5068.464704062976,2535.7900834421102,2845.230885572252,1743.2429645043096,276.1961587555983,151.20428194484106,595.8413214062505
1926,1,5,1,20232.210136572714,63955.56920496669,11435.156867552505,8.838013564845628,2370.2045699939463,2228.9621569458777,2327.519715067295,2160.5548333039264,4625.986298982792,2203.716151653085,2283.7610619663224,1406.5479136784054,196.2899531779275,142.8067683132368,593.3992646730908
1926,1,6,1,16858.155931162146,51723.050829593616,10052.705317957585,8.838013564845628,1218.059050238597,1638.6679158884272,640.29050880142,1318.672768052901,4633.16837612955,1684.7792222762212,1119.8382159509613,1456.9870884961774,219.963909642706,114.001457685229,487.0056248993286
1926,1,7,1,15485.11173027688,42795.15433596509,8978.613677867379,8.838013564845628,853.4939956630797,1357.9543222570258,516.6340680898154,1546.6785764328245,4091.702212114798,1534.0631525152987,2272.7952871513,1491.0470904159547,231.806169882345,130.8050663492313,525.3089769367286
1926,1,8,1,14732.966193762639,30737.19704359867,8263.442636354128,8.838013564845628,3082.511400143706,1175.3146934408132,3046.8472138743327,8001.640540435538,4750.059283893675,1329.230561496284,2231.701322945827,2072.778906646345,970.6216510408908,296.4015833356951,480.92100455159346
1926,1,9,1,12972.23892439219,31687.050109061933,7047.488211081143,8.838013564845628,6696.738053459053,1088.2509190152728,3809.67195313274,9889.340587793675,4656.588192912178,1175.8138591964532,2393.8618717244303,8384.834867537056,3411.0146376207795,2068.853139371821,456.6030446457544
1926,1,10,1,11995.964113909862,27195.412862873905,6723.3657698895195,8.838013564845628,6107.061047464208,1088.2509190152728,7597.270679767871,7215.42009933328,4673.034108697411,1175.8138591964532,1858.4219176288402,5232.874562480182,2029.030262466546,2125.2452017154446,525.9143607486963
1926,1,11,1,13257.953269135103,24207.408669617842,6295.279526806347,8.838013564845628,6432.892322425779,814.7448365717223,6650.255067297691,6444.619432488498,4674.179077517862,1017.9203391112982,1436.0734391499166,6947.372620905622,2711.571238454277,2534.4554280263696,414.65712899377894
1926,1,12,1,11203.434924428531,22515.97196876228,6754.201760840072,904.9258606560381,2844.532897643094,817.0393972579215,2329.2818634011383,3774.647910606195,4689.584112557151,1034.155295488735,1414.141889520056,3378.448470689544,1141.230485001594,957.6107734586946,477.27844093701805
1926,1,13,1,11762.748518024375,18656.36623001172,5383.722844602897,904.9258606560381,1789.14997350997,727.0611606704047,1756.7691441984523,2570.7772423602346,4231.804760512361,1072.982081757904,2746.0958506289826,2582.485750663794,767.4228323886134,601.2129394469742,816.5396334801197
1926,1,14,1,14160.527912952264,17050.4042663517,6281.842614548459,904.9258606560381,1267.1109799005628,648.2041416025214,1252.6092314192676,2044.0603192492329,3773.400880020005,1497.085260830298,2048.6061131567603,2294.1689191255723,621.4387161964712,453.6128458345345,903.4789053291981
1926,1,15,1,12404.848600202786,13078.838660569512,7550.080409952649,904.9258606560381,996.6547349089245,642.6342805819086,1044.5829833759187,1817.2768100482756,4243.5667129409285,1340.0330916513733,2716.078426640503,1700.0713697141389,519.8340248630828,379.21210097290685,902.8735215171679
1926,1,16,1,10678.447435854609,14712.489623602209,6283.393027501409,904.9258606560381,821.3419886424851,642.3104514527795,905.4474607211745,1505.4024733899614,3785.1628324485723,1083.784611913084,2404.9384119416077,1820.474561214426,492.2196909947576,343.2069950809016,21181.25090027616
1926,1,17,1,11221.607568263687,13297.942916480624,5798.286041375577,904.9258606560381,695.3877465983711,0.0,715.2003619198503,1388.9079593352678,3792.1367334461415,1177.6835278771873,2305.803376998338,1892.6080047707637,488.26874957671146,334.8094814492974,688.2495690485142
1926,1,18,1,12940.9415933425,15665.954297679586,7350.335541197929,904.9258606560381,690.4154904471058,642.3104514527795,661.6959738252552,1660.7284921296848,3793.3857903411013,1710.019749465766,2452.899831081808,1852.4736076041136,480.37743075511855,331.20529311689614,733.242925245617
1926,1,19,1,11965.67637418437,14486.162150462873,7374.883746284279,13114.377384223166,1568.128876380781,0.0,1251.4962956295208,1781.3600187900643,3796.92478487714,1554.8372489674841,3375.6863965703055,1871.998449469025,502.07591651087404,339.60280674850037,838.4257973953813
1926,1,20,1,10525.9991459033,14982.156400109428,6454.6275247345975,13114.377384223166,2139.8904315030077,652.7840107141548,3027.2780929037317,2512.953088894826,3329.985682268558,1175.8138591964532,3077.395168523071,2021.2550183917463,538.5745865625345,387.6096146045111,799.5170615460137
1926,1,21,1,10302.879463259409,22207.781367040054,5319.552975166956,13114.377384223166,1793.4611782654044,708.408602833915,2848.280920044298,2748.4807383759426,3799.6310748164233,1178.514491735271,2812.222795725214,80.31652172469812,564.2240137363361,393.6043360145183,742.9701092079902
1926,1,22,1,9172.541016707486,24566.161791934715,4815.410363342701,13114.377384223166,1994.6507335195558,1142.9317805301266,2629.4962926995654,2665.834509276617,3335.398262147123,791.4099784443526,3055.352853491055,660.0372792428091,565.2064670835789,384.00542627210984,761.2137095086762
1926,1,23,1,9219.890849811238,20853.428136817416,5124.5454793236895,13114.377384223166,2540.545060109093,1630.5259263565586,3193.7547381278764,2691.8788840895004,2395.482948603653,935.8003358356009,2636.10580627303,1729.9009892300037,571.1223151961487,372.00372430811564,740.5383132174126
1926,1,24,1,8775.569708039497,20682.478662424877,5303.704309427038,13114.377384223166,1409.668150480629,1057.903503487569,2022.5753086622415,2768.3195942802968,2870.22865680656,880.7489802371416,2377.911653811871,1923.5223377234558,565.2064670835789,357.61148926650424,719.8629169261488
1926,1,25,1,8760.122960779527,25885.60280555646,4960.460108483984,13114.377384223166,979.7931340876153,1854.615683698455,1495.7857014904812,2127.9288475275243,2868.66733568773,880.7489802371416,2795.1649237909187,1868.8527805017713,545.4834520368466,345.6097873024987,721.6893291046963
1926,1,26,1,8744.676213519908,74850.5885236482,3936.32621909556,13954.421492127354,791.5084517347826,3120.602533289178,1244.9114255398592,1732.5620746460083,2865.0242530770106,1690.1804873538565,3085.3702774795343,2520.65708475841,624.3966402527373,352.80590482329876,701.0241935560147
1926,1,27,1,7713.277716737318,53620.34922144408,4807.486030472744,13954.421492127354,672.8545164099032,2016.6227708601575,1033.8246040745353,1589.6470937233423,2870.6450091049383,819.3822993172456,1949.5818436156462,2559.8152398317975,766.4403790413328,405.6060379785238,680.9541810767812
1926,1,28,1,10389.70431713911,52208.21025339857,4088.5250906305287,13954.421492127354,594.6301012360932,1507.4708572960242,840.053208605524,1536.8061599874964,2871.5818017762017,819.3822993172456,3441.7025762641974,2340.4861828828284,638.2038071868999,397.20852434691955,677.9170012741735
1926,1,29,1,9696.014118294765,42366.57678044571,4863.731567038927,13954.421492127354,537.952129384516,1278.1073112801632,788.3295177746359,1496.282241054812,2874.0799155662953,721.0273396641113,3053.3590762518934,2007.9130431174403,635.2458831306338,448.807261391329,656.030837358912
1926,1,30,1,11632.511237205,38558.73743182784,5543.846049007824,13954.421492127354,498.83513157008593,1076.2229799341642,556.4678948997101,1490.0767221462834,2873.455387118728,793.2173248356622,3000.302448612001,1731.9619447600935,520.8164782103257,339.60280674850037,776.4098692641724
1926,1,31,1,11504.293139034016,36040.242358382966,7680.056695830289,13954.421492127354,468.34054326658,1023.8551836271637,283.5853137058139,1424.4486585383895,2881.57425693675,745.3849677543852,2839.24955385495,1924.4985798167183,473.4685652808065,312.0074736320906,672.4480254809879
1926,2,1,1,9975.77187422521,9678.629537510204,8083.939270039147,14071.424371139035,675.9298424687951,845.4808470543442,538.5589031488289,1302.406786671549,2761.1443546365877,654.3944252935753,2242.999393967315,1127.017260979377,283.6226609397428,118.38655348965129,1727.601227573224
1926,2,2,1,14069.664693776134,10264.071293827968,7757.491209418301,6031.041370555966,602.8309707264715,903.0391616878667,299.20351262261795,1147.5508830007118,2765.620141844063,548.4673074836413,2117.3914279050855,1485.9489372623448,272.40367755485545,1017.4599144068711,1694.766851329072
1926,2,3,1,11446.746433555967,8581.182066691299,6680.815547740048,6031.041370555966,550.6174909104946,834.5909360555082,223.71864267948186,1229.0688359349672,2318.1455091835187,535.5977547314893,2011.831999635893,1540.6184944841978,314.2266109078324,536.0923665840759,1528.1323918898006
1926,2,4,1,12967.190967771216,9029.503082633477,6642.141357972546,6031.041370555966,511.69210219634783,785.5909626912527,190.40476470485163,1149.3373202622624,2770.3041052005537,560.3397036060928,2234.0273963914547,1489.2030775731632,274.44253235079987,279.21426346487175,1433.7335601877387
1926,2,5,1,11621.405732638857,11365.973081937465,6075.465423718108,6031.041370555966,493.6616858635701,918.5922121458404,161.83941276664882,1064.9986769151838,2315.647395393425,646.4794945453045,1978.6023789845447,1445.272183377197,380.54749385552753,213.32136453074605,1419.676342858166
1926,2,6,1,10438.164700699757,23430.91281762392,5683.813885026021,6031.041370555966,487.01285008517135,880.482149780359,176.7991246745486,987.1476215178268,2315.647395393425,1315.7273988022864,1892.2053652909644,1555.5875399138283,752.9290045128157,178.70154190935565,1384.8924255244813
1926,2,7,1,9452.803568299678,43439.22453878221,5333.7650939011155,6031.041370555966,487.01285008517135,868.0378589618516,3080.420776866614,2279.4939457165524,2781.129264957858,1114.738015626932,1263.833238773533,1427.0489976365793,709.0566523494326,182.04828821801073,1287.825800752579
1926,2,8,1,8891.773669452843,27976.72419302071,5362.103197316428,6031.041370555966,487.01285008517135,807.3707846889245,2655.372049812376,1109.9416774947472,2315.022866945858,878.1314440841322,1213.5457461878893,1427.0489976365793,517.256405328307,179.81712401223314,1250.2714829232955
1926,2,9,1,8435.741268320513,45552.01557792967,5097.843922914135,4217.039703378707,475.6216890757699,875.0325681505585,6177.164611983717,1057.6648818414858,2318.561861481897,1125.6444162643045,1532.2178082344433,1433.4488069146514,452.97437717655635,208.84677697521104,1219.489255194372
1926,2,10,1,7980.516540247678,30252.037619794446,4960.804644695818,4217.039703378707,451.89090201079404,957.5164734644653,2000.5948268137004,1068.665574451983,2324.3907936590135,810.8129845307452,1412.591173889515,1419.5644749216797,429.51170100150307,216.66811083940112,1123.8591343831479
1926,2,11,1,6965.675341181601,23972.654109712974,4639.783029409691,4217.039703378707,435.747835315395,878.15058005079,1099.5805603218366,1075.1531624018041,2316.0637476918027,728.6410460138608,2291.293109313981,1424.8795707627564,376.45922024913926,218.8992750451674,1097.0785962589848
1926,2,12,1,6237.053282520888,21616.681423893657,4707.915065280813,4217.039703378707,418.656303573823,855.5935681433443,799.6814628305881,1101.6676522834746,3237.035031660121,673.2053696310718,1898.1866970082663,1627.3955694393032,376.45922024913926,226.72060890934617,1035.5141408011373
1926,2,13,1,6131.954825673684,18876.674355460873,4267.942322892501,4217.039703378707,403.47128237964694,894.4808204185996,640.5594682840025,1152.063987661487,3232.5592444526455,634.5967113746157,1966.52895014797,1703.4339813686909,374.4203654532326,227.83619101223502,1075.6336442745028
1926,2,14,1,5767.593316776978,18658.77396908707,4065.785700655752,4217.039703378707,389.2347262316438,861.0338975123179,539.2452135525899,1141.157318064688,3237.451383958325,632.612785163452,1902.174251486406,1641.2799014321067,385.63934883812,193.2163683908446,1070.913702689434
1926,2,15,1,4983.84757181565,16556.817755781216,4258.295308963979,4217.039703378707,376.88551972104693,923.2646038658053,485.5182383000084,1538.8746662903393,3233.808301347779,693.9898531315855,1880.1319364543901,1754.8493982795567,409.11258902763495,166.40562048964185,1057.5747373402319
1926,2,16,1,5403.33276701262,20123.88319680403,4204.633793985842,4307.168483617352,703.464070173568,1152.7391770116517,476.0026372972285,1988.9628331829501,2320.8517991229746,631.6260155819889,2026.8960943312102,1566.3262029395464,388.70291303926734,158.5965457694542,975.8992264327599
1926,2,17,1,6212.419254210817,20611.450359684324,4449.5990405308885,4307.168483617352,1111.7159996042524,1274.036316514198,1621.825679685293,1999.9635257934472,2785.6050521651605,705.8726363022743,1766.4866338265795,1707.6643637727718,418.2927176166157,151.89079400815288,1060.2425304100723
1926,2,18,1,5357.800198292207,22898.802481838433,4436.3343963790185,4307.168483617352,2148.3212319136487,1330.8451980203656,934.9588080806653,2080.5412485900283,2320.331358749916,668.2507476272813,2222.9508561742773,1495.6028868512356,440.74124840092765,149.6596298023866,1063.6285754602206
1926,2,19,1,4555.377013833627,21384.334603064864,4389.908141847374,4307.168483617352,3202.171283244865,1243.688900986494,881.9645155563788,2085.148376264502,3234.6410059445348,715.7714932617088,3413.3466333084148,1535.194927299388,470.3204889637765,218.8992750451674,799.1887177835746
1926,2,20,1,5681.172299427027,24034.05145614923,3940.8913239011986,4307.168483617352,1592.0800139110524,1663.7415427421047,749.3674906667004,3512.2296791883186,2783.1069383750664,737.5531333919229,2445.1462529298387,1482.6947969515263,467.256924762629,202.15328435791218,1076.967540809423
1926,2,21,1,4825.139815654475,24326.5917538777,3902.9062065571625,4307.168483617352,1097.4411216362423,1628.7679967985707,1944.8552926745558,2599.360238544748,2789.456310925069,775.1750220669159,2203.788441598665,1344.5023050855546,546.8356458911559,631.0271776251706,939.7506303364715
1926,2,22,1,4775.9727181670305,22082.578935090743,3630.7225992849108,4307.168483617352,887.6387373262166,1536.985569348869,1054.042937589233,2259.2789977571083,2321.2681514211795,758.3480039405831,1617.7286987105974,1349.9258722701961,697.8271049500079,632.1427597280593,1067.6302650649814
1926,2,23,1,4774.458331180738,24241.117016681426,3843.129173820841,2942.3481816460753,768.0171760451194,1435.8583584592993,747.3271083854045,2027.4182458127916,1398.7355463342046,886.0567618807312,1633.7896820254957,1356.3256815482684,541.7332268940639,1173.813036826568,941.0845268713917
1926,2,24,1,4873.499240082773,23983.488935554582,3770.6904353031077,2942.3481816460753,697.7636994413698,1247.574850535796,592.2858784014105,1823.9524440254927,1857.972131423143,2348.303862960662,1925.3242205401582,1351.9868278004542,1528.2959757954438,928.1030138801978,951.7967421210194
1926,2,25,1,3825.2405681866217,31986.813624017897,3678.9576689281275,2942.3481816460753,2630.601337222867,1217.2274350080922,691.5597508515273,1704.8252855853716,1864.8419443462046,1660.2657884626587,2658.258886707201,1301.656124326584,1235.4614942232597,633.2583418309368,865.4525933413892
1926,2,26,1,5448.764376600684,26127.580582689552,3145.443345053263,2942.3481816460753,1935.7309351951283,1232.8637558135085,590.2454961201147,1574.6034115209563,1855.0576653346716,3166.0761698029273,2992.1058088512277,1340.2719226814736,858.0092566123403,492.53562799561786,886.8770238407072
1926,2,27,1,21663.810634260222,23178.100214648493,2795.3945539283573,2942.3481816460753,1195.2575673097767,1241.375835778579,493.00273148642407,1917.41131970782,2322.204944092616,6705.358982370299,2124.3696482419678,1957.3653969561035,1872.154647338585,455.67238202447004,984.6003361374876
1926,2,28,1,39634.53620466924,32858.41516951239,3296.3502057941064,2942.3481816460753,934.1518464099678,1202.5163402858047,425.00235472964175,2176.8208146852785,2327.617523971182,2643.2960325824033,2402.9446347024455,9496.340726368306,1265.0407347861085,428.8738932672584,973.2211726203999
1926,3,1,1,6438.365792562242,21508.33316547614,13678.948946489867,11017.466411935775,2246.1376775872104,2194.081133610613,535.9898763674234,4393.977502275746,5798.226195010188,1560.7578664564448,3758.1593302674637,2184.829804682035,978.0481532250732,274.7519350533279,1276.8468061959422
1926,3,2,1,7674.812287285917,22292.052234698287,11808.117316757802,11017.466411935775,2048.301281587326,2252.185331633236,732.6827282846215,3891.330470688483,4815.426594735878,1508.3032729145198,3280.0958544965547,2584.438234850319,916.5127688398634,369.7357826703759,1139.3528556733993
1926,3,3,1,7442.101487062176,18727.394532752278,12816.747076617941,11017.466411935775,1898.750378848412,2583.6938372301884,618.9592394969752,4580.331115557817,5704.130575581299,1431.6468570057916,3403.820808721778,2336.147329135014,868.7634233598171,335.97410012812816,1225.8509155916984
1926,3,4,1,6474.408202835504,18144.72167637141,11063.919099405772,11017.466411935775,1776.5995774441228,2167.712190240543,505.23575070926717,3073.2362279200024,5140.285475529863,1358.0026850826396,3825.5046947875867,2093.3884619480837,824.6797909067088,313.99345495810184,1322.0966809574718
1926,3,5,1,9512.369456426468,18744.24870628334,9054.411644449434,8765.435216458562,2594.387217277118,1907.0760026137254,646.9217512156775,2924.209751102605,4610.893528167375,1482.024040902416,4217.503453071565,2138.6210122685125,801.7241874270262,313.20886974288345,1311.2202938265934
1926,3,6,1,10801.617577404619,18056.839200099068,12191.413852315289,8765.435216458562,2155.219159522382,2253.1105577163644,2660.3802608665164,3611.3299356965904,5586.406963220593,1666.7057583628534,4685.598042647216,3237.978080606016,984.4710740330137,664.1146072480976,1272.024257185115
1926,3,7,1,9271.98576213927,18551.629580207587,12151.792187965497,8765.435216458562,1846.6327035825768,2309.456826180937,1469.075242535314,3199.603158420024,5085.951500593979,1202.6124436198825,4105.962693085071,2638.0230786351763,771.4160298645821,559.7034779044719,1246.4750081700515
1926,3,8,1,9961.435677421783,16567.652581623548,10408.438956576032,8765.435216458562,1719.883283772483,2158.6449746255457,956.382822034302,2748.762807417235,4637.123722963966,1061.3485877446403,3925.9689145569023,2463.601157975436,726.4133281511143,468.64255636350447,1331.8443864049468
1926,3,9,1,9815.549731077743,18672.016534004746,9581.552048407088,8765.435216458562,1641.2277481231326,2122.376112165557,904.1954079576394,2858.7697335222065,4153.010088048078,1221.7246123559,3426.97077777553,2459.8046609461194,695.1966653428103,448.2310816239149,1294.5978908529382
1926,3,10,1,10809.694307998177,18814.073139485852,8318.65456428501,8765.435216458562,1593.0380594122478,2094.156716629105,612.4300161967792,2995.94931060523,4560.20263584221,1221.7246123559,3208.430639291643,2459.8046609461194,689.6822497807676,438.03147382611,1457.6410903905446
1926,3,11,1,10134.277712121335,21923.668156077845,7592.19996183748,8765.435216458562,1567.4582445299282,2220.4500769807455,649.7226396200012,3162.3700449691487,4266.9865297235565,1166.2577748284898,4155.696358659939,2448.74058388937,710.810278754231,425.4658512386702,1437.016997812129
1926,3,12,1,9778.598688612634,18192.876457890714,7389.181999071448,6276.838824979628,1547.5308981047767,2076.9475114823017,558.3691602072798,3070.5095605207775,4208.17676758037,1117.8541300947916,2891.530823679756,2361.095738184735,762.2359012756391,383.8583165442613,1613.8095924019706
1926,3,13,1,15702.1738649756,22637.562792097477,7301.928203448896,6276.838824979628,1547.5308981047767,2005.149967428914,649.7226396200012,2548.77585713924,4011.7625708300625,1413.4695226100498,3591.4573999997606,2319.55121354989,783.353366234603,378.3662200377554,1603.0358126968506
1926,3,14,1,20562.346499579497,29175.778252844564,8843.383214760433,6276.838824979628,1563.6260625250911,2076.0222853991727,638.5283604675764,3610.4837285727135,4011.7625708300625,1451.7977305644595,3629.0068713358987,2458.9368901965904,767.7397528232201,377.581634822537,1714.9805142043922
1926,3,15,1,34842.006188785344,43096.12172045909,8197.894622071255,6276.838824979628,1583.55340895027,2084.164274930979,2481.3830880070827,3141.402912899526,4434.464241738164,1060.309882922081,3231.5806083453945,3072.7762241602336,758.5596242342395,400.3468652077817,1643.2579235959743
1926,3,16,1,26363.458248319603,35686.30471421751,7358.087605962071,6276.838824979628,1633.6591886635729,2001.541585704606,1949.1215465354696,2965.1097620902797,4201.827395030542,1495.215592149655,3524.112035479638,2896.401819313968,819.17593935909,419.1891695169458,1699.2815780626242
1926,3,17,1,23707.223474401002,40469.27838859597,8194.535394006733,6276.838824979628,1653.586535088724,2171.413094573182,1857.768067122748,3302.276289451298,6330.32443231196,1659.6425655690505,3685.3864610409987,2514.365746824071,794.3716333442646,387.7935017643217,1767.0024790662817
1926,3,18,1,20520.953255288212,45960.12735130388,7951.2066944674425,6276.838824979628,1660.1970490470883,2042.436578580363,1890.4141836235426,3514.1101394636667,5229.905307751451,1615.2898696434881,4492.423181260553,2883.493729414427,819.17593935909,418.4045843017275,1748.3279275773984
1926,3,19,1,20686.5262324537,50927.29306499183,7042.664704116882,6166.325949413194,1651.6704440863057,1926.1356599269104,8865.831990840985,2582.436096067113,4037.992765626481,1960.243741232902,4014.35970548946,5869.492878619555,856.8260869898339,480.42359373572594,1729.6533760885147
1926,3,20,1,17584.052093247676,36815.53434083886,7015.015673125035,6166.325949413194,1630.8808567100455,1987.0155361989812,6017.087347550912,2934.1761905616313,4851.649244693019,2006.673846803674,3407.1437707868026,7050.094983383789,920.1890458812251,1004.0116334523062,1934.047368208586
1926,3,21,1,15058.054600148802,29307.000032484055,6383.308528905172,6166.325949413194,2392.814443822483,1936.1281016250364,3903.900516669114,2551.5025245384645,3971.064133665446,2141.9132147076725,3407.1437707868026,4500.69299254651,978.9672224853948,599.7418421684441,2041.0669132794799
1926,3,22,1,16343.264355830172,30208.698316427297,6812.859050888286,6166.325949413194,4074.7591257470826,1650.1407193196087,3118.0751044215485,2933.2359604239573,3666.0860751180508,2191.355564264021,4397.497231599734,5364.558773724517,990.9045588554159,965.5424396187709,2016.5437385221242
1926,3,23,1,18557.29812975742,42698.844772927216,6213.021506254074,6166.325949413194,3077.1463453369347,1664.6667688252953,5613.462634450249,2784.2094836066585,4009.9930735620433,2629.169646994888,4356.624798198572,5379.419347810583,1186.550107149706,1185.3488913190342,2203.084038559441
1926,3,24,1,16984.354846684742,45863.81778826527,6224.735737453194,6166.325949413194,2519.659668182718,1865.3483062631092,5466.184131600124,2739.6425750820854,3871.5559343578184,15485.011495496361,5392.170543097453,6826.6440153744725,1440.9315759902056,1529.2056210312855,2169.736625186435
1926,3,25,1,18878.348170846795,53595.06796114675,13931.321721587423,6166.325949413194,2497.9120353052626,3349.225898438573,4975.935916193489,5498.371821958445,8520.441609750525,10996.767956990863,9577.662794941562,5304.574120661924,2683.4709599195803,1085.6575324106873,2308.256649966623
1926,3,26,1,16153.461186884359,40797.93477246337,12448.093330059257,7104.634193987401,2233.7788906216188,2866.9980638944376,3982.1770005517046,3986.7638296598557,6976.50319936389,5414.768240275183,5730.005019719621,4600.378157401157,2263.762664361734,869.7740067865045,2335.755440071094
1926,3,27,1,14498.741006552957,30193.04801243427,10182.767737888234,7104.634193987401,2266.927264963471,2721.737568838005,2514.956650999364,3542.3170435930906,6976.50319936389,4409.925194880512,5847.084049814611,4424.979994648154,1873.4223290769737,779.4976704607554,2584.270625269354
1926,3,28,1,13363.960358174154,27650.475548228656,10951.083490061974,7104.634193987401,2024.6375577074243,2780.766992943756,1861.5705977378875,5307.5051040155995,7727.602745602015,3975.019485652939,8185.452455051366,4258.801896109109,3062.719079993258,709.632808874596,2760.0371456015505
1926,3,29,1,14559.316486003592,24025.6243693837,10899.403058301426,7104.634193987401,1839.0641441230173,2839.7964170495075,1399.145777076229,4573.937550621793,7828.984530252169,3306.197450373236,6494.0647638968785,4353.931264528644,2043.2916820236198,687.6644228485494,2715.8133450976034
1926,3,30,1,15125.697218868798,24270.009885592866,10899.403058301426,7104.634193987401,1860.9075815506144,2619.962699690177,995.5210639756281,3743.1502009949622,6116.735703254344,2635.1941349660406,5831.576893510673,5040.663341454589,1682.4249471568642,777.1439148151003,2560.6709173438226
1926,3,31,1,16806.666773628913,25227.086168283626,11287.006296505526,7104.634193987401,1915.8035887699496,2726.271176645503,790.4719191699933,5112.125281412178,6827.136812327853,3306.197450373236,5662.659655199497,6041.203015686975,1884.5145442880562,950.6353205296672,2478.174547030285
1926,4,1,1,14661.285209745864,33459.14606896235,11917.507563984273,7950.528445842021,1603.5765599255628,4733.549164065731,6416.353062141469,6175.149475038216,10673.191168411327,5114.47867605809,8298.322399863906,6520.103998095465,1786.269209561461,670.8448772973699,3601.931073987737
1926,4,2,1,14193.84442665034,32831.93003967703,9633.232480167635,15759.739351878048,1518.214705767734,4733.549164065731,3290.8583857879025,4769.411396239012,8146.244981601193,5734.897066604094,7180.921022760544,7102.26969970062,1454.8760751126727,682.3194360698919,3782.7253581823393
1926,4,3,1,36823.83395815129,40188.77678624715,23453.441273470024,15759.739351878048,1479.509667518855,4733.549164065731,12049.384817562444,11557.30885198336,22598.56187413513,17210.300205854484,8118.550152140048,7764.921138326542,3117.651955324263,693.7939948424253,3659.288624989307
1926,4,4,1,37205.459478691664,36838.407862060834,39463.17769236118,15759.739351878048,1403.0576365222648,4733.549164065731,31836.45571370577,22704.677363951603,36972.084094204794,20569.471602180973,9838.515317054813,8145.655554691976,7779.128987739508,675.0252453971854,3681.657043805676
1926,4,5,1,30211.010784770504,31461.926505460637,29006.50366614173,15759.739351878048,1332.6412921833269,4733.549164065731,19313.14573898706,13856.17153853548,23398.99916772861,14938.652758802551,10150.209158764668,8688.880043911042,6704.029233424808,666.6767683415343,3840.0829091839096
1926,4,6,1,24699.65174607045,30803.4098681878,17532.586474768716,15759.739351878048,1322.9650326210933,4733.549164065731,8614.308502346328,7949.363744782177,13756.2799377536,8152.586411715298,10279.250852294077,9190.451537151528,3750.4364230794645,672.9289317752878,3938.278215639153
1926,4,7,1,21016.66259546084,28626.81374352728,14225.900182622416,15759.739351878048,2505.1931811144523,4733.549164065731,5227.737638635598,6557.259002978897,10565.980451584228,6384.191451218738,13506.733140759363,13491.665728645012,3029.8649949394994,750.137020610107,3508.5583165433204
1926,4,8,1,20717.82356350339,30604.771394421863,13867.582522415922,15759.739351878048,3265.210677224472,4733.549164065731,4362.801040663086,6616.963616719554,10926.125189663917,5521.235484592827,18682.800384220896,17622.25449650807,2711.148677874827,1587.9269207325935,3037.0771951618644
1926,4,9,1,17807.171775891562,30878.049779542467,11903.726115514753,11882.190814631498,2511.3246723221914,4733.549164065731,3205.5333085699385,6070.6899067454915,9485.858501568515,4896.142922345078,12565.227222303873,11309.222293524097,2476.838836559089,1089.2126841671352,2766.80923570191
1926,4,10,1,17458.862769049276,29626.025460047156,12372.295363477202,11882.190814631498,2086.527297085607,4733.549164065731,3426.5438074942886,5848.137433163917,9526.036498360072,4528.441415140552,9708.144438699357,9796.155520338041,2282.7778904378324,927.50231582479,2687.0832658839704
1926,4,11,1,18303.890707388382,39661.48192861381,13106.157494477044,11882.190814631498,1853.3390220910549,4733.549164065731,3882.5692473646077,6246.324896458257,9476.386486780852,4459.471414919053,9366.322407598866,9144.568158769038,2071.4976007031983,822.1227141061353,2453.7539796986875
1926,4,12,1,24607.778935569775,59767.30708234874,13979.556791230438,11882.190814631498,1716.1469063177606,4733.549164065731,3555.3661251635613,6050.0988667309575,10038.253913415252,4319.350134348744,9384.155637348433,8469.334044274607,1865.9218787914083,745.9689116542716,2410.043216323594
1926,4,13,1,21451.796456182477,45269.1062365055,13482.563305799871,11882.190814631498,2707.5323909700273,4733.549164065731,2998.4345070180766,6027.1572513722895,8762.342295096623,4136.641956051324,9349.818362675347,8713.828452960595,1988.3588066926147,742.8305707934094,2420.714388602956
1926,4,14,1,19475.016643437495,35866.885144914355,12681.5166135112,11882.190814631498,2795.480967981128,4733.549164065731,2720.01507026993,6572.208662167486,9278.098704687842,5033.979052305702,10394.557635954401,7827.509103637891,2475.676794965582,694.8482812253696,2341.911885616904
1926,4,15,1,22279.661342010273,37112.89011671874,13978.695450701158,11882.190814631498,2369.7255472433208,4733.549164065731,2589.5233489159446,6482.69875306335,9371.361619519976,4848.985723398506,9058.837651171461,7220.286521639448,2518.3554134919586,683.3614633088565,2626.852706961043
1926,4,16,1,34199.90610660693,37596.845670985655,17517.943685769915,9690.215003147083,2150.716345666692,4733.549164065731,4726.545554629258,8524.220450940853,11710.949272069089,6307.223423863159,8435.56073315409,7845.5153466910415,2263.1288234925205,661.4543730027544,3222.694028367356
1926,4,17,1,26501.772259732184,31009.27155918123,16377.528824920359,9690.215003147083,2459.494410706726,4733.549164065731,5032.8811307715105,8097.3559684482025,13505.427677992728,6096.885697284318,8977.868142184407,9145.978286237065,2430.5684531072325,655.2022095690011,3726.2912740125935
1926,4,18,1,22488.64674611544,28473.922312204573,13101.850791830431,9690.215003147083,3693.5528208155506,4733.549164065731,3028.0200500968963,6506.768644587088,10499.364083846891,4921.383449534532,16044.36850450224,15144.769006539665,2033.3615084061203,830.4711911617976,4496.257396938908
1926,4,19,1,21604.244746133783,27699.834199285993,11580.723417011237,9690.215003147083,3295.9639378133356,4733.549164065731,2363.319149639194,6043.141163712349,8829.687279356036,4505.4860385607835,18916.51538280207,13901.687407807814,2004.5217488573285,938.9768745973232,4422.380050389442
1926,4,20,1,20549.221812365315,26151.657973448837,11248.245972685014,9690.215003147083,2740.9681789622764,4733.549164065731,1983.90078996669,5801.0319032677135,9016.109020945967,4620.366791941638,13321.754919133473,10949.097432460401,2171.96137847204,800.2156238000445,4592.503162304682
1926,4,21,1,20327.11172104562,25228.290037821665,11198.288221983234,9690.215003147083,2391.7605937711737,4733.549164065731,1679.3273621582189,5930.6896392494455,8460.174614563191,5084.563977166892,11975.955282752935,10864.489784379119,2344.049174460895,740.7465163154916,4351.478319187152
1926,4,22,1,20947.0007940921,24806.93569952977,11717.676561176744,9690.215003147083,2149.854104715611,4733.549164065731,1390.4277800561417,5913.483427730519,9503.553474248705,4997.208901585176,12895.308120774254,11417.693637217937,2432.892536294285,745.9689116542716,4199.824543909278
1926,4,23,1,20543.16426442015,22676.08661731248,11165.5572818681,12845.636396493353,1987.9444150110778,4733.549164065731,1385.234079703741,5496.961476751885,8646.700444227632,4685.805195766236,13443.59686152169,11914.492391336014,2068.0114759226,761.6115793826291,4118.149033001869
1926,4,24,1,20623.931570354678,22360.672798362764,10796.042194780133,12845.636396493353,1875.37406861888,4733.549164065731,1270.4162040560873,5364.953165426018,7965.652172188203,4287.150284847771,14130.342354983382,12136.858645908336,2063.3633095484192,738.6624618375738,3985.888061193249
1926,4,25,1,19956.591705071394,21639.554945115637,11018.268051350602,12845.636396493353,1726.6854068310752,4733.549164065731,1167.7478774470778,5423.529503001506,8645.55547540718,4515.769216304638,12296.067295027877,11143.261137672353,1951.384755989082,711.5329761926918,4030.624898825925
1926,4,26,1,20233.219727896907,21554.080207919367,11151.775833398782,12845.636396493353,1588.6310501066719,4733.549164065731,1110.2461949740898,5688.580378804811,12135.628616394399,4990.353449755939,11114.200453860794,11412.270070033297,2084.174418087276,681.2774088309387,4037.3969889263467
1926,4,27,1,20108.03040369851,22255.936148559354,12200.027257608714,12845.636396493353,1586.810763654395,4733.549164065731,1063.3174025042251,7030.100739202681,11235.266771194916,5632.688512059062,11430.989504070527,12397.189870773653,2106.1475682196783,719.8814532483427,3986.914135450894
1926,4,28,1,22169.615887674445,22463.001709090822,13038.11159265913,12845.636396493353,1469.8334079566214,4733.549164065731,977.9923252862609,7914.857298730525,12179.345607721993,6888.586513078953,11969.309358622704,12191.094317755256,2553.0053810084387,720.9234804873073,4506.92856921827
1926,4,29,1,23693.089195862627,23563.338466800727,14567.85237277155,12845.636396493353,1352.8560522588477,4733.549164065731,887.5291945054237,7919.464426404998,13297.251528813678,8503.045418864449,11532.893674068044,11939.440800385568,3163.816698631276,658.3282912858834,4201.6714775730525
1926,4,30,1,24593.6446570314,23375.534818876396,14566.129691712782,12959.897020528158,1274.5837348099808,4733.549164065731,791.8167165826584,8287.84659433586,13454.424521443867,9155.663658911519,11449.819622439672,12032.726155962311,3923.5806205170206,649.9798142302211,3953.771936929405
1926,5,1,1,28057.5524902939,20505.50984034215,21873.742742655624,17058.654125906098,1205.8918723732331,6193.46340068731,5349.511362969496,9502.906001219912,7874.783283071655,9119.724472049167,16735.54461405069,13324.619859356439,2878.4826673446573,562.2288615659465,4662.5840341008425
1926,5,2,1,25979.813545130844,20067.301328519196,21069.250688249624,17058.654125906098,1216.1429592361787,6193.46340068731,6147.022601009993,8464.327791172602,8667.830323369355,8974.617408330265,17338.108401862093,15121.990024364104,3347.947471134996,522.6563447735135,4988.1573960472015
1926,5,3,1,23792.029145632314,19958.953070100946,19967.59615122038,17058.654125906098,1250.3451836293675,6193.46340068731,8932.144414983191,8155.93230602369,8710.506433951005,8317.324996581452,16458.631108622543,17175.35256048927,3772.6208535016294,516.8332513793258,5432.037119898366
1926,5,4,1,22601.72097442385,18428.834887333618,18468.863630164127,17058.654125906098,1319.6118733668818,6193.46340068731,7361.606526277868,7507.361557073344,7897.578571406715,7811.787359416303,15035.295690722314,19625.720214534133,4390.298780540857,573.8750483543106,5935.83958039512
1926,5,5,1,21674.916138826367,17646.319687649513,17134.647150212426,17058.654125906098,1434.0983107614702,6193.46340068731,10502.404069741122,6951.497499695145,11345.60013025985,7402.849270754074,14033.976455094362,20635.58842432421,4401.707916186508,616.9414211832585,6255.974748776039
1926,5,6,1,20951.039159388878,17807.63820573848,16385.2808896845,17058.654125906098,1469.162776105768,6193.46340068731,9005.783666408284,6909.9393276110895,10418.175385667022,7696.283383141929,13897.73501042376,19505.317023033847,3914.49556805846,636.7276795794694,6229.912462632184
1926,5,7,1,20381.629652551437,18602.192100802236,16501.56186114563,15130.848877190148,1477.6893810665508,6193.46340068731,7484.307697103252,6846.379770306038,8750.059902294995,8156.845101487999,14688.59998192626,15761.970952157859,3188.325212240494,625.0937519351078,5538.543627840406
1926,5,8,1,20068.65634205526,21688.91359617225,16273.306620869984,15130.848877190148,1359.7539798675816,6193.46340068731,6576.430326574276,7728.5977084621545,8765.256761185095,8924.136353951266,15863.820898963108,13293.163169685247,2593.67683678237,627.4229892927806,4867.593670775525
1926,5,9,1,20163.55792652852,21682.89424848279,16884.858396703115,15130.848877190148,1211.065318079749,6193.46340068731,5643.975624020617,9414.524368280847,16454.242831114556,8966.930992642852,17076.70205273807,12898.327478639376,2486.2408094522943,621.5998958985929,4419.814864745359
1926,5,10,1,19658.76226443814,21446.935819039154,15913.266279604723,15130.848877190148,1100.7942808904538,6193.46340068731,5582.578666283361,9564.961190304704,13059.930718749565,9397.785753062291,16325.712626017148,13964.600787150363,2950.529246144158,559.9118833522649,4298.327672641859
1926,5,11,1,19629.484116036845,22821.754831407696,15433.499604760802,15130.848877190148,1045.2276418202653,6193.46340068731,5349.511362969496,9882.758976830157,9648.235897928253,9755.10021204077,17790.03124272069,16091.723836987361,3145.5409535692347,520.3271074158407,4478.9167419849455
1926,5,12,1,20114.087951643676,23251.53625646512,16525.67939596734,15130.848877190148,1064.005333643993,6193.46340068731,9717.784337932495,10646.22584860134,9748.680889907144,9879.22543834283,17108.82401936768,17826.180622652646,3589.0182817222044,462.1206917620251,4968.456770300672
1926,5,13,1,18787.48495167067,22264.363235324887,16144.966881997902,15130.848877190148,1111.0453677534265,6193.46340068731,10404.094741642157,10789.140829524003,9287.466631400825,10299.173798124806,17075.59439871633,16158.976070077555,3122.617042133013,444.6636707234758,4869.953641568091
1926,5,14,1,18472.492458526456,23583.80424894663,16190.61793005307,15419.699734750331,1240.0940967664221,6193.46340068731,8281.818935143689,10841.793717232356,9413.829553952612,10674.769461981217,18681.69273019916,14301.94666603833,2920.210524567252,471.43764119270514,4515.958022685375
1926,5,15,1,17552.754762197987,24309.737580345907,15747.02755744161,15419.699734750331,1222.1786458938034,6193.46340068731,7005.838052138618,11144.547821555323,10395.692361555659,10864.8524445192,19844.729452997097,13004.629395459391,2547.723373765082,484.2484466598999,4205.365344900538
1926,5,16,1,19846.54625073592,26811.37848025971,16602.338703078676,15419.699734750331,1052.8920058299664,6193.46340068731,6097.867936960511,11538.504249230376,21723.18116683711,11391.475789583383,18724.89123704595,11420.947777528756,2378.699141977375,554.0887899580885,3814.3284453173296
1926,5,17,1,20251.39237173206,25328.21120947365,17049.374437807666,15419.699734750331,1445.2116385755244,6193.46340068731,5987.501804472031,11883.568709747578,19169.900697155703,11483.920518795796,18310.62863292546,10461.952627931216,1900.8887667424951,600.64901882354,3751.943130453353
1926,5,18,1,20440.185949353683,24026.828238921735,16656.60315642727,15419.699734750331,1250.3451836293675,6193.46340068731,5742.099462821261,12981.75751052175,19604.988848939938,11343.695367743203,20009.769902232103,10373.114597445852,1884.1976238534494,589.0028320351871,3556.4759843746906
1926,5,19,1,19532.563348915548,25172.912039074865,18117.436694192493,15419.699734750331,1064.8675745950743,6193.46340068731,4711.428176817769,12926.283932400476,19604.988848939938,11578.442657653417,20371.972767332096,10903.539468108942,2117.873624299974,524.9855821311751,3513.893902683001
1926,5,20,1,19652.70471649297,21986.269372052866,16780.636192652742,15419.699734750331,1046.9521237224556,6193.46340068731,4564.242418616835,11999.217016678394,19604.988848939938,10858.62021558348,21993.57825511886,12772.500719954616,2434.0545778878304,562.2288615659465,3763.8455918418767
1926,5,21,1,17340.740584120238,21509.537035014175,15750.47291955894,9507.398004691251,1125.6076593718064,6193.46340068731,4122.499654715586,12080.076808516269,19604.988848939938,12415.638744678548,18120.11214119089,15067.754352517013,2932.781701806449,593.6613067505215,4135.900117658865
1926,5,22,1,19123.678862622623,20326.13327918408,15423.163518408814,9507.398004691251,1125.6076593718064,6193.46340068731,3962.9788581776234,12837.902299461508,25472.433613552414,10040.847908741216,21858.444464469994,17507.274872192596,3392.8445327036197,547.10107788507,4520.677964270506
1926,5,23,1,16771.3310772828,19371.464735569392,12952.838880254169,9507.398004691251,1087.9564711742642,6193.46340068731,3680.849635463468,9721.039393154506,26526.845809144423,6731.22273245327,14537.959034973455,20196.279482363872,3725.610989035678,490.0592809100965,5090.6622143845425
1926,5,24,1,15661.790212008513,20010.719460234362,11641.878594594691,9507.398004691251,1064.005333643993,6193.46340068731,3656.272303438727,8256.818999793513,25659.792147813434,7054.467673250132,12804.48049099373,21622.67765193839,4058.48308551258,445.8282894023065,5644.947528356749
1926,5,25,1,14833.925326180715,21822.54311488782,11827.928148932699,9507.398004691251,1070.9032612526992,6193.46340068731,4110.2573610277495,8279.008431042002,25443.288952667175,7643.62104863553,13727.156291080073,20470.71198190946,4007.3532553968175,398.10344185802427,5596.8246456738625
1926,5,26,1,13545.68679652676,22431.701101103314,11535.93370948555,9507.398004691251,967.4343471220235,6193.46340068731,3570.3907583258583,8064.635959658004,24604.339071475482,7771.070130369924,16725.57572785525,19246.070511605525,3474.1874442514445,407.42039128870425,5397.355809990439
1926,5,27,1,13123.6776230193,23453.78633884517,10890.789653008002,9507.398004691251,911.0533693757831,6193.46340068731,3545.9061709503085,8005.21341495854,24755.26677963035,6582.895683784316,16770.98954274533,18329.487657392194,3371.9277840198815,393.44496714267865,5136.425126274864
1926,5,28,1,12571.431168692823,32358.809311252448,9855.458336738106,6092.102248040074,941.8257908746638,6193.46340068731,7079.477303563651,6932.128758859579,23925.684825151813,4944.027214667451,14087.143848136593,18932.588328330115,3415.7684441398037,392.28034846383656,5080.401471808214
1926,5,29,1,11466.938260039511,39143.81802728404,9068.193092918953,6092.102248040074,893.1091771381246,6193.46340068731,8146.875470630529,6124.565093632708,23020.118576222783,4548.280677252371,12708.114591104708,19627.889641407957,3632.753301697283,375.98794610412926,5227.848342629749
1926,5,30,1,11155.98413219208,33100.39294664548,9197.394172320319,6092.102248040074,825.5957106678402,6193.46340068731,5373.995950345107,5787.116497230497,21042.445159021554,5274.85470066935,12036.876253947137,20202.78776298551,3688.1087376077753,400.4326792156971,5339.793044137289
1926,5,31,1,11253.91449063757,28631.62922167943,8789.11876141184,6092.102248040074,789.6977457375007,6193.46340068731,4760.490096218121,6110.743710609289,18276.825017177314,6297.147987083871,13098.008806747554,20907.851496995805,3509.6825329268627,440.00519600813016,5378.476043649976
1926,6,1,1,6373.953866079526,18442.07745225203,8900.231689697077,2387.4985913327782,596.517450873472,2863.482204778461,2587.575711283779,6105.196352797142,5404.773273061832,6621.639373667767,7199.197314118731,13182.522399117419,1782.8887249257066,383.1718044809495,2828.4762985855155
1926,6,2,1,6503.181555574705,18385.49558396647,9087.142584564566,2387.4985913327782,585.6340539797354,3184.535655635692,2650.64207270575,6505.358299380626,6372.376014446217,4296.394757769066,8226.657184659178,13657.62688449659,1906.5933345653395,352.854941399252,3124.0882922090173
1926,6,3,1,6159.51666882364,19184.864957183097,8043.714667318896,2387.4985913327782,572.0393883175736,3446.929772820498,2650.64207270575,6240.02535453603,7663.900843953149,5498.487848977624,10277.367840457257,12770.331293080622,2081.005213741247,333.3751616027293,3405.95089078022
1926,6,4,1,6221.101739598822,16957.706311927202,7355.503584374023,4989.715747352061,553.9035869796594,3645.0206772254637,2650.64207270575,5714.812799645288,8748.810845400036,5404.692803495804,10506.43069214736,11533.757974970411,2346.9014583723174,291.166928852924,3739.42502451028
1926,6,5,1,8003.030426777012,16602.56479822444,7324.064655053015,4989.715747352061,546.6511825355093,3888.4476597054163,1935.3953384613037,5675.793248932762,9741.602900835067,5299.160393518437,12919.676509251896,11554.367530272319,2312.8853317250127,277.09343155499187,3984.8619869356035
1926,6,6,1,9632.813701401294,16034.338376300027,6994.085098261831,4989.715747352061,533.0565168733198,4069.977017221837,3187.0771233890846,5233.885084237726,13142.160297675378,4414.703237064539,14238.892449111134,10210.732995936125,2257.8468162491645,248.94643695912754,4037.294381500526
1926,6,7,1,9698.033300943154,15511.85899681811,6099.3245563807895,4989.715747352061,516.7410019877099,4140.109154325568,3776.0983901404593,4071.5725880758214,15392.544470301109,3676.0802377052546,15533.740000492728,8881.633621654966,2149.671307905032,239.2126766328618,3855.2688081968236
1926,6,8,1,9564.565327886497,14775.090839577228,5935.583721752718,4989.715747352061,485.9110977587774,3814.984708702372,4039.1222151297256,3943.7953123693387,13869.735939056194,3351.692721603641,14712.968370404085,8780.321386644824,1996.9156584268817,202.41072638164704,3406.6691427605906
1926,6,9,1,9262.495603691767,15157.921352653388,8750.35843759153,4989.715747352061,450.5592187641098,3590.5248609272116,3523.6474551543156,4026.347518454867,13407.584887878611,3060.855371272319,16357.834592646761,7733.5729199989155,1860.8511518377773,196.99218473906532,3313.3989927419325
1926,6,10,1,9236.549106660452,15950.067508641794,8510.819636381404,4989.715747352061,419.7388949901721,3223.302628520197,4407.225727605942,4036.1259118864964,13144.242059167094,3511.653264285859,15475.034337341998,8115.283578457782,1705.0319381584795,161.28129830276842,3153.9470531060538
1926,6,11,1,9466.634969441006,16005.445507388593,7374.022405754997,5415.3137197568985,392.5399832108259,2718.314232330298,5238.217783989529,4299.672419469543,12500.97775820381,4037.549515974152,13827.952807055854,9371.598681120204,1649.9934226825933,175.34253645670944,2968.9458644551737
1926,6,12,1,10044.726961666802,16968.54113776954,6795.632240301437,5415.3137197568985,370.78276987834784,2207.496911816508,5448.562648261626,4278.329195344831,12019.049972854144,4418.442574425916,10466.77667817009,10155.629553339675,1567.0659089617727,181.8398827702178,2957.351225343987
1926,6,13,1,9513.177129485612,16767.494924927527,6723.796440154161,5415.3137197568985,361.71965943688815,2757.081205214803,5301.2841454115,4307.570352625725,10653.41443423942,4877.342365055819,9530.698264420942,11155.1929854788,1414.9441003528361,148.28660567575164,2548.768455955299
1926,6,14,1,9351.339640219505,15856.165684679265,6115.431624279532,5415.3137197568985,352.64696854043365,2632.453251812881,5995.477844298954,4708.672529346884,8600.485339109942,5134.733420099041,9592.283828028258,12221.466293989617,1199.1212843889027,168.8574492871922,2318.7226073944685
1926,6,15,1,8955.680800273462,19780.78037848091,6070.297380542012,5415.3137197568985,329.989192436812,2377.460943293354,5974.424808941899,5146.067589381244,6524.760955645233,5314.740965857644,10346.706982216358,12194.348458066075,1217.7139498855504,156.94156133110206,2142.443049933418
1926,6,16,1,8464.514621059714,15921.17463973036,5918.6153133246935,5415.3137197568985,309.13254187547756,2088.6053601301464,6111.223166438094,5068.0284879563915,5596.295330306633,5314.740965857644,10408.403311225828,11476.268162812672,1299.2681417231001,167.76638547228566,2182.459945981025
1926,6,17,1,8123.878508281234,14016.653030652406,6251.006623598109,5415.3137197568985,289.1956149952763,2058.0728993857792,5984.997698945022,4563.12490403879,6909.886831626553,3594.9573910593485,8673.817113224366,9850.716606216161,1394.5555523934297,150.4564741615848,2429.33341236709
1926,6,18,1,8129.330301431956,14988.175747798885,6050.917218631757,4709.914331215482,268.3389644339418,1864.978215829845,873.0332058432364,3876.3808114998947,7305.9419554396845,2955.322961294952,7833.550772353463,8648.528704056756,1431.6352432418819,147.20780100483628,2499.311676737492
1926,6,19,1,8178.194521522353,13325.631915854025,5317.571891949365,4709.914331215482,252.02344954833197,2082.868958414524,546.9615683618619,3214.5528176086127,8434.04850784128,2955.322961294952,7534.041124882522,7825.1227340766,1402.5842034033649,145.0379325190031,2686.4676213293583
1926,6,20,1,8204.847732480463,12848.899578816065,5155.381470274241,4709.914331215482,236.6084974338657,1968.1409241024592,546.9615683618619,2890.643535188529,10831.40504178746,3081.0062448309873,7335.771054995982,7784.771394222484,1270.8509427537967,155.86275666018668,2377.7218772082338
1926,6,21,1,7599.597733634458,11623.96232392514,4508.342464632112,4709.914331215482,223.0138317716762,1841.1073828842907,168.29444034745407,2973.195741274057,9771.684354391395,3569.7168638698035,8024.067264088034,8504.912645006145,1228.1723242274195,152.61408350342683,2331.7537504663333
1926,6,22,1,7417.770336149501,12062.772770517842,3984.7335568447947,4709.914331215482,213.04057810407815,1613.316721209755,368.1406103358187,3316.5677875436045,10172.735705784888,3484.8546798624297,8043.894271076577,9190.560008495093,1252.2582772571488,128.8068258792289,2335.4476177938195
1926,6,23,1,6617.366334339311,11479.136818507133,4166.304140430174,4709.914331215482,201.25661843919815,1656.2472114684947,10.518170660096645,3253.572368321039,10432.747716109554,3417.9620892862313,8268.52650667992,8936.737064251414,1228.8061650966329,148.28660567575164,2275.7300959996833
1926,6,24,1,6117.820547134957,11393.180533495211,3752.343882028152,4709.914331215482,190.37322154546172,1672.7162357487703,63.11087885350623,3215.39902473249,9707.462012369642,3417.9620892862313,8384.165586546525,8740.946288883972,1189.1911107713652,135.3041721927373,2305.5888568967825
1926,6,25,1,5389.299447606593,10739.35898742116,3754.8417695631906,3946.5619541635106,179.4994051067201,1658.6527992847411,63.11087885350623,3208.3472987001833,8487.133425881857,3417.9620892862313,8486.623583555003,7987.395864242596,1133.5187544263033,139.6316500204125,2385.725256417755
1926,6,26,1,5851.99515147854,10025.945899216451,3404.6207103324696,3946.5619541635106,172.24700066256995,1430.9546602185367,115.69894981454466,3260.6240943534444,5969.242901560834,3417.9620892862313,8920.491663859726,7158.0239703591305,996.8943550694064,117.9807758236575,2155.5768004311035
1926,6,27,1,6358.809996216956,11554.25827767672,3160.1722681050724,3946.5619541635106,161.36360376880592,1542.3518806312268,115.69894981454466,4928.686381556827,4715.814307353568,2787.1566505141795,9727.74991488359,7206.293718302913,340.1295744292816,122.31070548011965,2170.8653068698386
1926,6,28,1,5591.116753310396,8933.073132641504,2871.364788616429,3946.5619541635106,155.93148577696016,1494.5176921317866,115.69894981454466,3071.637836685947,6113.7171490911915,2747.7897377371196,10209.025587317552,7306.629711219791,1526.9226539121735,95.25109695597581,2047.736395954081
1926,6,29,1,4744.170591455245,8740.21323265829,3373.9569874879353,3946.5619541635106,152.30049332737386,1466.3908192036045,115.69894981454466,2911.986759313141,6630.098087129804,2851.8679609628857,9997.574434572702,7896.9307636019075,846.6212489956501,102.82724794039956,1994.5857494087882
1926,6,30,1,5411.1066202087795,9145.796880002334,3437.6961866592355,3946.5619541635106,149.57964410392597,1408.6567116143078,21.037268766684782,3110.75141041217,7101.408888871355,2999.15630480919,8972.32987207591,8207.80963462856,821.8803270677084,101.74476552628686,1803.8385449151942
1926,7,1,1,7556.690102356881,16562.837103471404,1757.2208139117902,4160.45784235668,161.01870738838443,114.33018709632051,368.2148060551475,1494.3077577657662,3852.9241690063623,2526.961092449856,6830.570055692999,6184.168246675526,588.6374512151717,53.90958568610693,2207.18833558996
1926,7,2,1,6487.230012652638,15213.299351400186,1651.0175266438248,2772.602598579815,149.57964410392597,131.53013998229716,0.0,1360.0428941094622,3728.2266556480868,2151.2615581112514,7472.89862288401,5417.818203478174,535.8701988539538,53.90958568610693,1957.544468708359
1926,7,3,1,7019.486558760624,12056.753422827656,1454.54575190082,2772.602598579815,139.02198268059374,92.8371851844699,435.5288724081689,1269.968846922642,3757.059052309454,1963.3598557007617,6837.326745225387,5089.041560742103,517.256405328307,53.90958568610693,1738.8880444071983
1926,7,4,1,5208.683559710883,14177.971548741378,1538.4403194586491,2772.602598579815,130.217544524464,264.77194821844773,459.2807770554852,1148.9612282071735,3130.7611075041123,1769.7452767658783,5789.92910229424,4719.913578151746,470.7007934853044,53.90958568610693,1645.4126795370235
1926,7,5,1,6244.524258319649,12782.68675422693,1370.6511843427897,2772.602598579815,122.30408868448295,333.54400297993527,779.9917738160002,1108.3432862607908,2980.562015871493,1688.8301710844478,5608.716904342179,4535.72923655955,474.84188716407687,33.82543009097911,1597.802833982928
1926,7,6,1,5611.308579793941,14234.55341702621,1135.8497560439155,2772.602598579815,112.6278291222494,303.4556507555098,376.13519909254285,1121.600531201626,2278.487952765021,1605.94152624,4780.413226905696,4509.479171385703,445.87535944148016,40.168311190244324,1543.5235057542313
1926,7,7,1,5981.222840973367,13358.136393379571,1444.9848720251048,2772.602598579815,109.98362353892583,486.55789261325606,843.3363691854233,1947.4046610988937,2924.8748959659674,1624.222731118025,4573.3926902477915,4384.08629807554,485.18405734660274,35.94013242886345,1555.2207522912386
1926,7,8,1,562.614957225735,12108.51981296107,1306.7397170656734,2772.602598579815,108.2208198166733,268.21378924780845,312.7906037231198,1947.4046610988937,2845.7679592779878,1598.2551105526795,4293.488518961082,4245.568392178537,430.35682216044154,35.94013242886345,1459.1802017769817
1926,7,9,1,564.250495170987,11442.178023690994,1909.8503557111985,1368.7508674381645,104.70479282724592,260.4696469317468,308.8304072043911,1027.9536094918035,2060.5275245744383,1464.3660589179995,3833.1475075374005,3950.960222705808,442.76953918237257,35.94013242886345,1397.4105314676176
1926,7,10,1,5041.394277294051,11451.5682060871,1503.2976258614856,1368.7508674381645,98.54456025446736,324.08819241002027,336.542508370436,1273.5417214457432,2151.7086779148563,1313.1306367457519,3833.9228653526707,3661.5586777305903,430.35682216044154,53.90958568610693,1398.2313908736837
1926,7,11,1,5070.874343960048,11428.092750096834,1095.8835554824907,1368.7508674381645,91.50675800258254,271.64637801634217,340.5027048891027,1303.535062836718,2562.752484469071,1245.6148232760358,3725.483536626891,3925.469456937757,398.28447417873736,52.852847474364324,1420.8050245415693
1926,7,12,1,4289.34969991216,10938.719782909482,1268.4100635098039,1368.7508674381645,83.58755388957147,328.38124143589414,380.0953956112095,1276.1743658311707,1744.0997778223457,1166.6732567575316,3597.3279663149074,4109.653798529954,398.28447417873736,52.852847474364324,1611.962658738259
1926,7,13,1,4564.059499221632,10117.801144963734,1204.4985962326873,1368.7508674381645,79.18820894800783,293.9998401855948,320.70172229558347,1247.8734386879494,2151.7086779148563,1280.307564351261,3887.7548508078335,3950.092451956278,362.0815965327224,52.852847474364324,1461.7453874210637
1926,7,14,1,4648.562293055543,10610.42455990364,1575.133426008762,1368.7508674381645,75.66930782206542,233.8231357366821,241.51634085136973,1045.6299360796168,2151.7086779148563,1157.9481362475613,3521.4536658275447,3991.311562560092,376.5648603940207,52.852847474364324,1377.402083443814
1926,7,15,1,4614.034269768573,11160.713325712322,1418.627851827182,1368.7508674381645,73.02989246623926,416.92537759449016,356.3434909639552,1442.2190081400001,2151.7086779148563,1067.373075715793,3157.367788890728,3681.7343476577325,358.97577627361477,65.53738375847301,1399.1548577055707
1926,7,16,1,4361.434520458685,9085.84417701085,1400.1951644992175,746.9628331403159,70.38951906490811,441.86022053570144,356.3434909639552,1321.2113894245313,2151.7086779148563,933.5151852258251,3434.9458867318094,3571.310519777368,355.8699560145071,50.73814513646867,1295.6239651105836
1926,7,17,1,4090.0563725188445,10125.626296960976,1183.7402894755003,746.9628331403159,66.87061793896571,398.8742167120003,328.6221153330407,916.7149819064465,2151.7086779148563,1467.2744324213834,2859.2980916479883,3995.6504163077384,309.31434417150456,14.799238622004335,1571.945762690652
1926,7,18,1,4313.075096030386,9853.551781378412,730.8560525523119,746.9628331403159,63.3507587675183,386.8370253700647,328.6221153330407,1185.1600885066766,1449.0100863609912,1027.9230665530158,3806.6745764184398,3622.1835799697365,284.4889101276803,11.627552889495298,1411.6729636486446
1926,7,19,1,4217.163920233284,10247.578281157734,1257.2126366283321,746.9628331403159,59.8318576415759,455.60908013149043,336.542508370436,594.3664815148395,1356.4757880507584,903.6524215757235,3268.908548877222,3545.819754009317,283.45363670797775,7.399374128123034,1221.3361888581462
1926,7,20,1,3880.8690501489828,9603.38769138652,1225.256902989673,746.9628331403159,56.311998470128486,434.1253304804668,174.211548963218,509.5859300030331,1255.9267079973588,567.4340575445171,3802.0224295273683,3252.079355286286,257.592929244451,6.342268142059794,1207.0737566770567
1926,7,21,1,3971.9341875898085,9587.737387392766,1265.9983100275724,746.9628331403159,50.15272394282732,398.8742167120003,205.88384664792957,865.4912440073957,1343.7770429509271,635.8327701135039,4276.098350820137,2929.4855791406517,242.07439196345013,5.285284747436432,1080.2509784338758
1926,7,22,1,3754.56917549404,10674.47041932416,1149.37280235461,746.9628331403159,46.632864771379914,420.3672186238509,197.96345361053426,922.0178798828795,1449.7387028830656,643.5399598972991,4239.656533505736,2635.7451804176203,261.73402292326114,8.456357522746384,953.3358535074561
1926,7,23,1,4556.689482555221,9792.635982756352,1357.90334450857,556.2572812012402,45.75337900129127,416.92537759449016,221.72463272278208,632.3423767744744,671.2119489905562,536.6052984094272,4310.214094688912,2333.218602855395,365.1768527773305,5.285284747436432,1002.5874178737466
1926,7,24,1,3469.1577081481714,11567.26006868694,1270.0466105155606,556.2572812012402,42.23351982984387,386.8370253700647,221.72463272278208,718.0067446157358,810.0133964556449,470.1281897622705,4232.124486158077,2220.950762132239,464.48915296708924,14.799238622004335,856.494965072297
1926,7,25,1,4357.396155161906,11567.26006868694,1290.8049172727474,556.2572812012402,41.35403405972761,391.1393266567656,237.5561443326411,812.5092757508543,938.0833634306077,526.9661176555645,4218.500341691146,2191.121142616374,294.8310803101685,5.285284747436432,723.7619991051513
1926,7,26,1,4123.675763614322,9636.253329773626,1177.3663695582898,556.2572812012402,40.47454828961136,373.94862603161596,225.6848292414488,746.2700625534776,1192.84933479606,487.4745602999284,4235.1151520168205,2473.4720502514565,275.1820133648569,5.285284747436432,781.3658079285038
1926,7,27,1,3597.072928921757,8132.1387290267385,1274.7839834270144,556.2572812012402,39.59410447399011,384.2648968588711,312.7906037231198,1206.4092896175912,665.1748406644239,395.94389133131864,3748.1904440720223,2299.917900341245,279.3125430291676,4.228178761373192,868.1819508666596
1926,7,28,1,3492.176390339251,9137.490180190167,1343.5189576685937,556.2572812012402,37.83417488828021,308.6091600387239,166.29115592582272,1497.8806322887685,687.9701289994849,420.03145616769257,3436.496602362167,2112.262475750933,271.0409196860467,23.255596144743457,791.3802926829877
1926,7,29,1,3287.128392398518,8277.566169213762,1349.1176711093294,556.2572812012402,36.0752033480477,103.15345601172511,186.09213851934194,0.0,911.936439093865,399.7974862232162,2920.772889852965,1877.313545309933,275.1820133648569,32.768691879236506,691.204662910528
1926,7,30,1,3351.0355232191364,9081.149085812796,1466.5183852585653,404.01642573727474,35.19475953245406,64.47345437906797,150.4503698510321,748.9215115416447,347.34190490517557,306.35560038110464,2926.864986972422,1801.8174900990439,250.34601530653316,39.110347064091286,648.6328419614207
1926,7,31,1,4007.1689248039265,6681.114774903938,1405.7938779399535,404.01642573727474,33.43482994671655,139.26503003753183,142.5392512785684,1193.9982518006327,610.1851108586379,369.9347225731146,3022.344763644017,1686.0785663776023,244.14493880285522,42.28178761372955,596.877656406478
1926,8,1,1,4742.353327071905,10181.606230476793,350.1090849618299,1323.6864773188418,15.735897357376972,112.53524849496263,1.8011938311413151,400.76369387154836,381.8471016316374,249.75657459699832,1478.8288843879018,1444.6213553149657,266.43500936982605,0.0,784.772374463879
1926,8,2,1,4132.257289869625,7538.631046804268,339.1011529966955,1323.6864773188418,29.111170599744618,55.87717884041037,28.81947227685765,297.5170224562707,0.0,321.1155959103745,1571.0964643966279,1444.6213553149657,311.9130917352037,1.7267004306738636,853.0986592795039
1926,8,3,1,3765.97755745723,12728.512625018171,212.26876005115685,364.58279917026806,45.63458135913996,18.277841272867832,0.0,301.0146785683146,349.860836310275,322.95410344639623,1444.3808443126618,1363.4847902319682,227.44323189931018,0.0,704.3794563784794
1926,8,4,1,3992.63080973545,12022.80430185661,217.10949382593935,364.58279917026806,31.471794714746157,15.405014284649441,0.0,277.38669520920485,296.193025051969,306.48024495977177,1199.5893055143083,1363.4847902319682,186.59218787911436,1.7267004306738636,843.0533922973364
1926,8,5,1,4246.442068634583,12250.576418442175,396.35445798229665,364.58279917026806,25.17743577180314,10.966704763720674,4.503030950177862,329.0147320675038,351.92178018715873,371.4408445659028,1386.4505389772041,1363.4847902319682,156.88617914242292,2.5899893502908506,811.9017778356451
1926,8,6,1,3690.7630038057705,9996.210321628534,515.7018017278791,364.58279917026806,21.243700943834185,12.272198767062429,7.204775324565237,395.51720970343314,126.93540696194452,288.1886530336003,833.3656563155099,1358.0612230473268,159.67507896692385,5.179978700581701,785.7779272363603
1926,8,7,1,3716.1037460426387,11978.381515905514,395.0279935669285,364.58279917026806,21.243700943834185,68.93304409988905,0.0,309.768221149794,97.01112639819762,277.20954305856617,959.0179285385652,1398.087148870412,122.54256804608788,3.453278269907838,857.1208703694288
1926,8,8,1,3252.8022873762457,9180.82948355732,384.8986289419999,364.58279917026806,19.669632185345893,51.96069683038505,19.813039397905328,286.14023779068424,565.5521444747851,361.37579483485166,1259.734918893238,1373.247211164424,118.82403494672808,5.179978700581701,783.7668216913978
1926,8,9,1,3490.3591259559116,10245.41131598912,394.58870989712756,364.58279917026806,18.0965214723588,39.68849806332261,0.0,292.26113598683514,46.44097623961518,265.3163728396398,1254.3074141868965,1373.247211164424,108.61919695254429,3.453278269907838,850.0820009620602
1926,8,10,1,3828.572219556254,9951.667148723343,313.5624063018521,827.1920729127332,16.522452713870507,58.22725309164213,5.403581493423945,329.8891460955395,247.68798229320169,76.8496150057548,928.9451218491002,1267.1622370318732,102.11598963451357,3.453278269907838,659.1603638446959
1926,8,11,1,2592.832438759726,10776.678943098126,289.78079428661533,827.1920729127332,15.735897357376972,47.78330106490809,5.403581493423945,335.1356302636547,425.1997846981953,226.88429440303787,1453.0205456820565,1267.1622370318732,99.33131541580485,12.94933379424955,712.4238785583293
1926,8,12,1,3774.1552471831383,11076.201684146627,396.35445798229665,827.1920729127332,14.94934200088341,54.571684837068624,5.403581493423945,307.1355767644655,12.384399114663522,261.6497448158338,1433.6366003021337,1267.1622370318732,92.83233370356636,11.223123729340525,673.2278419167884
1926,8,13,1,4248.259333017922,10589.23645603535,404.2787908520539,827.1920729127332,13.375273242395119,48.56604233126322,5.403581493423945,314.1402912898735,217.76266084872304,156.43933333355383,1358.537657630042,1267.1622370318732,94.68948745036906,12.086535240392559,774.7168467390669
1926,8,14,1,2607.37055382785,11335.033634811512,445.67481669237685,827.1920729127332,13.375273242395119,111.75805858512692,5.403581493423945,385.889253093918,334.3829396188147,196.69953225794015,1655.9427624596667,1267.1622370318732,84.47725464602051,10.359834809723527,736.5366236126519
1926,8,15,1,2889.3494106713847,10380.605865104288,447.8798484475483,827.1920729127332,12.588717885901554,127.68119947636467,16.210837224920972,332.5123881795477,182.67457090453226,206.76458198908213,1659.2657245248752,1267.1622370318732,78.90790620864088,0.8633256970489551,720.4580399955345
1926,8,16,1,3222.918384180501,8722.99789826494,417.93103824216075,827.1920729127332,11.80216252940802,127.94026277964323,11.708084508690588,338.64268867701895,381.8471016316374,193.95735152626366,1384.2352309337318,993.3914126828741,76.12323198993217,0.0,699.3619532586555
1926,8,17,1,3076.022846512264,6725.2967869475715,306.51664077169687,866.6714037290977,11.015607172914487,116.71727039085121,11.708084508690588,325.51707595546,49.53759645865405,195.78547201404797,1519.5905523869087,937.1273267087656,75.19465511653083,0.0,627.0134573531058
1926,8,18,1,3247.451453358224,9304.466885107038,235.1718047263891,866.6714037290977,11.015607172914487,92.43286138614003,0.0,282.63317937732006,514.986157839134,174.74131230796266,1588.3758671352334,978.248813103203,75.19465511653083,0.0,557.6816197649996
1926,8,19,1,2662.696158392812,8417.696583434445,350.1090849618299,866.6714037290977,11.015607172914487,74.15502011323505,15.310286681674881,273.01462506912526,267.2981755459323,155.52527308957085,1483.037969670536,940.3706198852277,74.26607824316729,0.0,657.1595190423155
1926,8,20,1,3249.2687177415637,10009.693660453677,365.52708043710595,866.6714037290977,10.22809377091973,64.75472310834361,9.90698342219841,285.26582376274746,0.0,173.8272520640705,1123.271943418325,940.3706198852277,74.26607824316729,0.0,578.7777065018786
1926,8,21,1,3506.714505407727,12237.333853524495,411.3245563822091,866.6714037290977,11.015607172914487,72.84952610991401,11.708084508690588,393.76838164746067,371.5319734398893,0.0,1140.5513461571145,924.1433068687294,81.69258042731178,1.7267004306738636,582.7999175918034
1926,8,22,1,3625.4424451312093,11292.537040120838,413.09030446737825,866.6714037290977,11.015607172914487,66.0611423377659,11.708084508690588,310.6426351778297,443.7690972049811,151.8690321140022,1194.1618008079668,921.973879994738,84.47725464602051,6.0432676201987,606.912662646126
1926,8,23,1,2753.357459304241,9053.3396994853,383.1414942619908,866.6714037290977,14.162786644389875,67.36663634108695,12.608635051936677,134.7537833278311,288.96931267537303,146.38467065064927,1021.301314179477,921.973879994738,80.76400355394826,5.179978700581701,520.4966886684213
1926,8,24,1,3288.2389428550623,10450.189524399342,261.1498350912347,808.8920913672982,12.588717885901554,66.32205609318513,12.608635051936677,166.26089524048345,380.81662969319547,135.40556067561508,1579.7361657660229,747.7472077537512,77.05075246183819,5.179978700581701,580.7888120468409
1926,8,25,1,3108.7336054158955,7219.8463931486285,247.49758770112786,808.8920913672982,11.80216252940802,70.76036561411037,12.608635051936677,80.50344461565766,0.0,114.36140096952981,1367.0665935972816,772.6413811315217,75.19465511653083,6.906556539815687,540.5974833754009
1926,8,26,1,2981.727016833804,9872.452533124722,473.41859514239155,808.8920913672982,11.015607172914487,96.0847287363408,12.608635051936677,17.50050355206356,337.47435543414036,128.08269167624044,1215.6502888292066,806.1915677360391,82.62115730071314,7.769845459432674,498.3950491590611
1926,8,27,1,3532.963879836441,7621.698044924464,487.0708425324985,808.8920913672982,9.441634218976308,118.8082813387955,12.608635051936677,244.14015754190035,498.46738040172903,171.99913157619534,950.4225333301797,806.1915677360391,76.12323198993217,4.316567189524837,499.4006019315423
1926,8,28,1,3333.5695933107763,10036.780725058057,458.4484967424791,808.8920913672982,10.22809377091973,97.91667638100651,645.7253452416081,294.8843780708433,363.27778912485144,13.723368116346755,1066.4049859435943,806.1915677360391,77.05075246183819,2.5899893502908506,457.19816771520243
1926,8,29,1,3470.4701768694135,11155.295912791154,411.3245563822091,808.8920913672982,10.22809377091973,73.11043986533323,645.7253452416081,315.0147053179092,0.0,140.8899221390589,1239.3540848937344,807.2654340385099,69.62425027769368,2.5899893502908506,402.93936097167
1926,8,30,1,3456.8406939931356,7870.8990392857795,424.97680377231603,808.8920913672982,9.441634218976308,68.14937760746828,645.7253452416081,322.0100175419969,658.4403422383787,107.95259221395644,1474.5090337032964,835.4029005927424,64.98242231222008,3.453278269907838,302.45590892187283
1926,8,31,1,3530.2379832609035,8690.132259878566,263.35486684640614,206.5009406056354,8.654791448832377,64.49380935286256,0.0,281.7587653492844,61.9219955733176,99.72085649476287,1648.5214805143473,857.0429336596943,66.83957605898496,2.5899893502908506,376.8052496298029
1926,9,1,1,3492.984063398748,10588.99568212789,332.43437729961755,518.0942327735593,9.95792493957846,48.904675077700574,58.53300297152085,192.23945394372836,316.8545078579736,0.0,849.1940322857533,699.6293196911297,94.41059746789249,2.189115341891597,605.0041645269217
1926,9,2,1,3182.635690345761,9811.897895364218,393.0641371600608,518.0942327735593,9.05238033183462,51.380580076242445,41.62287109200923,170.3602986405911,77.88182005013185,0.0,644.4884925331314,700.692338859244,88.44721129015063,3.283734308557334,589.8490477416915
1926,9,3,1,3366.583229611455,11133.505874153847,385.0881238583373,518.0942327735593,9.05238033183462,53.65108488432227,88.44964444780581,157.0560421928573,204.35611684147585,0.0,779.6222831821821,713.3292503997045,89.44128505335054,4.378230683783194,529.2491020859968
1926,9,4,1,3366.583229611455,8791.0165271604,449.9815193389884,518.0942327735593,8.14712313774112,55.30168821668354,45.525565928239395,154.04730575234055,158.4220495252805,0.0,737.2434403113037,782.8702288418114,87.45419392840826,4.378230683783194,465.62223737033906
1926,9,5,1,3366.583229611455,9630.474755990901,502.6352658977081,518.0942327735593,9.05238033183462,54.47638655050287,65.03625776987325,157.0560421928573,59.908932210755815,0.0,810.8138204335434,672.2403054083367,78.50964286248642,1.094569930089785,518.1367178758555
1926,9,6,1,3366.583229611455,8645.468700019279,529.2334614439347,518.0942327735593,9.05238033183462,56.12698988286414,58.53300297152085,165.20783748627292,0.0,0.0,712.4541433055443,383.5329770327763,75.52847797430644,0.0,492.8850303956099
1926,9,7,1,3283.4938636314873,10570.09493038158,381.9011638998327,518.0942327735593,9.95792493957846,57.364942382135084,67.6377451785393,145.472406897036,74.55308342475826,0.0,667.6827677478927,509.9780223766978,80.4967339874287,0.0,489.8581113355841
1926,9,8,1,2930.64169583032,9254.265525373949,374.4505683209189,404.9030881796745,9.95792493957846,64.99990802035083,67.6377451785393,147.1836257475292,57.24635926275542,0.0,692.4609882134919,421.465405922534,77.51556909928652,0.0,473.6974417778725
1926,9,9,1,2661.787526200966,10439.595472464467,394.66623054477503,404.9030881796745,9.05238033183462,11.555148552611804,67.6377451785393,165.20783748627292,206.3546078736897,0.0,731.6497875018215,505.75848710697335,72.54731308616427,1.094569930089785,473.6974417778725
1926,9,10,1,2778.4962832764104,9745.805457729182,466.46757707060635,404.9030881796745,8.14712313774112,17.126860025414107,39.021383683352894,178.94459979731494,213.67199951729054,0.0,721.2489162379196,531.0431573220824,73.54033044790664,5.472849650448931,199.98187281221476
1926,9,11,1,3094.1954903474193,10010.415982176792,557.4251369693131,404.9030881796745,8.14712313774112,55.50801363322865,40.322591110926794,188.3845103793348,108.50140895213684,0.0,698.8632284590938,583.7276889541727,81.49080775062859,4.378230683783194,499.95468203066207
1926,9,12,1,3575.2657563195708,9335.526719187086,458.4915637688829,404.9030881796745,8.14712313774112,73.87282615785817,37.72110370227053,178.94459979731494,60.57509588812901,0.0,618.9016846315967,616.3992576748046,81.49080775062859,0.0,413.0974961221779
1926,9,13,1,3048.2590850972583,9055.747438561375,370.19554610607236,404.9030881796745,8.14712313774112,52.82485799205848,84.54694961154155,162.20850334717548,119.81578266001992,0.0,658.0794073795819,680.6685288134291,87.45419392840826,0.0,384.8188895819064
1926,9,14,1,3461.181936686962,9919.764605966815,290.4095728731563,404.9030881796745,9.05238033183462,43.53928902144338,49.42733331797809,181.51142807310418,34.61448920475162,0.0,708.4555122870602,504.7063150732156,69.56509179656457,1.094569930089785,385.8244423543876
1926,9,15,1,3997.0730115619785,10224.102825167465,395.7256793957557,488.89835812016753,8.14712313774112,42.92031277180794,57.23179554394695,171.21590806588713,203.6899531642448,0.0,790.0231544458998,354.02877154794265,76.52255173750633,1.094569930089785,309.06382714098146
1926,9,16,1,3167.5927796155393,10590.921873388312,206.3771908303523,488.89835812016753,7.241961748197764,42.09501110562728,61.13449038017718,181.9439339364124,103.84242673350909,0.0,762.0327373172473,568.9755862118401,66.5839269083846,3.283734308557334,260.5818184679094
1926,9,17,1,2435.437151319792,10125.746683914344,228.1777196279988,488.89835812016753,7.241961748197764,64.99990802035083,41.62287109200923,177.65648450871066,32.6170390533783,0.0,761.2352264216562,503.65414303928935,61.61461449384263,1.094569930089785,346.4334516039123
1926,9,18,1,2970.4195940029626,9343.111097276138,417.5348215987635,488.89835812016753,7.241961748197764,48.079373411519974,46.82584590932182,178.94459979731494,0.0,0.0,574.9278199697203,522.6149339169899,65.5898531451847,4.378230683783194,368.65822002419486
1926,9,19,1,2852.8022047360246,6080.022714593147,507.42431924092693,488.89835812016753,6.336704554104266,99.25825420159599,9.105113185647866,141.6080610313221,0.0,0.0,759.6291280901295,604.8036710339138,65.5898531451847,0.0,535.3132009486304
1926,9,20,1,3485.916924129384,6772.0069250213755,390.4112083297272,488.89835812016753,6.336704554104266,87.07950326895228,66.33653775094112,145.89551045892492,206.3546078736897,0.0,677.2750515758592,649.05997926108,74.53440421110655,3.283734308557334,313.1065597160705
1926,9,21,1,2061.282606578536,11530.421660824895,381.3671327716617,488.89835812016753,6.336704554104266,95.33529560898597,49.42733331797809,163.49661863577973,0.0,0.0,655.6868746926244,470.99342145318235,62.60868825704253,0.0,606.0097172994031
1926,9,22,1,2331.045408399736,12180.75198523893,256.9034262815481,558.5790570815966,6.336704554104266,67.06316218581424,15.608924451937789,181.9439339364124,289.5626147006049,0.0,728.4486673789285,494.173747600439,68.5720744348222,3.283734308557334,494.9063966830918
1926,9,23,1,2304.493156573623,12267.430591973238,295.19862621617386,558.5790570815966,6.336704554104266,42.30133652217244,39.021383683352894,185.3757739388181,0.0,0.0,737.2434403113037,485.73467706115855,64.59683578344232,6.567346025674791,399.9637456244921
1926,9,24,1,3345.3818118037157,14069.623290323128,295.19862621617386,558.5790570815966,6.336704554104266,56.53964071595441,32.51812888495794,172.93652921779963,218.33514525894927,0.0,742.8370931209702,525.7822971529566,60.62159713210025,0.0,389.86717492941415
1926,9,25,1,1450.2779371847623,9630.474755990901,438.809932673399,558.5790570815966,6.336704554104266,32.19046588537674,37.72110370227053,152.33608690184735,150.43849420426275,0.0,710.0616106185869,580.5711728527309,55.65228471752048,0.0,519.1525313909189
1926,9,26,1,2938.516508158828,2056.93149258501,436.1483904379054,558.5790570815966,5.431447360010795,27.237730662209874,41.62287109200923,143.3192798818153,190.37708842417598,0.0,636.4912304963472,472.0455934869402,49.68995494123613,0.0,472.69188900539126
1926,9,27,1,2392.024724380118,3336.7651984070785,318.0672172701623,558.5790570815966,6.336704554104266,34.66637088391861,48.12705333689573,151.90358103853916,0.0,0.0,642.8934707419492,212.842470596045,49.68995494123613,0.0,341.385166256342
1926,9,28,1,2323.978269130372,6531.8349521953405,242.5448796574541,558.5790570815966,6.336704554104266,37.55585194163393,15.608924451937789,159.1997669066587,188.3785973921357,0.0,668.4802786434838,172.80569763860333,51.67704606617841,0.0,537.3243064935929
1926,9,29,1,2020.697035346749,11014.322789894723,176.05800419763003,1065.0004245039468,6.336704554104266,48.079373411519974,100.15494661700755,133.8793692997954,220.99979996839417,0.0,706.8604904958779,152.78188759283293,52.671119829378306,3.283734308557334,457.5367722202235
1926,9,30,1,2580.414465472341,11305.538831131058,187.2295908632037,1065.0004245039468,6.336704554104266,48.079373411519974,100.15494661700755,178.94459979731494,0.0,0.0,570.9291889512361,163.3144550655089,48.69588117803623,7.661964992340528,485.81537876049504
1926,10,1,1,1760.222473708001,14965.302226577636,706.7040641095604,210.31267502343144,22.971056982516117,287.0328877793689,94.9334228698742,695.657474243811,1352.520441216342,0.0,1394.7579441399494,1209.4554821866684,93.70597770163086,24.320915757279867,598.5398967038373
1926,10,2,1,1660.7777282762177,10746.221043787096,669.545833673764,377.0417776150358,22.971056982516117,278.9279072908703,94.9334228698742,618.2765339152415,1406.0217115554706,48.54698599922918,1582.394535418116,1075.7970924870963,81.35664476665896,24.320915757279867,605.8455454181523
1926,10,3,1,2737.2039981174757,3721.642289698484,665.42001253833,377.0417776150358,22.971056982516117,314.0679939293514,94.9334228698742,661.0005913700452,1039.7253682672927,20.53934916232521,1506.187938724288,956.8474169924307,81.35664476665896,24.320915757279867,369.17125715298624
1926,10,4,1,1743.2613394617388,3283.7949387363565,755.5679123393184,377.0417776150358,22.971056982516117,304.33461553450394,0.0,562.6525189719523,1043.7952119838928,23.339697364086625,2020.471701005288,2289.504651346727,673.37141141325,31.617558258784698,742.0055994058373
1926,10,5,1,1240.3839008877535,9687.778945998849,699.8305666854226,377.0417776150358,22.052291346855576,224.3303161234592,39.55559286245667,562.6525189719523,1052.8508744731782,14.00381841845194,2430.9682814517632,1747.364875564657,414.0459837929618,27.969237008037936,560.154458725843
1926,10,6,1,1772.135651333641,10428.279098807938,618.6233815789697,377.0417776150358,21.132567665693813,197.84109336251467,43.51115214870234,498.162133830647,1057.0143974567834,4.667939472817316,2626.2476854797437,1535.8457553616188,254.2441366521575,30.401451175202446,560.154458725843
1926,10,7,1,1839.6773109212902,12572.00958508135,575.9611851608075,377.0417776150358,20.21380203003327,230.27951983816297,35.600033576211004,436.09754244433645,1291.6289175814402,41.077659619827855,4214.180491006356,1012.6342290541803,249.88119866912263,36.481986593125015,524.5188997583462
1926,10,8,1,1756.184108411574,13774.675253519315,394.98492654052484,377.0417776150358,20.21380203003327,237.8478691984505,43.51115214870234,255.53574681022647,777.9438606746069,44.811803457117236,232.82887536375014,961.0561051276302,248.4339286844692,36.481986593125015,532.7377545619662
1926,10,9,1,2184.553707261248,14069.623290323128,415.63125902882064,579.676138703392,21.132567665693813,267.57538325043896,237.33355717471647,257.95213826399976,759.0102399067838,43.879046526411834,973.2623592577866,1030.5320007635983,248.4339286844692,38.914200760289525,540.0536640188633
1926,10,10,1,2304.796033971022,1559.1314386321276,547.7522828247066,579.676138703392,35.83473392725766,268.1212666395388,474.66711434943295,234.5780170420234,815.8111022104267,70.01909209225978,676.4332345194427,1047.3667533049017,276.0271345237955,54.72236693249363,500.7550199516267
1926,10,11,1,1892.3779780434159,2615.6473451599527,637.2111102022291,579.676138703392,61.56112977123606,250.2829077561309,47.46671143494801,187.01177437835278,633.8755566352983,18.671757891269284,556.1530843015593,1286.361664865585,333.42142523019515,87.55603227487188,500.7550199516267
1926,10,12,1,2181.6258924210124,7399.584115168258,647.5299697436964,579.676138703392,64.31838472373613,49.19056993739767,75.15562643862202,269.23489991578924,256.02543706774156,91.49119818528949,622.3575651794652,1195.7880928813315,332.6925082306376,82.69160394053156,500.7550199516267
1926,10,13,1,1571.3279369540335,6306.831735547406,553.9453212307399,579.676138703392,50.535942143311004,24.865450984982154,0.0,220.8694616351403,640.4643317568247,698.3212522418585,541.808964720527,781.0587574020892,293.46832244139756,69.31565193550328,477.0014008874268
1926,10,14,1,3780.7175907900514,10470.173758729592,527.1059503364108,579.676138703392,42.266093376876,227.0319762862921,0.0,381.2821254194448,234.61452012465676,3639.1023460203446,158.90404595484245,1113.6752857050715,252.05738565340923,48.64183151457105,528.1717241155036
1926,10,15,1,3264.9173832665842,10997.468616362929,516.7870907949435,579.676138703392,37.6722651985693,36.2179750253815,51.42227072119367,188.62897021514783,316.93777831764913,1092.3019914584881,364.1412596378018,1044.2102372034599,234.6267617503066,62.01900943399845,420.34158038106307
1926,10,16,1,3359.314172077393,9683.926563477275,551.1890315368763,883.481426737093,36.753499562913476,25.947040276198674,51.42227072119367,305.5089786262511,13.994641628563711,883.1691624738219,292.4206617319039,911.5823252689325,212.8331998641692,54.72236693249363,513.5501659442914
1926,10,17,1,2945.8865248255916,10837.594741719458,472.74674952964824,883.481426737093,35.83473392725766,88.65146238423817,15.822237144982667,305.5089786262511,376.2055279888773,730.9989059612076,229.51698983888605,894.7367255932725,190.32128499293586,44.99351026381298,537.3140457510108
1926,10,18,1,2831.6007869282844,10795.700081797802,676.4279445032631,883.481426737093,37.6722651985693,99.4618039399128,90.97786358361138,361.13299356963927,643.7535149138363,586.2969371232007,352.0124481000578,789.4761336726568,172.88009707533377,41.34641492746534,518.1264571332734
1926,10,19,1,1775.0634661735241,11029.85270693438,654.4120805731955,883.481426737093,36.753499562913476,0.0,35.600033576211004,240.2193978679676,307.8821158283641,613.3655848004388,250.48488046983067,795.7891658757088,161.98859813951478,38.914200760289525,520.8660754011886
1926,10,20,1,3418.9810193361814,10630.047633372335,439.71434022928605,883.481426737093,35.83473392725766,325.4205179697828,0.0,147.51270629572,1196.9087697049838,593.7652247977172,128.00049874907006,723.1567541382991,150.36818220413826,36.481986593125015,522.692487579736
1926,10,21,1,2013.6298960773852,9811.536734502663,398.4302886578543,883.481426737093,33.99624461044101,136.7576673521888,67.24450786615832,199.10313394853972,195.92498279975757,439.71491255622243,1052.714382235333,695.7894341243874,138.74776626872392,37.698093676707266,502.59169287275625
1926,10,22,1,1207.5721828517733,9952.389470445727,388.79188813449167,883.481426737093,32.15871333910176,39.46089244686474,0.0,192.65315520429692,0.0,379.96861115954437,867.3263286213038,694.7372620904612,131.47972430184495,40.130307843871776,507.1577233192188
1926,10,23,1,1532.5596301055855,11511.40052212449,298.64398833350333,1585.114785110433,32.15871333910176,42.70380986834799,75.15562643862202,311.9589573705929,177.8136578211874,540.5419896871332,946.778351598666,654.7438776706139,127.84570331840546,43.77740318023073,529.9981362941137
1926,10,24,1,1185.6640511172382,13459.261434569597,469.9904598357846,1585.114785110433,32.15871333910176,28.649625665115288,0.0,261.9763232531489,56.80190318425803,104.56641449228775,881.6704482025201,594.7375303391398,111.86234939999409,44.99351026381298,467.8590792519822
1926,10,25,1,6758.406242327429,8646.431795649854,411.49682448802525,1585.114785110433,33.07747897475758,50.812491261180895,193.82704225847704,206.36171061118003,62.56421899353512,307.1554030944761,994.2302498889153,665.2655980088655,108.23889243101628,44.99351026381298,467.8590792519822
1926,10,26,1,2671.5805620455153,11863.652748936252,565.6423256191389,1585.114785110433,38.591030834225116,195.68531658878163,462.8050737231722,237.793604112775,321.05966607141664,268.86874333301614,1053.8109597167247,629.4700545898612,109.68616241570751,47.4257244309888,480.65422524464697
1926,10,27,1,2004.6445332923329,11557.147564567718,255.29271949167392,1585.114785110433,73.50604108034955,154.59602623553494,276.8891500371589,124.94718299214114,0.0,196.05553526794793,855.1864405432153,618.9483342516096,106.052141432268,36.481986593125015,559.2412526366006
1926,10,28,1,3494.4984503850396,10125.626296960976,273.18276228610614,1585.114785110433,71.6685098090103,114.59850266042604,941.4509335211969,147.51270629572,327.6380323854401,180.18412557845684,747.0461784036044,608.4266139131896,100.96979406271758,42.561296096648476,529.0849302048086
1926,10,29,1,6073.701406268488,10873.710827859117,340.6257257337622,1585.114785110433,184.6824312682584,84.3269556715402,692.227512325425,138.64633609770388,367.982570096348,212.86177929780595,1070.3703873414136,594.7375303391398,97.33788588219312,38.914200760289525,507.1577233192188
1926,10,30,1,4157.396113841795,10999.39480762335,290.3923460624337,1978.6283742864396,235.21933145710202,85.94887699530408,356.00033576210575,188.62897021514783,0.0,181.118959918733,1038.3702626541167,543.1594064125896,73.36602420889189,42.561296096648476,506.2445172299138
1926,10,31,1,5059.869798526605,14321.232023760518,403.2451822169557,1978.6283742864396,132.3156641721156,64.32634343181418,154.27144939603463,59.651020622874874,0.0,218.4603982916795,907.057878380065,520.0007745340461,87.16790913580473,44.99351026381298,519.0396632225785
1926,11,1,1,4419.082185069436,9315.783258764297,4547.705726823079,386.10950073852854,135.19938113075182,538.3427964878489,156.2932827474672,904.2381279798499,2061.2561410965127,173.46370537612478,1903.1711401059872,846.1090222152226,37.55084589453661,47.26758147353696,140.95182077076578
1926,11,2,1,3864.4127115648184,5479.532589050646,3733.566658488354,386.10950073852854,107.83760161618963,527.4343809673591,131.87361662631514,652.801784569731,2061.2561410965127,187.2265442756942,2116.726835492154,920.0430900770947,35.52044231018675,40.51524496509193,125.38627428250233
1926,11,3,1,3724.8871905629926,5782.666938712529,2886.5243819328807,386.10950073852854,93.35099559240162,521.9755470767316,78.14571392720327,486.1083834659393,2062.7133741408356,162.44304720823186,2462.9794826794046,866.6534947109909,37.55084589453661,37.13907671086942,140.95182077076578
1926,11,4,1,3641.595906317975,7212.021241151387,2070.5764984865828,307.2239659048083,86.91292982427584,548.3537427076908,146.5272711919679,583.8923177814476,2064.378783334347,60.573110435428276,2376.69323438798,954.2766461469126,34.5062969194605,39.670589944339575,104.89557135759104
1926,11,5,1,3795.8614606529745,7709.700908150904,1797.6176847378563,307.2239659048083,82.0843804981815,551.0739073921775,87.91450782216965,373.4312037700611,2046.5797225794734,170.7007505479735,2325.851914791376,1047.3776004392582,39.58019307743435,37.98250581722266,109.81046705165677
1926,11,6,1,3866.936689875306,9569.920118231128,1942.322893667507,307.2239659048083,80.47486405615005,607.4571849000577,219.78626955554802,496.3568919663568,1626.688429685336,129.40184680093708,1767.0404608375395,955.6433850773451,38.56499128523548,38.82716083797501,136.85778448276628
1926,11,7,1,4870.975261772286,16003.037768312517,1965.2345517481006,307.2239659048083,77.25583117205956,538.3427964878489,219.78626955554802,690.9845304596996,2061.2561410965127,115.63900790136769,2358.9707700405693,955.6433850773451,45.66929102756138,38.82716083797501,182.74382528407253
1926,11,8,1,4846.4421925949155,9666.470455176464,1793.0525799324198,307.2239659048083,77.25583117205956,551.9898812144795,156.2932827474672,690.9845304596996,2066.044192527685,83.9761687936942,1790.3011952934469,992.6104190081969,9576.384772367172,34.60633756300014,6909.1736211839225
1926,11,9,1,3724.8871905629926,9676.823733203148,1639.2171613918958,307.2239659048083,77.25583117205956,613.822740352222,185.6005918788347,231.87955654695784,2076.8693522849894,192.7316798356128,2332.497838921609,843.375544354189,6307.456129592909,36.294421690117055,8445.719821986277
1926,11,10,1,3701.5656309745145,12692.396538879242,1694.1706871639556,307.2239659048083,78.86534761411862,701.1270735593869,190.47896042418049,364.1135231059971,2064.378783334347,159.69047942831799,2486.2402171353115,798.1972297057112,1516.2529992805792,38.82716083797501,2628.0839960702056
1926,11,11,1,6528.926134341322,10296.455384399422,1239.0383514591922,861.799330720327,75.64631473002811,750.2288217928008,166.05929430296646,317.5533266895396,2492.3889460465066,126.64927902102319,2495.101449309017,973.4435325775548,904.2585120352356,37.13907671086942,1561.9928423915983
1926,11,12,1,5017.870799440523,7981.534649826007,1611.7403985058659,861.799330720327,72.42728184596523,668.3833224762633,200.24497197961784,447.92563757597077,2068.7504824669677,251.92746767625357,2589.1412757524104,1033.6776697306834,707.3769740460172,38.82716083797501,960.4568088554189
1926,11,13,1,5159.920298752835,7223.819162623569,1847.0586311221887,861.799330720327,69.20824896190234,681.1144333805919,141.6396281818144,511.25953964804705,2069.2709228400267,269.8243517698579,2733.025533172827,1087.0998065000251,597.7647597316927,36.294421690117055,789.1742330290907
1926,11,14,1,4622.413877759178,6668.1129838937195,1532.0663995416398,861.799330720327,69.20824896190234,584.724380036776,146.5272711919679,273.7856137820436,2054.698592397495,93.61327213780166,2491.7784872438083,794.08616577972,520.6368899640612,36.294421690117055,709.6842602904142
1926,11,15,1,4559.9201747925035,6812.336554543436,1610.7929239235752,861.799330720327,69.20824896190234,600.1849078864184,249.09357868691552,509.3884816741187,2066.044192527685,115.63900790136769,2318.098336639407,1015.8775222306423,449.59389254080224,25.321261906685837,579.3830903138461
1926,11,16,1,3860.778182797788,8051.479469981888,2010.1103933267955,861.799330720327,67.5987325198709,703.8472382438737,273.51324480812957,838.1211447004291,2056.2599135163255,744.7721319090143,1560.1306895816056,1106.1907629901718,371.45187738242936,25.321261906685837,519.5629610940146
1926,11,17,1,5409.693192355188,10862.514841155953,1924.9238149748421,861.799330720327,98.18050296400096,687.4799888327564,1216.160584303334,2209.82289251677,1618.465471792633,2869.006590535977,2904.490375733756,5321.712592965546,327.81193353777036,1087.1531479771998,519.5629610940146
1926,11,18,1,5183.241858341314,7959.263063373046,1523.7975304598476,1769.5771365523901,960.9196377137733,649.2866561198323,1216.160584303334,1880.1782062569446,2054.698592397495,3253.0157634555108,1649.7398999382388,5321.712592965546,312.5786246478777,1087.1531479771998,464.6577275681236
1926,11,19,1,4591.823260636638,6945.966073259009,2223.4644424450166,1769.5771365523901,791.872509025249,710.2127936960379,1084.2776932121492,1549.593289859544,2064.378783334347,1830.9249908177737,2413.245817104353,2111.177762313937,313.6033340530808,208.47900265557846,464.6577275681236
1926,11,20,1,4823.221592138786,9818.037630007771,3857.169024448984,1769.5771365523901,505.3881627983706,605.6437417770459,830.3057459798879,1386.6514070049298,2051.367774010646,1726.3274151807736,2106.757949296713,2127.556935211763,318.674061006712,184.0097512560397,478.5918159867741
1926,11,21,1,4646.845987804553,16615.807363142125,3273.8692179781538,1769.5771365523901,439.39798867502617,654.7454900104598,1025.6630749493522,1631.581357862488,2046.5797225794734,6580.402792210064,2427.6453193867387,4316.834064985346,295.32758899103965,589.1499417630357,425.31804053055873
1926,11,22,1,7757.09398020674,12493.758065113303,2784.8861994703516,1769.5771365523901,1036.5094277592548,519.2461301313559,3267.4867342021003,2723.000501645644,2516.2251151275123,8052.039784886433,2237.350358456479,11817.952895448454,386.6746222578225,2904.436393576512,410.5733534484241
1926,11,23,1,18702.67928043936,38422.700174036916,2654.8237795397035,1769.5771365523901,1767.2107315322587,676.5715733122665,2383.4447385046997,1739.6138006784138,1613.6774203616346,3293.0058991260876,3929.0703458176163,4214.111702507179,344.0488238038671,833.928269766339,431.87465503681955
1926,11,24,1,13055.025412975108,23382.75803610462,2951.555591898305,1769.5771365523901,861.081716032684,494.6998821451243,1094.0158813728538,886.5523990907162,4254.079608474363,2062.2445548133674,2803.8046251601295,3213.3550855874946,311.5644792571742,416.12438352000794,360.58301561666144
1926,11,25,1,8212.520626544272,19389.522778638493,2905.732275737118,10961.70722740672,532.7499423129328,473.78052040479264,551.904858161543,1234.8042397746096,2056.2599135163255,1526.688348274737,3163.4598860101855,2760.1618116345217,286.2002804745186,297.95849462212936,429.42233756107765
1926,11,26,1,7781.526090251763,21552.87633838133,3287.564532394866,10961.70722740672,403.9886269502792,494.6998821451243,551.904858161543,1631.581357862488,2056.2599135163255,1262.4418414022778,2716.4107228471526,2760.1618116345217,262.8538084588462,297.95849462212936,312.22413585451176
1926,11,27,1,9815.347812813045,20494.675014500543,4380.088859813036,10961.70722740672,331.56038705880894,456.50654943213846,366.31354074757786,1113.7966210591408,2933.826470380745,989.8129866114099,2310.3447584874384,2007.1537437114762,243.57448202056318,198.35294972170917,328.62080249142355
1926,11,28,1,8589.703945258114,17728.18281623167,3993.6914983498514,10961.70722740672,289.7129595659361,447.4115770346604,332.11858860599494,757.1015137392192,2494.991147911281,982.9367606856986,2589.1412757524104,1819.6067904647282,227.33759175446647,176.40908198364497,325.3373648670334
1926,11,29,1,9523.979756654358,23150.411215275093,3147.51056232366,10961.70722740672,272.00827870356267,391.93502108825527,429.80652755559674,866.0647843913006,2927.2689216815534,748.9061771030493,2443.152475690677,1818.1966629967012,218.19971922340807,178.1008438539479,339.27145328562125
1926,11,30,1,27656.74473459453,57452.265960821234,2968.0071960086793,10961.70722740672,257.5226307252796,400.1232719242583,293.04526791906613,675.1510549416557,2929.4547712479507,808.1019649436901,2084.6048688623573,1747.039461533626,211.09013747387024,146.01866403802322,338.4505938795551
1926,12,1,1,2403.7359837407084,30138.873883224776,734.5167498020627,714.5128159144476,628.3628833337068,492.3960691980363,58.75837246895525,658.0952802447447,1066.5905003189541,339.87460500677486,1903.9464979210736,905.1716688566723,228.64752955081553,65.36820757145176,489.6528964840675
1926,12,2,1,2787.3806869291143,36449.55800129449,858.7048273226288,714.5128159144476,1197.4610719625648,362.13348894965105,46.38809116533403,771.8819315030524,167.61302651153684,335.0030793887019,2112.074688600899,1039.242249662296,224.51699988650483,68.556810922655,669.339020480368
1926,12,3,1,5117.517463137357,25281.260297492383,743.5005315232031,714.5128159144476,951.6265963520511,589.6558350600194,39.584343703693136,701.7877747412822,1068.464085661481,398.86265188284926,1059.050163239421,927.9506510324022,208.84000238816287,67.36031846945858,482.46011593803024
1926,12,4,1,16228.17094487372,14961.690617963523,896.3109548337886,714.5128159144476,392.5016613907913,528.86848139628,59.9955860886157,719.0880092740061,618.022942875298,415.64812181632334,1159.7137607327268,945.4796201731943,199.75494992960193,64.17171511824402,371.9519183911671
1926,12,5,1,8236.0441043978,18962.149092657146,1188.8221985985865,714.5128159144476,433.6018133926864,507.1534252244586,91.53896871098166,702.6997979747972,633.9484182874711,570.9760409896561,1011.2216625818804,2124.953622963007,269.09714102048434,88.08685320954142,497.7383616341831
1926,12,6,1,10439.174292023952,19467.77429860727,3035.277891350318,714.5128159144476,556.5286316529656,364.73337424332556,107.62089087356007,684.4969425098785,619.8965282179985,778.2495883418259,984.327822934804,1956.7145688938726,533.2291952322566,167.41087029663294,624.4174894812772
1926,12,7,1,6914.993856707865,14581.26784396344,1792.5357756147698,714.5128159144476,360.65622893055627,434.2086008279713,121.84792005316483,1089.5386835078082,650.8002775635783,541.2067607736002,1125.8195476682629,1396.7854927461183,353.2817724652697,112.4004134804266,531.8758521855716
1926,12,8,1,3488.3399433075215,12632.203061980295,1532.755471965106,2983.847640295548,263.64454147802365,737.2849088893903,118.13813408715562,857.4428740290974,628.3276622597167,504.40544890845354,1360.974496477825,1121.5936937947356,302.1096862915469,93.66721555276101,518.4034971828646
1926,12,9,1,3913.377890787564,10363.149756803476,1973.9340910943324,2983.847640295548,206.62167324596965,651.3129012419259,112.56418067330311,1196.0667581034756,1075.0216343606724,607.2268392987653,1238.3571962741535,1675.4483746956175,357.4123021295803,137.51081811053263,744.8067821291198
1926,12,10,1,2833.3170921792753,10498.825853733566,2935.6207921053797,2983.847640295548,167.7346063518574,694.7337613247416,148.43781096446915,1242.5141269032977,2428.0625159500737,699.7754389935506,1067.0141956555399,7974.813188374085,2493.635619593016,791.9897381842597,1328.7661636320731
1926,12,11,1,19227.666769013285,9527.423523540454,2319.590045519617,2983.847640295548,141.08178050818313,633.9464076610024,109.47578385659565,1385.3350848121665,4711.02625592257,691.6631543289509,1596.0186798850473,7239.594420817062,5244.82191237256,2626.2764164945734,5033.920307937522
1926,12,12,1,17209.493711977022,8717.821259251965,2638.1999073233114,2983.847640295548,136.26281163711124,632.206982624668,88.4468621083387,1386.2753149498403,1989.8517219281769,645.1187912276583,639.61481483775,4178.858515806673,1885.2540253021132,945.8419952304641,2814.8295109590385
1926,12,13,1,8828.472293426672,11027.32458090494,3661.9892605001037,2983.847640295548,149.5892245589484,607.8920411591722,63.70629950107385,1790.3862281114168,1538.5258305078976,558.5219701665459,807.9893026781252,3011.706857660645,1145.6673710860496,497.43928559071844,1949.6436969245956
1926,12,14,1,6237.961914712382,11590.494750769745,3326.9277945858335,2983.847640295548,118.11742984417462,643.4947408392486,129.88888113448502,1222.4872249713492,1999.2196486411588,687.8718817263868,826.9191099092668,2613.833968991419,843.5999408524251,361.11760444699894,1447.380347814216
1926,12,15,1,4881.97980720608,9055.988212468836,2519.7655845387762,4157.624178880544,103.67968414094864,625.2585347400959,348.8404488476763,1222.4872249713492,4765.36023085828,659.7333680817864,909.6054826300029,2315.103888458511,687.5905749123635,286.9865607530973,1238.061199257497
1926,12,16,1,7891.066748925143,9628.54856473048,1875.0521983258684,4157.624178880544,93.68152129033086,628.7373848128263,217.09667473021767,887.4738246256504,21163.187325545412,599.6546811419656,1167.6888696890064,2143.285280047358,591.0143544746838,245.52613578654825,1040.4392972377852
1926,12,17,1,6611.510704659192,9833.32677313997,1449.3777087247254,4157.624178880544,115.53070699093051,618.3100868555857,265.954555902385,962.1374998563157,6816.10347642136,2254.0933355498005,2765.7013268132155,1997.8252081537848,547.2687704851056,218.42116842964847,911.9132357269168
1926,12,18,1,5945.483308097503,12311.97376487843,1987.887807669668,4157.624178880544,321.0314670004888,551.4439978254414,2675.6831279762037,881.1084665936864,3982.5138218703173,5751.412473283578,5513.458658474895,1954.0027853015517,496.0861202969212,198.8923520571725,908.3219758251892
1926,12,19,1,7990.410535224576,18278.351195086983,1699.424864392858,4157.624178880544,241.791523595404,558.3924457099516,1990.949383302126,954.803704782618,2559.2134899330326,6817.539103212336,11342.377182333657,1850.6295947613219,466.3695475457303,178.9589839330905,802.3079835267766
1926,12,20,1,9650.885386104099,22047.66671848912,2082.6352658973365,4157.624178880544,194.39701265055413,575.7589392909372,1089.842372161132,816.4770469316855,2086.3413670726522,3228.813941088707,7657.433782901279,1782.2926482341325,432.5330091447281,170.5982477334484,751.0966173284341
1926,12,21,1,8782.434929044162,16854.173531661832,2011.574672226736,4157.624178880544,169.95727191466275,527.9987688781127,496.04475597853553,1231.5134342928004,1612.5324515410086,1968.8649912605895,4471.266989445779,1882.1947557762453,417.6694407619018,157.44418623460328,839.1440493757518
1926,12,22,1,9123.777755749437,22341.410885755628,2165.9268950849096,3787.876799503839,343.6221799190361,535.8169292807902,463.88091165331673,1026.7313103128372,2093.8357084431073,1748.140216455609,3869.5893248518023,3695.184794275772,888.9935111019201,323.6536604204433,1367.44916314476
1926,12,23,1,5560.929972717252,22251.120670407206,3546.741897674073,3787.876799503839,644.6592373092994,461.99314010530867,337.0897018004089,810.1116888998206,1612.5324515410086,1301.0816608034463,3534.85627949035,2590.1872160661605,860.9354886251456,314.8761133252154,1075.4284294229863
1926,12,24,1,7140.435599397193,15941.640421875534,5591.822716492216,3787.876799503839,719.8274873342349,514.9715856271978,243.6958401063916,748.2163389383645,2583.570099386924,1151.0926844183246,3492.9869574696063,2277.355860852982,591.0143544746838,221.2162532588491,841.8323639307564
1926,12,25,1,4135.084145577512,13383.417653676895,3423.397933872066,3787.876799503839,454.33391803889475,541.0259521290278,343.8878845831255,812.8383562990451,2104.140427827526,1561.9004417612873,3500.962066425886,2173.114899563223,522.5067205282028,198.8923520571725,882.2699504239788
1926,12,26,1,5301.465002403052,11710.761317613542,2206.8405702286254,3787.876799503839,886.8243986501923,492.3960691980363,894.976589832113,731.8281276391555,1622.7330828509196,1433.1010437573925,4147.499718899348,2378.1257391446243,506.81915901543687,188.128823635922,802.3079835267766
1926,12,27,1,4468.955996483675,12643.037887821903,2012.3498787030092,3787.876799503839,577.6343740446353,679.9671530374924,424.29749539607957,841.9666859634034,2111.634769197981,1088.87426554387,3412.2389792866784,4844.764094743412,1844.0543688038877,663.6487597765586,1799.5290330331586
1926,12,28,1,3971.328432795362,15271.085089223056,2969.1269386967865,3787.876799503839,348.8052060805744,601.8133057927673,415.6351451655196,863.8082320609625,1629.2906315499374,3752.217301202749,3250.853788323346,2999.449595823167,1082.1776440207777,442.824799125313,1677.4261963751092
1926,12,29,1,3553.660501982083,17324.886521010336,3165.16804317515,3681.3858979033694,264.3822365139512,649.5734762055916,4829.306625887397,929.3516749564783,1629.2906315499374,5241.6161463457265,8119.657806161784,2724.257796871784,822.9578565453711,323.6536604204433,1158.9508739941698
1926,12,30,1,4404.544070001311,19957.74920056291,2677.390901408463,3681.3858979033694,216.24045007812376,633.9464076610024,1339.047244427041,910.2367962580448,1144.2402039627848,1922.8503676188593,5244.4094966010525,5125.162518192138,1195.2125990288166,369.4905997906209,1370.1169562146003
1926,12,31,1,2772.640653596292,23430.91281762392,5646.517840105451,3681.3858979033694,182.54598980057224,1153.2943126615785,601.810753869122,803.7369285665363,1144.2402039627848,1342.733724190191,4302.903578145563,4274.421769600971,1381.773094864508,442.824799125313,1618.1191042840062
1927,1,1,1,2041.5994272176192,6026.655182292853,5901.439028866331,884.1524161808094,104.40938630844771,417.4266030617808,1413.0232015414852,1620.6484147899093,822.5581447902647,128.926280463587,1204.4830815576577,571.7244838896936,173.8605847126097,793.3627436997002,645.0496454113819
1927,1,2,1,1297.9026279921063,11280.505381428686,6421.710183529519,884.1524161808094,105.38562220572128,354.52539465500064,5409.41477595274,2332.4556594019095,498.25716821637707,128.926280463587,1207.5434314180202,707.5834534307137,137.57526020465437,611.0991288412455,631.5474346612978
1927,1,3,1,1536.8260255275359,17040.302813752634,8531.380023293581,668.2393366296182,103.43315041117415,305.92295661388397,2745.121841175057,2339.4515645492174,498.25716821637707,3371.6451831273394,1522.524055501643,624.975021841831,142.11013434159034,964.9083111805002,687.0509253690495
1927,1,4,1,2407.0175924140326,17417.76298214015,5423.945053683124,668.2393366296182,146.36838801130065,549.9005049791284,1179.2411338074212,1533.1473922015796,1805.0863943771385,3496.6246726673094,1272.1638957759412,713.0249407984186,188.9768318357476,755.0731822198252,714.0553468692177
1927,1,5,1,3704.9202204064845,11930.941731443252,4076.1116174103345,668.2393366296182,680.1269600076154,659.5021091123165,830.4524457637758,1160.1716730062883,3123.8229998074644,1647.4084048107575,1278.4023012603893,564.1087777703227,507.96921746150423,562.0915199837225,586.5400654943654
1927,1,6,1,3548.6856185695915,11247.559980198235,4358.642306351931,668.2393366296182,532.7823360990092,540.3711774025437,739.1683920655058,1177.2959781428815,2478.4068919667952,699.3249345334325,1366.5639183899514,417.37871447076844,492.85297033836633,471.72663997286224,466.5316102454581
1927,1,7,1,2892.2993460295606,10133.06412141905,5176.038717073518,668.2393366296182,359.0857235905578,404.08363285420586,756.2333351439745,1442.7227077605603,193.2859126385464,526.1276376629837,1266.0431960553392,484.76761479747876,390.0466613700001,427.32059562553593,622.5459608279374
1927,1,8,1,1636.2937141569646,9142.53710098531,4248.3275093871525,668.2393366296182,261.5099885630889,362.1526799168766,608.5507924374857,1062.6466669232768,1827.681041947336,421.94249435491287,1819.0248746597363,501.0683149470466,297.8296396533528,404.35064603350554,591.0408024110455
1927,1,9,1,2486.99363296856,9144.231435905567,4131.671624640647,668.2393366296182,216.62227916838327,342.1382246055664,558.0829450821468,1209.4562585214164,1501.1883845589916,424.54345491637486,1616.924078115776,666.285178124608,287.24035240163386,376.77913193127847,888.0726451184612
1927,1,10,1,1311.8682933652765,7799.117768510494,3961.2674720300947,777.4918056406163,192.23233330324788,374.53984996631084,382.2011578715485,961.1120674425216,837.5835854244427,346.40793200010523,1971.9246619110656,891.275235509611,267.59714540707694,349.2076178290514,909.0648882000563
1927,1,11,1,1619.5148212264176,15994.521648968564,3333.399129451322,777.4918056406163,166.85339028727793,380.2650929135302,203.34448428355552,882.6952798961512,1503.33487607808,375.05851295336845,1720.5051503106279,667.3663470121053,250.9613593061191,327.75258659428926,748.5665944953744
1927,1,12,1,2918.3217009333084,31055.276497338775,2952.531253799431,777.4918056406163,160.9991652169709,307.8345569301653,166.2397117491713,915.8684002736148,1506.6110999757832,477.9365068510677,1371.742971999786,1483.696380959502,243.39532147903324,303.24878216552435,894.0680297425569
1927,1,13,1,4466.30016427733,25779.30581451963,2630.8468641101795,777.4918056406163,203.94078344389388,744.3198151451156,130.61759962796805,832.429179330411,840.8146200269174,252.63996919694281,983.902480088045,1650.9805340978712,237.34882262976726,295.59844446133854,1158.0832725312312
1927,1,14,1,5098.573057755858,33415.10852264293,2774.8801437238158,777.4918056406163,373.72926204982093,814.8483088138239,474.2217590009185,1437.6062995185353,1846.9994656196907,343.80697143871686,2430.506317901453,1021.7045986595977,246.41857090366622,295.59844446133854,973.5698527412119
1927,1,15,1,4186.484494749506,33560.06828805841,3168.5308471264457,777.4918056406163,518.138797639778,765.2900706145665,673.8643750270122,871.6375731036364,1515.1970660524164,300.83110000885887,1469.203344474036,6628.0405192657745,258.5115686021711,231.27122371597096,1327.5998338637949
1927,1,16,1,11955.21239393004,30771.946046754307,3104.7173605610587,777.4918056406163,447.88809679606163,711.9181897843712,388.14136507546147,921.9036736692962,1853.4389401772357,286.50580953226404,1931.9047021993986,3778.1506177541883,279.69014310558185,194.51551707283045,2418.138465055694
1927,1,17,1,27156.68844403154,42749.01133992032,3139.3417128930487,12152.62335800801,1083.1273474089714,948.2684528877397,279.0462553165899,849.5221595186875,3286.956355263775,231.80560818719962,1792.4233720278557,1895.609846109019,306.89938792722467,205.2335644504784,1722.2036224144965
1927,1,18,1,18337.220052241104,46258.16721959094,2962.5964725005674,12152.62335800801,1160.2053189069022,925.39615510358,691.6754310876139,813.3209607938505,3888.3129003426634,259.1490397300912,2272.5451828041346,1763.0181451840376,839.0546007857657,196.04937190955812,1116.0819925735636
1927,1,19,1,13331.684448697813,42256.71291581424,2163.3174554410266,12152.62335800801,1127.0420112197698,1008.2735868153802,638.232697354776,687.6557093796209,3589.8376059413085,222.69557709266286,1976.9860097570543,2819.474600940992,1611.6610283537955,179.19779883293518,1656.1368349880586
1927,1,20,1,10169.817619241785,31038.333148134858,1850.7924147699828,12152.62335800801,793.3192790782227,878.6957593771722,417.0771570106188,639.4048471624062,2238.9036277235377,250.03900863555444,1442.4841360783093,1726.068307381468,740.7910802198525,180.72786637377098,1248.0980108651397
1927,1,21,1,10173.836515751977,23325.344071413114,1819.7915411703202,12152.62335800801,657.6831053102626,817.7061512866212,337.6735177201226,877.6624048499057,2583.584976405762,510.4951977760172,1970.865310036452,1356.4511195880386,553.317958830918,168.47596415938855,1264.606310824532
1927,1,22,1,16674.401621116314,19594.983354907326,2711.972526841562,12152.62335800801,1786.7350139656198,1151.261290472171,337.6735177201226,775.125407019634,5369.166102088547,2044.6217664435221,1736.9839572507763,1174.957318214354,674.263764347028,168.47596415938855,1059.08385415844
1927,1,23,1,13272.40572517135,16516.00028559349,2546.09772264647,12152.62335800801,1711.603133635504,118.17513155163208,233.02638920084587,783.1654771142678,3660.6718260736025,1168.151410290037,2189.4449135204386,1103.231861360983,780.0933227400002,163.8800805930331,999.0796265339646
1927,1,24,1,9494.241115865228,15463.630040563605,2474.1314089330913,3899.2444716112454,1117.2796522469384,989.2531636685009,188.49874904936783,809.3009257465336,2627.644539167543,856.903129776196,1247.5633911296868,1058.6663174389405,482.26368308664746,147.03418846025139,969.0691158245318
1927,1,25,1,7728.739878902926,15472.101715166247,2433.0653166322927,3899.2444716112454,830.3907206678795,671.8892791617507,167.72237216235223,645.4296789085951,1928.566143347846,895.9708912342942,442.19701366121706,942.3634356867535,456.5739772428245,156.22216829706355,850.5721020775175
1927,1,26,1,6422.498040652058,24086.853488433964,3203.155199458436,3899.2444716112454,666.4564671322595,456.4997135262605,190.72752244473384,1459.7425964024694,1937.1521094244795,3522.634278281267,1094.710686183847,901.0532794039765,417.2559061916429,154.69210075622092,870.069697451697
1927,1,27,1,5899.941021903966,29083.25890938092,3738.020921238221,3899.2444716112454,558.1453275480519,431.7253734274442,164.75705133593829,922.9060720188124,1894.2222790413134,3376.8471042501897,765.369958909425,784.762278628563,393.0699107946331,202.16585477701622,874.5704343683772
1927,1,28,1,16407.145003183145,21936.930733828805,3119.3119276776556,3899.2444716112454,521.0738859583952,419.33820337800995,154.3688628924305,785.1807154626323,1590.324269223167,1488.549736676185,1495.8048471059162,865.1846104889044,385.5038729675472,245.05698076708111,856.5674867016129
1927,1,29,1,28964.187149526377,30642.04703618728,3172.1543258587735,3899.2444716112454,4118.85410192007,1880.3456510966798,141.75190105360883,870.6351747542004,3373.945748408722,961.088273084267,1932.9640540741348,1820.6408825932576,869.2870950320415,194.51551707283045,1062.0899433677048
1927,1,30,1,16144.912005887978,25768.010248383456,2563.4098988124647,3899.2444716112454,2556.5576349278826,1396.2328710018985,213.7326727270633,741.9418449926779,3390.100921421375,841.2840281485109,2083.7451375761143,1379.2625950159331,2166.4510405694855,194.51551707283045,922.5670989501403
1927,1,31,1,11858.758877683344,22344.51241191324,2121.4461456441777,2995.286876029848,1718.3027917541083,948.2684528877397,279.0462553165899,737.921809945361,3045.41957273915,819.1425177284697,1734.865253501304,1144.5301366669867,1526.9309018091456,165.41204178181823,834.063802118125
1927,2,1,1,21053.99409318457,13180.984383857893,11884.003720464247,3016.8856966181593,3406.7761533134585,842.098171322223,535.5465068013696,1537.2196354962787,3554.4769824940217,853.4351823610116,2215.2224758053976,1015.5146097544573,861.3095153984532,802.868856391539,1016.1421217106816
1927,2,2,1,20460.20213379177,12370.527513580064,11403.892788418725,3016.8856966181593,3157.1341305604806,899.4270648071009,297.52689995085245,1570.8417468010377,4002.302897333846,715.277492643296,2091.1606006991447,2259.40535527769,707.6144792040591,617.7079601748177,826.976820853771
1927,2,3,1,18973.21042499145,11731.386729702357,9821.137147660826,3016.8856966181593,2837.1456975620627,831.2498395273759,222.46602083838027,1465.067837634024,4750.976544569977,698.4979624574801,1986.8732939210945,1483.2211418881598,640.6597929936983,544.575276477847,914.0358513618037
1927,2,4,1,17149.636133455846,17993.836855089805,9764.268661999251,3016.8856966181593,2609.3573215292963,782.4466834530795,189.33095199095362,1421.317326339819,4004.562362090936,730.7765499373763,2206.276837752125,1329.4813022851856,636.0853475292316,479.2254858413253,858.7842675710415
1927,2,5,1,16222.275763710482,21195.18855754678,8931.271162290854,3016.8856966181593,2420.0122218438196,914.9205853704271,160.9308309147876,1537.2196354962787,3507.3671423102614,843.1113696711456,1954.0333858047657,1191.1867325031797,613.260605799838,451.2184327113894,914.0358513618037
1927,2,6,1,14907.091880724443,15773.316812133391,8355.44000039715,3016.8856966181593,2467.069344343578,876.956203089353,175.81482835315919,1628.7929013793082,4042.74731648434,1715.9670575572788,1868.6967070077515,1052.8446388140803,631.5267305957449,435.6715830699573,689.70434489459
1927,2,7,1,14503.192781441958,14113.809887278858,7840.906020393802,11440.801357747521,2327.0145865307168,864.5594750383461,3063.1764136855472,1554.552773622321,3653.215592375444,1453.870262524266,1248.1519199489164,1198.9093674137146,658.9100892585982,437.2243743861511,964.2492968129955
1927,2,8,1,13160.881347011342,11813.27958418979,7882.5760258164855,11440.801357747521,2359.874814445815,804.1337890411489,2640.5703681663185,1528.1354004542386,3106.6510676541984,1145.2229425718135,1198.4800876009015,969.4045388503487,607.1824498885313,443.4544761304064,1464.7883408506748
1927,2,9,1,21351.392434944704,13722.230261220953,7494.058583951608,11440.801357747521,2174.3580908280987,871.5368161927157,6142.518608650695,1649.1541178527236,1836.1540347861078,1468.0088173707761,1513.2253001569552,958.4265163006503,738.0369158225523,426.3358986933143,1278.9650050923192
1927,2,10,1,12133.048564509438,21220.603581353338,7292.653557741393,11440.801357747521,2027.28464355764,953.6496077780347,1989.3476524816022,1555.5969385697274,1836.1540347861078,1057.4305199302553,1395.0487132436122,1135.1916889136432,713.6926351153387,406.11173862382066,1600.3814373633177
1927,2,11,1,11535.23770860644,32867.27356503337,6820.69545284366,11440.801357747521,1909.8811108124742,874.6336087050873,1093.4381408624927,1648.109952905398,1557.787976722138,950.2709448007004,2262.8933101677862,1127.5046969335303,678.6957530323518,384.3158507586739,1155.093977116444
1927,2,12,1,11060.003196266913,46471.841679002224,6920.9450311073015,11440.801357747521,1811.3004270672113,852.1723049889641,795.203390133639,1282.9654708152914,1973.077599061073,877.9642411938677,1874.6997009645074,997.954526065588,734.9978378669123,339.190220191639,959.2279522678588
1927,2,13,1,10854.034750115477,68482.19359271719,6274.154077370434,11440.801357747521,1720.5360111269654,890.9013273965195,636.9796101668547,1399.9119449189966,2222.2965617594386,827.6123123770652,1942.1451036550995,1074.8006839135792,692.387432363765,339.190220191639,954.2066077227659
1927,2,14,1,10548.59861533496,37284.78122149646,5976.928169125157,6777.615992716959,1642.3733330765087,857.5916918855492,536.2256609261677,1505.6858540860908,1790.1739269808218,825.024690074958,1878.5839911717915,1046.2625776750112,678.6957530323518,318.96606012215227,992.7147784316237
1927,2,15,1,10540.56082231423,27816.27290776168,6259.962119001964,6777.615992716959,1584.4372419174747,919.5657741389584,482.80205829544786,1390.7232933822722,2176.203480716431,905.0809223288309,1856.808424858085,797.0472086246565,744.1309002648657,325.19616186640076,1047.949568427952
1927,2,16,1,10278.32782501906,21944.46111125338,6180.950152197688,6777.615992716959,1550.0137604413924,1148.1071499503641,473.33216275303084,2029.6478246689055,1620.7140702049674,823.7442171832225,2001.7042201671545,832.1792569790667,776.0887043922127,328.3017444987953,898.95502393196
1927,2,17,1,10913.313473641943,19346.48089990945,6541.1843295125045,6777.615992716959,1690.8660966017048,1268.9202899384686,1612.7519075270316,2455.9803726740247,1457.9196344622412,920.56664136363,1744.6348319014983,926.5973794925989,1065.2126519851213,600.5893827377256,1123.2865303991737
1927,2,18,1,10689.259993194468,15316.787680791977,6521.657805232117,6777.615992716959,1669.6505125594476,1325.5036593000104,929.7715623465509,3718.4802105212157,2218.907364624014,871.5085236979179,2195.3302017133487,1116.5266743838317,868.9072102875799,412.3229038886098,826.976820853771
1927,2,19,1,10588.787580437578,15818.499076678772,6453.31497025127,6777.615992716959,1524.9698003313429,1238.7170049414426,877.027113840577,3291.2079140634555,1821.5804871033756,933.4780763556032,3370.9753711259305,1356.9263586593809,731.9587599112455,359.4333167405919,1262.2383858049361
1927,2,20,1,10308.469548846024,15890.978959386171,5793.338580015943,6777.615992716959,1473.3345781171874,1657.0707341565942,745.1659925756686,2321.7007604441965,1180.6833087767463,961.8885686415832,2414.8514513083483,1296.5709965896367,674.1371360988651,322.090579234013,945.8432980790307
1927,2,21,1,10038.198758530469,27232.66865738745,5737.375964037504,5366.743468717876,1413.0855097505314,1622.1840283847466,1933.9631118850639,2002.1862865534974,1883.2638749697292,1010.9466863072953,2176.497279496159,2310.9687945262767,651.3123943694985,303.4192104807201,962.5699173664574
1927,2,22,1,9945.362249143254,30273.999839579796,5337.2835206662685,5366.743468717876,1358.3078288474164,1530.8095332671348,1048.0974288714947,1858.7180227868644,1278.4051595175545,989.0052497765464,1597.6203328430793,2045.3101536049721,643.6988709493651,283.1761139317672,944.1639186324926
1927,2,23,1,9472.740019535058,22573.247626172302,5649.607256963352,5366.743468717876,1313.7072476578173,1430.0681965998278,743.1380957524633,1908.629107270501,1619.5843378264924,1155.5600935209607,1613.5106109638755,4834.9635028146495,642.1793319715451,244.2805851089876,984.3346749934547
1927,2,24,1,9213.119304971568,19562.037953676878,5543.117243105065,5366.743468717876,1254.2398060716855,1242.6357855897827,588.9701094320894,1933.0625670386162,1686.9163875853603,3062.597715396302,1901.418909360234,3897.4356246794455,663.4845347230918,264.5047451784743,944.1639186324926
1927,2,25,1,9072.96028917579,34661.385986345966,5408.243312509433,5366.743468717876,1201.822957077038,1212.4325005927567,687.6865962985383,3292.252079010781,2814.8411942859707,2165.1996304180316,2625.309357086229,2346.136485811007,695.4423388504388,253.6162694856306,932.4418500957249
1927,2,26,1,8601.242311282724,50862.051717301925,4623.961471314616,5366.743468717876,1169.7443559424319,1227.9164631545104,586.9422126088842,2321.7007604441965,2991.0794453329545,4128.991545568927,2955.003201652189,2174.8128005657186,672.6017685900383,242.72779379278688,1071.3937055014874
1927,2,27,1,8410.847089108674,37408.09115181698,4109.427491311269,5366.743468717876,1159.5672562289474,1236.4230845618945,490.2440570146076,2167.059931740872,6736.368226556692,8744.829555194166,2098.105240766791,1967.370945892812,734.9978378669123,262.9519538622736,909.0145068166672
1927,2,28,1,7459.775229952866,38178.072243440474,4845.798891488351,8837.392213523268,1150.9693616433744,1197.713178157484,422.6251766213473,2088.6431441945015,16831.882707363933,3447.2731132971894,2373.065905138747,2124.318649227754,707.6144792040591,286.30063304362113,1007.7788120669901
1927,3,1,1,5286.556942023584,9163.9986766437,5539.997025307541,8124.06768661333,1496.1453188543792,3210.6283111873413,764.6414545194939,2511.4255313785843,5194.848396085069,1950.9871862332457,2017.476792524105,2583.993641054508,761.6214270408421,227.63541965853662,979.5484435708735
1927,3,2,1,5331.066220874772,11346.39618389027,8418.54892165357,8124.06768661333,2278.8408543445144,3210.6283111873413,1045.2277635556186,3452.2181489455797,4474.192111835928,1885.3629505302913,2307.974617725319,3056.6188975773775,698.2756459028544,211.23642844113934,903.11988495935
1927,3,3,1,5664.1322691636,14538.334914567211,8880.441807849962,8124.06768661333,1836.184871507764,3210.6283111873413,882.9960176976409,2932.7460876364426,5942.392310942585,1789.4608662408784,2331.633476260806,2763.0399612104334,682.8269996283024,205.7827223549844,770.5328776559719
1927,3,4,1,7171.318932928249,15613.296291869448,7636.682732947106,8124.06768661333,1517.4885154322146,3210.6283111873413,720.7547062885781,2510.3813664312584,4021.395374530618,1697.426877145308,2823.643569186752,2475.876752307527,719.8974192747812,198.4921777606495,828.253149233152
1927,3,5,1,32171.266564723024,47696.4693076103,8199.429110529232,8124.06768661333,1353.4745040618623,3210.6283111873413,922.8939311394812,3448.041489156196,4839.5475630448445,1852.5508326788506,2651.32233089888,2529.341147841789,715.2754882172401,203.94588384680443,875.0406606134009
1927,3,6,1,57893.20895458814,63960.20194949363,14199.004021732098,16092.99949665282,1218.79542431085,3210.6283111873413,3795.323691278229,6050.413787449463,5117.57470139523,2083.3027183822433,3482.207317971627,3829.59524723494,685.9135631770168,189.38373113759397,976.4247978003092
1927,3,7,1,33465.35124103029,52577.09517565994,10735.562266661444,16092.99949665282,1130.7746778858702,3210.6283111873413,2095.812235700942,3926.164618550154,4269.145685137064,1503.2218218943126,3628.5155824469707,3119.9445038435206,713.7242921773794,198.4921777606495,1024.7741320658401
1927,3,8,1,23393.99658629013,37505.986058331626,9276.608815927826,16092.99949665282,1156.1217177679218,3210.6283111873413,1364.4302021925116,3283.8987594319333,4907.8963719444655,1326.676621942284,3276.222231220382,2913.6907468491727,770.8811176869585,180.27907181043034,1155.7993164839795
1927,3,9,1,18860.681322703982,31319.781004363867,9188.135543544502,16092.99949665282,1241.4626009454728,3210.6283111873413,1289.9145594900638,3261.135963579652,4645.685486893149,1527.2306886149058,3501.393357480478,2909.2947854385434,886.7459647459773,187.56393546093085,1314.9037252480246
1927,3,10,1,27608.814301437378,54362.7359223699,9057.48900480349,16092.99949665282,1293.4647091994357,3210.6283111873413,873.6887365230965,3055.6443019401304,4634.501136345981,1527.2306886149058,3390.9853509818254,2909.2947854385434,1095.3026894522272,167.53292748199112,1456.8448760685742
1927,3,11,1,43017.26352181812,73807.111728794,8615.021990700196,16092.99949665282,1366.8100140312974,3210.6283111873413,926.8827659285568,2652.90988174525,4030.320260320836,1457.8717403109947,2908.038601872876,2896.2257109745924,1140.1132607670027,180.27907181043034,1085.6180494135845
1927,3,12,1,36301.687453154496,84449.41762352374,9226.182070234858,16092.99949665282,1389.4771906659203,3210.6283111873413,796.5616983831832,2899.750475300031,4626.593009696377,1397.3160431380045,4658.676427731253,2792.504783638139,1272.9621216094004,172.99610180787917,1885.77518050631
1927,3,13,1,56886.475378765004,108249.17547266094,14980.064992942307,13898.371509042361,1402.8127006353554,3210.6283111873413,926.8827659285568,3419.2225366091675,4707.368874759642,1766.7858254492194,4615.949235450761,2743.317539746671,1376.4648859425818,189.38373113759397,1508.3178561046693
1927,3,14,1,58988.35825363689,90323.11201438817,18862.21984598145,13898.371509042361,1372.137837392269,3210.6283111873413,910.9178612211696,3638.0795095747976,5405.5434846764465,1814.6701762974458,3695.019339026672,2908.2254975278192,1336.3079027474153,172.99610180787917,1609.7019932915778
1927,3,15,1,34878.99808851864,61784.86417108259,43180.794749864035,13898.371509042361,1260.1259342758792,3210.6283111873413,3539.923478164531,8734.335368131236,4617.668123906159,1325.40948730983,4608.062949272347,3634.15317911526,1180.2702439621692,172.99610180787917,1750.0813212268451
1927,3,16,1,26840.200343847908,43101.99778167935,23524.42914836059,13898.371509042361,1122.7829428443654,3210.6283111873413,2780.6100355814865,5362.622336626599,5119.721192914319,1868.9568916045707,4801.688930818542,3425.642036531629,1050.5079466684858,183.92245045965527,1862.4318061995532
1927,3,17,1,22139.096150957674,36153.34201351267,17283.993553638807,13898.371509042361,1022.7666180736968,3210.6283111873413,2650.327230240349,4566.446564268327,6365.025193741816,2074.499467251322,4577.694862197029,2973.68967961541,973.2647152958067,602.748141396824,1590.9769124628003
1927,3,18,1,17978.533538699237,30693.81838097847,17555.754458570304,13898.371509042361,942.7695098240762,3210.6283111873413,2696.8158083576454,4339.236271723849,4135.724291235525,2019.0123086082226,4871.488448786297,3410.3155764784965,900.6592435116755,704.7210833202296,2487.8327120866315
1927,3,19,1,16442.310347648112,26327.14077212919,19127.94161969206,13898.371509042361,1038.7660397236016,3210.6283111873413,12647.57160220809,11375.132936487154,5011.040938102065,2450.371614021362,10671.793080175223,6941.817116167926,1174.0971168647673,488.0309487929285,2302.261283245265
1927,3,20,1,17334.505372928164,27938.641540904817,16904.534808604854,9079.39291202874,1960.1285467020375,3210.6283111873413,8583.934203894642,7345.387155159322,4674.832582258613,2508.3930419294434,12057.778449601838,8338.069507987097,1955.7732927066957,378.76746227518794,2296.047579293092
1927,3,21,1,25435.596013508093,32246.01742753833,14058.090959915784,9079.39291202874,1984.2154127951387,3210.6283111873413,5569.255134047477,5213.933248123256,4734.256505368016,2677.255404530911,5766.523077161705,5322.915219390652,1509.3295753160132,482.55830622730736,1994.9348445306305
1927,3,22,1,22359.1307348953,29811.822925170636,13993.673560228308,9079.39291202874,4380.459799884882,3210.6283111873413,4448.268206152471,5322.421986153429,5442.598706691375,2739.144927632836,7799.77244204276,6344.679222934217,3451.252903381119,546.2984961092366,3041.5241156069005
1927,3,23,1,18189.52560548833,26221.715488189977,21375.504955662196,9079.39291202874,12985.373074892696,3210.6283111873413,8008.1836860177,6867.264025765444,4935.913734931455,3286.4137062693253,9566.182840258087,6362.144258808798,5536.8201504435665,529.9184413713054,2531.4965776963595
1927,3,24,1,16160.987591929093,23872.237731844605,20753.474439930145,9079.39291202874,6685.939771034349,3210.6283111873413,7798.02852938441,6030.783486439158,17981.950268683293,19355.148054577792,8951.523341392163,8073.955394047857,2861.0069816828923,489.8488508216491,2581.374147258217
1927,3,25,1,15308.981531751315,22253.20658564441,21734.833263293676,9079.39291202874,3715.1199424390356,3210.6283111873413,7098.499780882334,6292.033556267454,24893.652960384217,13746.41002346353,6961.001168791477,6273.749791525478,2162.8104784351262,549.953236646137,2372.459344110138
1927,3,26,1,13421.104896051242,22128.014060967744,18428.408919961155,9079.39291202874,2776.2107118166064,3210.6283111873413,5680.980770345934,5484.476385982961,10464.823995340748,6768.366293718507,6157.188507405994,5440.774509101679,1847.6644258469803,668.306233307467,2268.001942536098
1927,3,27,1,12255.62490807256,17763.2190464746,14676.095388167178,4432.829248059759,2426.8713956319207,3210.6283111873413,3587.8468889397914,4732.782040382005,9797.942972308496,5512.3024164532335,5873.517616508458,5233.451464196606,1772.0040475762023,551.7711386748578,2425.5277346204266
1927,3,28,1,11734.173085864952,16960.292553620664,13129.071273798363,4432.829248059759,5153.791765575912,3210.6283111873413,2655.6839388300014,4604.663001341529,9283.462847136832,4968.768350417774,6774.084415785114,5036.9401081663045,2179.7470066254305,471.63195757553814,2037.0872686385092
1927,3,29,1,10707.345027490508,15366.676431227714,11994.721126177154,4432.829248059759,4419.0625919016375,3210.6283111873413,1996.0435382186809,4345.501261407965,6974.628785183753,4132.592875576997,6318.2099923635515,5149.3341485560795,1832.1524654483737,453.4340008088864,2037.0872686385092
1927,3,30,1,9447.82286117145,20315.07569609508,13114.979967616773,4432.829248059759,4009.7453839884115,3210.6283111873413,1420.1973648312012,4385.806028375899,7077.773351341353,3294.016514064125,5710.259722037581,5961.5177216053935,1608.1787515296123,460.705608923762,2076.0488717979565
1927,3,31,1,8868.398456803216,14750.126779622351,14818.014971853709,4432.829248059759,3117.5742445267783,3210.6283111873413,1127.682813632034,4869.0455660118005,6732.640109707683,4132.592875576997,6149.302221227457,7144.863009430304,1487.6919734130524,591.821792745048,2136.8424077622685
1927,4,1,1,21495.067985186943,29727.106179148304,9045.914003297132,6833.021662921863,2846.397606392518,3361.7403161883017,3500.5134078263604,3098.246231792245,6135.011681477943,1928.1787628487007,2805.3991757887916,4995.713118720942,1332.1766561514648,220.15551026953977,1831.1953484941716
1927,4,2,1,22694.708593502783,29170.79954693678,7312.079429834495,8732.309255965192,2570.1164668345873,3334.117691618261,1795.3582771278075,3331.408264536624,5285.678879316886,2041.5539668069957,4901.032595514572,4235.330604455988,347.1196852464995,228.16564108357642,1685.5931504801672
1927,4,3,1,20109.553413270634,35706.225853951284,17801.345794878638,8732.309255965192,2407.729515293024,3136.4582189161574,6573.733650117552,3415.672375788212,6117.613802848954,2595.225109902237,4133.944132452824,4888.071469045302,817.749398034192,237.50132546022627,1719.0128014660654
1927,4,4,1,19344.9583521917,32729.84417704245,29953.084332794126,8732.309255965192,2560.0669796566813,3169.2421643401685,17368.171046838004,2826.867761974584,7879.092527415758,3234.9280254129553,3945.6149102801883,4258.498509187491,1830.8861829668526,205.47973868353213,1541.6199505293118
1927,4,5,1,18671.793186721123,27952.760998574522,22016.659386926305,8732.309255965192,2339.297293081512,3199.4454493371945,10536.45448482244,2817.4702774484103,5789.087627179243,3466.746971859436,4530.377145126178,4030.146135372263,1025.7204670927292,204.15418512092577,1427.791611643666
1927,4,6,1,18031.78391746024,27368.21545102222,13307.225644808985,8732.309255965192,2134.1601421164414,3044.8925637669386,4699.555232313405,3336.837922262863,5973.459951351554,3464.212702594527,3998.229386724597,4022.0670711582206,440.93538859605513,189.47841353492495,1444.535024725527
1927,4,7,1,16445.32452003084,25433.849750185178,10797.966622608692,8732.309255965192,2323.6647574714148,2687.5188846407127,2852.0647019469825,6503.790207591091,5919.910636610248,3591.859843992292,4912.803171900393,3788.724687093185,781.7869755590576,224.17004391629118,1461.2784378074311
1927,4,8,1,14862.884019111287,27191.25158155436,10526.2057176772,8732.309255965192,2740.957748859154,2577.888606502755,2380.196068505067,8047.796915245148,5905.450062165378,3772.9934051397922,4656.675429745626,3583.5402180094597,1028.8386877034843,344.2462602090107,1372.556821647338
1927,4,9,1,12937.832590691329,27434.10625348381,9035.144219286823,9083.994399893245,3159.845896941828,2331.0054256567983,1748.7740434999735,5157.757173955505,4713.243483127879,3533.17150311978,5010.96977895784,3373.3657386759273,994.4432897992175,264.201761507022,1568.389258906968
1927,4,10,1,14082.213371990896,26321.492989060764,9390.748395998893,9083.994399893245,2490.3586320892277,2165.1740982205656,1869.3956422776182,4299.975669703242,7461.091547368427,3146.3619837325696,3987.7535737413273,3499.066473065324,822.4504717468486,245.51145627426294,1601.876085070733
1927,4,11,1,12662.538179737774,35238.401156473694,9948.059555482427,9083.994399893245,2211.046694810957,2110.789069222742,2118.09996965429,3785.306767151916,5353.688768503062,3361.241340881786,4014.5904879009,3783.734676843276,875.6026789086133,262.85727146494946,1668.832943603829
1927,4,12,1,12865.492453506478,53101.397703819086,10610.75355476715,9083.994399893245,2114.2206834300937,2137.551473650472,1939.6067870062782,3291.6255800423532,5020.078797130144,3465.5465285234613,5088.184760048627,4032.1659014257734,1308.7187731813108,236.17577189761994,1699.0281860523846
1927,4,13,1,11234.825194463576,40219.74582257219,10233.307853473423,9083.994399893245,2061.4209968286477,2049.522279086379,1635.80488556463,5876.769156704342,3489.1784510163816,6050.234413587259,5688.131038432337,3755.576761861965,1535.4466514973453,277.53304305095025,1829.5159690476335
1927,4,14,1,10939.436300958712,31865.733367617282,9625.368643923164,9083.994399893245,1950.3980908631245,2017.5985538046784,1483.903934843806,4601.7393394889195,6090.8391454783,4451.77742036789,5164.22268350083,3579.6194956702743,1957.6727164289773,249.50705344154818,1861.256240586994
1927,4,15,1,10327.55930726987,32973.64014614997,10609.747032896936,9083.994399893245,1830.6018230755726,2101.326647657217,1412.7362350098715,4108.1625688741215,5626.51913791224,3147.5624270686176,5352.434199909621,3333.2080371412876,2106.144337387138,245.51145627426294,1811.042795135802
1927,4,16,1,14979.432017909294,33403.81295650675,13296.153904237633,10664.182895722099,1767.9121649657168,2281.7817175128926,2578.585597343239,3945.899336055142,4964.495964107611,2790.6306084892067,6168.723672264,3122.9147480399192,1042.9102517793592,214.81542306018198,1630.3247728949273
1927,4,17,1,22725.85504145755,27549.885806381124,12430.545095937472,10664.182895722099,1795.029828779159,2530.3853386435235,2745.6957742382324,5232.623800680919,4825.53888155128,4750.020898074715,5366.558891572606,2910.720502652774,1396.2822067783761,209.49427233028354,1565.0472938083694
1927,4,18,1,23700.43744519811,25298.302956549724,9944.637381124061,10664.182895722099,1851.9769227873264,2598.6294699342566,1651.970666844126,8938.365198844454,4960.315954307156,2962.560770727201,5693.898620861279,3059.5891417737766,1640.1523841879932,213.4898694975756,1576.769362345137
1927,4,19,1,21004.76261093376,24610.21471941435,8790.257448287455,10664.182895722099,1790.7229057029087,2922.358983494212,1289.3406264268363,7246.922400623749,4931.5077786552765,2562.6797572365685,6768.669950647711,3399.503887603727,1712.1722003244115,229.51013112564897,1471.3211268976609
1927,4,20,1,24216.86564676806,23234.97954232304,8537.519806701344,10664.182895722099,1665.3435894831975,2746.2050143501433,1082.342101641088,5724.738740369413,5173.496454131207,2629.104288496839,5070.646601233864,3893.396092572425,1604.2216187748722,254.84714065090597,1374.236201093876
1927,4,21,1,23393.99658629013,22415.109700264496,8499.372627823906,10664.182895722099,1520.1045724118703,2799.7298232056037,916.1789143002844,5009.590167925825,5288.729156738867,2629.104288496839,5373.50353164013,4697.975840479141,1183.6417210692232,294.8788582416368,1298.8992391226109
1927,4,22,1,19375.100076018665,22040.4734234112,8894.231157470509,10664.182895722099,1436.039814590261,2611.532772069077,758.5768951519442,4816.941735138828,6453.144319265238,2750.2156828428933,5367.618243447219,6044.684559103133,1241.4950019436442,306.88458622296554,1429.4709910901606
1927,4,23,1,20041.232172595974,20146.583501229175,8475.014798567014,8475.846738456987,1470.2399741290735,2613.2532123536994,755.7263609381341,4929.293883474252,6341.978653220172,2750.2156828428933,4380.655413498935,6044.684559103133,1393.163986167621,318.8903142042875,1324.0227556426842
1927,4,24,1,20888.214612135755,19867.01823935631,8194.295848991684,8475.846738456987,1504.4241821009268,2578.748826645066,693.0720015413419,5061.06749983045,7001.968308743573,2966.56224851393,3859.101173844592,5896.885207892856,1410.3537708542508,316.2392070790748,1327.364720741283
1927,4,25,1,20262.271480661064,19225.994861122457,8363.089566610135,8475.846738456987,1453.1398943596832,2490.6240520651427,637.0561345752747,4287.44569033501,5921.944154891615,3503.2938023119063,4728.005122643502,5430.200439762682,1712.1722003244115,274.86299944627143,1389.3002347292422
1927,4,26,1,17955.424883765198,19149.749789702768,8464.144362369827,8475.846738456987,1403.2752960768541,2399.1539769317533,605.7193893257934,4310.8349851558,5936.404729336485,4447.775942581087,4565.453462755825,5325.647844051277,1385.3446918442362,241.51585910697773,1447.8769898241255
1927,4,27,1,17700.22495536295,19773.829818732018,9260.101857257881,8475.846738456987,1417.5200453623916,2438.915263510082,580.0932780549656,4368.577306744541,6017.745460588917,5328.501203447866,4916.3343448161395,5777.24377166399,1918.576244812054,236.17577189761994,1300.5786185691488
1927,4,28,1,16627.17958712043,19958.324065624452,9896.424983545485,8475.846738456987,1619.881623678342,2456.979886498821,533.5664377334333,4388.103191260079,7155.385965744636,5303.692041169956,5719.676183146238,6236.799953722908,2634.658988111292,229.51013112564897,1406.026854016669
1927,4,29,1,15477.775185182862,20934.44923923397,11056.642743228607,8475.846738456987,1703.9463814999517,2384.5302345122586,484.19862874917595,4243.79959553557,7136.858354737172,4355.341805706859,4701.050502720083,6805.067073368087,2587.806536295065,221.5000003116123,1417.7489225534366
1927,4,30,1,14737.293503165434,20768.78093590228,11055.636221358594,10187.130684465714,1582.778278954799,2320.587203933133,431.9802855511084,4062.845810158928,7061.6181783287,4924.618712170503,5084.653587132881,7758.6342701635385,2583.057976989361,220.15551026953977,1268.771171851922
1927,5,1,1,7026.136296494817,7228.03277060366,17756.052310723422,11430.47148703147,637.695791923069,4913.673032950256,4237.252149924444,7176.128017193115,6020.908711248759,3219.989175008981,3845.211893709422,7759.822367842099,1721.1944630052358,178.05592912114275,1087.6165109549354
1927,5,2,1,6931.893173328743,7448.76695885048,17103.82613888796,11430.47148703147,2064.2922788794917,4913.673032950256,4868.961141461151,6391.855725234646,6627.349052030854,3290.9487144275986,4779.677952977144,8094.865913190078,1888.1854652556015,171.50958816981017,1087.6165109549354
1927,5,3,1,6748.129130396563,7205.6298977665165,16209.028196354606,11430.47148703147,2724.049087893147,4913.673032950256,7075.064180802584,6159.0069419744,6659.885344531884,3825.1459989606665,3979.984993326637,7761.010465520659,2091.7403741598487,157.10839553606237,1616.201191749652
1927,5,4,1,7392.7601306440465,8331.797841553653,14992.143255383875,11430.47148703147,3282.991993788682,4913.673032950256,5831.064266366693,5669.293581664853,6038.3065898777495,4023.7526797770493,3674.891653407054,7759.822367842099,1699.9842314397843,157.10839553606237,1470.4478495854803
1927,5,5,1,8689.557562096013,11415.110877886069,13909.12572313856,11430.47148703147,3259.3836747040386,4913.673032950256,8318.968439727989,5249.434856333299,8674.650068359786,5161.372814554064,4576.98862761383,7759.822367842099,1601.0559125710697,175.4370140110212,1643.4407263723322
1927,5,6,1,9707.443575734942,10685.605564918285,13301.186513588304,11430.47148703147,3227.799572144882,4913.673032950256,7133.31838671505,5218.10990791264,7965.743000847259,4021.885323476571,4064.1446144850693,8271.773657524554,1486.4573479935718,223.8859967243051,1874.0195243806306
1927,5,7,1,8961.938273079859,11288.977056031328,13395.799569379185,10139.237647508799,2555.4410252414373,4913.673032950256,5928.25026506464,5170.078320334367,6690.162172275823,3463.5457896300236,4573.928277753591,8827.090512473722,1875.3643551302139,223.8859967243051,2152.796512504293
1927,5,8,1,10819.874129778322,21612.183207411243,13209.593023407657,10139.237647508799,2176.112763192498,4913.673032950256,5209.112136903965,5836.359973241643,6701.798415774437,3877.965505745898,4305.323724629806,8743.92367497598,2052.169046612368,201.61669687251023,2253.7272172406115
1927,5,9,1,18656.72232480747,35217.69261855749,13706.814827245213,10139.237647508799,1809.2267233638186,4913.673032950256,4470.460284595333,7109.301460562335,12580.699767045024,6849.462910196906,7134.970287773437,9385.852850690628,1749.52753352923,191.144823727916,2250.536396292224
1927,5,10,1,13204.08448449669,26214.185110766084,12918.708202943903,10139.237647508799,1549.3597461964782,4913.673032950256,4421.867285246307,7223.115439824062,9985.139627427065,4332.6667649152005,11453.47705795546,9265.14212655114,2002.6257445229226,188.52969591368634,2375.48222711388
1927,5,11,1,12450.541388820879,19911.25920672293,12528.177717338798,10139.237647508799,1384.037706336298,4913.673032950256,4237.252149924444,7463.273377715749,7376.813511931875,3601.7301558663016,7097.539854866625,8797.74449981385,2346.421438255443,192.45144081105616,2566.0917942948167
1927,5,12,1,10493.338788318688,17468.593029753272,13414.923484911445,10139.237647508799,1243.9031906886726,4913.673032950256,7697.0163102652605,8039.756845150515,7453.635313670269,3769.525457724608,5958.383472249965,9385.852850690628,1907.9711290293553,214.720740662851,3171.5080847681706
1927,5,13,1,10272.299480253598,15133.234731077613,13105.921270785648,10139.237647508799,1103.7686750410792,4913.673032950256,8241.200509667513,8147.305834728127,7101.04583833858,4748.953837331554,6391.069860191547,9982.159075549383,1823.1302027675495,216.02735774599114,2723.1137725452104
1927,5,14,1,10085.420792526009,15602.942022911346,13143.162579979953,10332.68795364814,954.1748801926561,4913.673032950256,6559.959256601348,8186.9841027276325,7197.637956700773,5911.38313438655,8238.69723546879,11119.643792982732,2206.3389387373463,229.1124650568657,2729.4954144419853
1927,5,15,1,10954.507162872369,15088.993763710303,12782.827750478258,10332.68795364814,894.3405525666852,4913.673032950256,5549.263132346831,8415.656226198415,7948.34512221827,7378.058125828466,9647.399817320002,11669.020159539203,2083.351252719785,214.720740662851,2226.521270206843
1927,5,16,1,16042.430144875818,22005.645427824606,13477.327840858492,10332.68795364814,848.6871679584469,4913.673032950256,4830.029348675618,8713.243236194628,16609.325428798216,15054.893259735374,18103.14648134291,12382.354005734034,2989.8512241775024,213.39518710024464,2237.773112498587
1927,5,17,1,13023.234141534565,14860.258549451244,13840.68223597063,10332.68795364814,806.1762420391681,4913.673032950256,4742.600212051701,8974.284473033475,14657.147878739559,9048.008188837995,17133.250987153875,12322.949121807076,3354.69886416527,195.08361145680263,2501.939499437429
1927,5,18,1,28971.2202184193,25430.08456147289,13520.608281273682,10332.68795364814,760.5069058639704,4913.673032950256,4548.228214655756,9803.455857728159,14990.418930398893,7613.078254504432,11134.259026372894,10549.119287748268,3518.8407308322135,178.05592912114275,2777.5256666127034
1927,5,19,1,49917.708829954405,30337.06675050717,14707.297566140802,10332.68795364814,695.9509144210964,4913.673032950256,3731.904087797186,9761.689259834002,14990.418930398893,7613.078254504432,11281.155819667465,10540.921413766391,3928.957969534307,175.4370140110212,2737.388497840697
1927,5,20,1,28422.640844767113,24355.123184170654,13622.266990155262,10332.68795364814,625.094054033312,4913.673032950256,3615.3000204617156,9061.054580158694,14990.418930398893,7613.078254504432,13341.948333291415,9415.198863350599,3449.5117649690415,162.3443321083561,2771.1440247158853
1927,5,21,1,19911.62276013993,19111.15660540321,12785.8473160887,6370.431270668213,568.4181366632599,4913.673032950256,3265.3921629448705,9122.660312052603,14990.418930398893,7613.078254504432,13934.008325496588,8424.087779913298,3186.441579433383,157.10839553606237,2617.3128674139225
1927,5,22,1,16956.729100962795,17971.245722817457,12520.12554237789,6370.431270668213,518.0271366711271,4913.673032950256,3139.031233535474,9694.862703203222,19475.45647306854,10239.248125957705,13603.255129055891,8618.579369890193,1958.7807136002948,149.25165020569779,2723.1137725452104
1927,5,23,1,15418.496461656398,16914.16899189721,10515.133977106052,6370.431270668213,470.7945469349132,4913.673032950256,2915.484305428026,7341.106078875174,20282.085391321878,10255.520802290539,14519.00597187027,8465.07714982289,1683.047703249453,146.63273509557627,2838.3192025770154
1927,5,24,1,13811.942581675343,14255.004463982055,9450.233838522783,6370.431270668213,431.4260797045941,4913.673032950256,2896.0662367905543,6235.230983131355,19618.932485138776,10177.892133227326,14110.566971283406,8146.429352438766,1514.7429329245185,134.85045757194317,2910.364580833071
1927,5,25,1,12842.383798572439,13077.441694275502,9601.614727788361,6370.431270668213,398.3584814191853,4913.673032950256,3255.635300870892,6251.93762228905,19453.99155787682,10789.85146941642,13510.267575608155,6881.224134562511,1514.7429329245185,130.92303173073213,3061.0049171866463
1927,5,26,1,12419.394940866106,13248.757780675618,9364.780131749902,6370.431270668213,360.56921931684155,4913.673032950256,2828.055168804109,6090.0920554489685,18812.3035668853,11208.005898133251,14616.701755872335,6484.161890394681,1296.942346103186,141.3967985232757,3218.0268954369963
1927,5,27,1,11795.461257646686,12301.812819584267,8840.986150541468,6370.431270668213,329.0808261593443,4913.673032950256,2808.637100166638,6045.192962712673,18927.53626949296,11705.789734806736,15753.739434739522,6294.303881364191,1319.5613169293283,120.44926493819534,3126.6686535458834
1927,5,28,1,10299.427031698177,12023.18885488947,8000.439736807168,4082.177091203143,303.8933019467576,4913.673032950256,5607.5173382592975,5234.816547070335,18292.62667277243,10627.658236459623,15421.809180660244,6748.8700531732,1572.7228420470753,120.44926493819534,3189.1415689567334
1927,5,29,1,10299.427031698177,10031.404026192118,7361.499653657247,4082.177091203143,286.5699002400655,4913.673032950256,6453.016395829371,4625.024217814945,17600.10072474814,8790.846549741987,15108.711848798279,8366.70266203985,922.1385601044598,120.44926493819534,2952.0131911069707
1927,5,30,1,8378.595444613764,10389.096953840815,7466.379232523433,4082.177091203143,286.5699002400655,4913.673032950256,4256.670218561915,4370.2479706602935,16088.518802306871,7685.905150223528,12344.980513415121,9685.72870475398,1097.5186837948893,113.90292398686277,2674.915582429847
1927,5,31,1,7709.449175653725,8297.722883709243,7134.830928507007,4082.177091203143,259.8031708995353,4913.673032950256,3770.7402250721284,4614.582568341364,13973.659789743208,8302.666259756741,12049.539046131762,10743.610877725163,1465.2471164281205,120.44926493819534,2636.6257310489796
1927,6,1,1,10848.006405350015,15208.538505319228,6993.817214503813,2651.4899970121896,650.8717862230076,3115.1438753897824,2312.5676225607217,2365.9733542120644,10819.334015716082,4380.150967984842,5829.966483881044,11143.52455632135,2369.6893788533525,83.29589222627155,2648.5493251193475
1927,6,2,1,10402.913616837452,15162.414943596461,7485.100539307567,2651.4899970121896,692.9520198346421,2819.419306463187,2368.908718262586,2724.7484301232907,10092.125283671534,4162.4705763848715,6662.028528592496,10279.658734255616,1881.2209116072354,66.37614782356758,3116.4244389220535
1927,6,3,1,10276.318376764137,15821.3229682123,6847.26763021474,2651.4899970121896,624.5836038909354,2169.475198932172,2368.908718262586,3670.761872427076,10561.642060178805,4202.3519716595665,8322.62144509953,8875.802517293847,1645.2175141140776,76.78742423387136,3271.934975670554
1927,6,4,1,10492.334064191225,13984.85217388922,6892.460462183076,5541.412191736968,569.3592791132486,1775.2076337019362,2368.908718262586,4776.636968170896,10407.659536988434,4206.220066853483,8508.125728939496,8491.334108518626,1645.2175141140776,80.69212629971751,3202.408666584305
1927,6,5,1,10266.271135488136,13692.108751524036,7754.74774831175,5541.412191736968,536.4830996311912,1778.9352543186692,1729.7385969046015,5871.026249493889,10392.634096354257,4206.220066853483,10462.159114744261,8460.443568876588,1645.2175141140776,70.28084988941372,3109.87485908059
1927,6,6,1,9755.16797179456,13223.342756869057,7403.672920015139,5541.412191736968,510.1789657321917,2332.152385846546,2848.33413703637,6588.680817811026,9630.177714100424,4206.220066853483,11530.574333282399,7442.243858368598,1857.9529710093257,79.39119016041859,3142.958634177198
1927,6,7,1,9281.741962884602,12792.228649334204,7570.15163733232,5541.412191736968,485.1988118899474,2625.105134314549,3374.822066990625,6917.906025712113,7588.638332901868,4206.220066853483,12579.214983492335,6676.396094782393,1792.1062819703095,68.97991375011479,3208.9582464257687
1927,6,8,1,8784.403519738495,12184.150672331487,7206.495285659342,5541.412191736968,465.48267514086933,2355.473909705033,3609.8476563615773,6900.781720575519,6584.419221647689,4206.220066853483,11915.35447533378,6469.310669412994,1556.023741822036,80.69212629971751,3180.9126096687314
1927,6,9,1,7671.671548457085,12500.426524147091,6792.11023173235,5541.412191736968,445.7505868248639,2269.9297955520424,3149.170717651552,6480.1920797808525,6098.973218603488,4206.220066853483,13246.606664566514,6614.733825266152,1350.2053529820796,76.78742423387136,3020.531872525305
1927,6,10,1,7220.248997940682,13153.686765695187,6368.666480974439,5541.412191736968,432.6064956588438,2255.019313085163,3938.8069570724488,6018.566756555141,5412.321878947436,4206.220066853483,12532.132677949176,6756.830307619406,1130.6636277486691,83.29589222627155,2511.3440243379896
1927,6,11,1,7408.0319373834,13198.869030239885,6383.160395904157,6014.144638875653,418.13842443603653,2778.511059695058,4681.476340823359,5102.103182261496,6081.801286450222,4206.220066853483,11197.937844619924,6192.721529849084,1130.6636277486691,67.6770839628665,2225.3457045942837
1927,6,12,1,7289.173073092093,13993.323848491864,5617.7005136805565,6014.144638875653,406.30236175981236,3172.778624925242,4869.535074524326,4442.608601511998,7453.861260145992,4206.220066853483,8475.992055406366,5949.161505748558,1015.4002648683431,84.59682836557047,1980.660119235144
1927,6,13,1,7316.099679710625,13827.655545159489,5594.147901919918,6014.144638875653,403.6703532132293,3368.04859723202,4737.913092035762,4051.3599957380225,8051.715634851454,4206.220066853483,7717.966936161492,6020.803795764516,1064.8011101786187,74.18555195526667,2101.4075014404984
1927,6,14,1,5909.887790766943,13075.559099919357,5029.589784971526,6014.144638875653,368.1781167515479,3397.869562165779,5358.334733329989,3549.847571523356,8802.422800368951,4206.220066853483,7767.874180037322,5304.61851514112,1044.2081913229213,74.18555195526667,1759.1499702381159
1927,6,15,1,6885.675863460663,16311.738797962922,4728.337789245796,6014.144638875653,344.5059913990996,3289.9597243124435,5339.490597755693,3124.454771970798,10846.108673086595,4206.220066853483,8378.884800223532,4719.480408460639,1019.5156829332867,70.28084988941372,1673.1321549869524
1927,6,16,1,6167.499057075167,13129.213039066697,4845.899543675433,6014.144638875653,333.9779572127353,2930.1009647750625,5461.738340212325,3330.990598557645,10846.108673086595,4206.220066853483,8428.79204409936,4614.809002981401,985.2152562151418,63.772381897013545,1712.7990975139357
1927,6,17,1,5217.733339285196,11559.129346124166,4768.095403115334,6014.144638875653,314.2618204636572,2663.2415606240857,5348.96049329811,3136.77591834958,10899.5450145899,4206.220066853483,7024.091458219278,4524.394769644568,900.1369019880441,53.361105486709754,1689.6236611518239
1927,6,18,1,6675.889465624388,12360.173244621279,4656.874736467423,5230.670899011272,294.5456837146111,2683.69568400815,780.2428682868475,2309.797280044312,9556.406189783871,4206.220066853483,6343.634437356851,5357.488861836102,900.1369019880441,52.06016934741082,1534.2474747590566
1927,6,19,1,5378.489199696013,10988.703256241572,4993.354997647436,5230.670899011272,274.8135953986056,2175.018839849357,488.82835545876156,2279.3076635815305,9556.406189783871,4206.220066853483,6101.042858045716,6056.090296817081,871.3131470024591,48.15546728155786,1507.7972484762565
1927,6,20,1,5558.234346118001,10596.182333006282,4850.428892090894,5230.670899011272,260.3455241757984,1301.895395394087,488.82835545876156,2070.8923400894805,6162.01228532418,4206.220066853483,5940.492196143666,6700.633287424519,817.8127121582735,58.56674369186165,1426.783983975752
1927,6,21,1,4758.272995748408,9586.170460987558,4374.545351899787,5230.670899011272,241.93741591658014,1829.1147626207153,150.4087247565059,2297.3717171707654,6173.7615020606545,4206.220066853483,6497.946693774576,6885.8577155088105,817.8127121582735,50.75733956016254,1669.8237774772656
1927,6,22,1,5171.716974242816,9947.628577348542,4207.160764899474,5230.670899011272,230.10135324035596,2791.605521861486,329.0166940171734,1785.4176434825997,6142.806834889547,4206.220066853483,6513.954677659218,6277.551704096827,658.6410042312925,36.44136108400579,1745.8828726105437
1927,6,23,1,5662.122820908676,9466.625719378635,4222.5605495123245,5230.670899011272,215.64923358450795,2344.2910478548333,9.400545297284827,1866.3404269026,7447.421785588587,4206.220066853483,6695.927788583561,6885.8577155088105,598.2551583938291,20.824446468550107,1678.0863243541787
1927,6,24,1,4211.904015177191,9395.463652719714,4226.184028244652,5230.670899011272,201.1811623617007,1515.7078907685957,56.40327178365712,2143.2529709411847,7447.421785588587,4206.220066853483,6789.621576614372,5251.629358678302,577.6780680691382,9.11052963579502,1699.5319998863633
1927,6,25,1,4188.895832655829,8856.382758865944,3940.2311649446897,4382.870236959595,186.71309113889342,1272.0744304603277,56.40327178365712,3021.708941151077,7447.421785588587,4206.220066853483,6872.486434370377,4986.089527524833,577.6780680691382,9.11052963579502,1565.6686642036043
1927,6,26,1,5754.055078581104,8267.977892883415,4013.505957089124,4382.870236959595,176.2010085194564,1401.3941918558164,103.40360688233632,3051.154392666533,7447.421785588587,4206.220066853483,7223.955845250042,4673.144598997634,535.1468052211063,14.316357205743895,1372.2377395525255
1927,6,27,1,5100.783450836481,9528.751333127933,3436.2656645772813,4382.870236959595,165.67297433306013,1090.7591404623413,103.40360688233632,3279.617683147785,6010.176253652898,4206.220066853483,7877.575951952898,4508.9494998234995,535.1468052211063,3.904512701055982,1365.620984533195
1927,6,28,1,4455.650088524921,7366.779974644421,3381.1082660948914,4382.870236959595,156.4737056735164,1031.2127906105998,103.40360688233632,3313.866293421052,7882.707671027045,4206.220066853483,8267.417441850142,4229.152496527621,535.1468052211063,3.904512701055982,1387.1170414487253
1927,6,29,1,3468.810050427741,7207.700751558547,3296.0571680701373,4382.870236959595,145.95524242731486,1034.9404112272807,103.40360688233632,2673.3755147134307,8515.809695941933,4206.220066853483,8096.155555436884,3769.5963144687025,535.1468052211063,7.809025402111964,1375.5461170621686
1927,6,30,1,4088.021530247884,7542.237768627917,2861.742981114836,4382.870236959595,135.43518402438224,1038.6680318440137,18.801090594569654,2997.9019803513897,7666.7028402565975,4206.220066853483,7265.859097183368,3769.5963144687025,488.4842957771239,7.809025402111964,1332.5540032310646
1927,7,1,1,3864.7718291025176,13609.27459985853,712.637614479736,521.9777580800865,337.48730194153404,399.2950740619821,355.2167383512286,824.6919170705789,2296.9718719787434,799.8954095740779,2058.2029868189697,1927.0944345903367,359.2443400070452,9.837690447280528,1215.8371316973667
1927,7,2,1,4633.787676342693,12500.426524147091,832.5848257415422,521.9777580800865,317.8987777280661,389.86132650117486,0.0,721.7268116118362,2195.2959579132025,746.0488568235284,2248.8863242687707,1807.2153788256978,315.22519524323405,9.369201945299418,1019.6184371650137
1927,7,3,1,4940.329007663696,9907.15279869352,1547.0241143688152,521.9777580800865,311.88503698826236,196.35002648541354,420.1476988986036,798.2118940056217,2270.9880272731207,669.8607197635718,1229.78982078711,1687.4551328289967,310.9673203991207,10.306178949268455,1061.4349853835586
1927,7,4,1,3604.8496973006486,11650.435172392314,1632.5784733287785,521.9777580800865,296.810806221387,80.23751167499236,443.06675922148025,534.4349450047915,1629.3000362816006,664.6054456035963,866.114322195418,1468.8451599778136,275.4639253235092,7.0269488001704,1154.7245136381987
1927,7,5,1,3893.5069391509646,10502.993912381991,844.9348490877642,521.9777580800865,277.222282007919,46.2549928527291,752.4549424780406,494.2241528821301,2132.821757381819,669.8607197635718,317.7349389579368,1569.8334626536414,254.15872257193558,24.82761822762592,932.7777259850587
1927,7,6,1,3872.709149710225,11696.558734115079,1168.6725433921567,886.190217949469,262.1640028080028,208.6129425142483,362.85961364249704,503.04734668725814,1484.8072650706156,526.7011828124453,849.6355152552694,1922.4608536440362,237.12722319550917,10.774667451249563,894.1855863038128
1927,7,7,1,4249.782114786509,10975.525095749255,967.5292128680719,886.190217949469,242.57547859453484,461.60368637069104,813.5596826042649,522.6672060480695,1697.9877648948063,659.3635097029759,1162.6622236590008,1744.9590604702792,237.12722319550917,8.90071344331149,911.8694518757643
1927,7,8,1,4258.724159521678,9949.511171704002,1008.1323051085756,886.190217949469,230.5160939810409,451.2141386517953,301.7453079652398,469.7071599182354,1850.9535289445628,378.2730334420621,1134.4128403330317,1862.461920877799,237.12722319550917,5.621483294221251,1026.0504604452212
1927,7,9,1,4163.4763122284885,9401.770343812384,485.9688893294963,886.190217949469,227.5012478276594,486.14863443161,297.928653095122,556.0073928170924,1629.3000362816006,492.54190077278935,2144.128194435214,1712.0487547747305,230.02021276797333,2.3422531451264144,1067.8670086637662
1927,7,10,1,4170.408908708389,9409.488980672159,796.4305601668735,886.190217949469,212.44296862774326,167.08342564333083,324.66436828806434,503.04734668725814,1240.672098075457,503.0524490926665,1343.8467059654774,1498.1911726376834,218.67115602735802,0.4684695655047484,1093.5951017845532
1927,7,11,1,3212.90681513641,9390.19238852306,669.4276305956452,886.190217949469,203.39843016759886,52.86243934587823,328.48102315823417,431.46983954604866,1418.830894165946,396.66649300186543,1996.9959896128264,1595.73399204577,262.6903007911962,0.0,1211.0005188913528
1927,7,12,1,3454.944857467593,8988.070234071169,660.6004337946683,886.190217949469,192.85444441427526,67.02166288846783,366.6762685126148,485.4009590769216,1520.6197814693476,354.63763798156464,2370.005555278507,1574.5858533677774,249.90084772784925,0.0,1090.3874870416882
1927,7,13,1,3135.4425849008826,8313.63080601783,744.3933794818057,1187.5595006982562,185.32530481430123,67.02166288846783,309.3881832565082,484.4194440264707,1359.9718372457098,412.432315481718,2018.1830271073031,1587.536118063893,627.6012549030456,0.4684695655047484,1249.6094523670326
1927,7,14,1,3435.1517921543154,8718.294462850105,820.2448676138454,1187.5595006982562,174.7653674940184,126.49059292740898,232.98812699660985,520.7041759470069,760.9877301617729,327.05411777146344,2287.6115205780093,1592.1696990101937,366.33552190354715,0.4684695655047484,998.7101630557192
1927,7,15,1,3724.914230545117,9170.5877568902,525.6560466681386,1187.5595006982562,164.22138174069482,391.7442528126864,343.7572081897903,405.97133153162264,324.0298408030761,336.2441784217613,1960.5072028169056,1528.7252829761132,281.14636795932034,0.4684695655047484,879.7093354747697
1927,7,16,1,2977.7008968727964,7465.710308054399,440.11175292690376,1187.5595006982562,161.20653558731334,416.28920087360535,343.7572081897903,423.6281607914519,593.3580398389669,300.7777469717339,1499.2183142578167,1371.302340569727,237.12722319550917,0.0,894.1855863038128
1927,7,17,1,3762.5913853287343,8320.031626828442,854.637719915688,1187.5595006982562,152.17156806736364,401.1875583750662,317.02149299679587,480.4933838244261,733.6256119542682,373.0177592820868,1964.0383757326517,1263.185451822644,198.7905210675091,4.216207153063266,797.6884433063511
1927,7,18,1,2141.268060672402,8096.473547048093,655.3161939765972,1187.5595006982562,144.63923815399136,366.2626205968763,317.02149299679587,540.3135936583257,423.62704729216125,294.2153234014605,1818.0832285488461,1377.1240191945872,170.39413641943352,4.216207153063266,643.3030907870206
1927,7,19,1,2689.9479067372645,8420.279776287583,851.9905673973899,1187.5595006982562,140.11856408063426,233.15789057516724,324.66436828806434,561.886041470707,801.658095787989,584.4958603125986,2202.9810763641935,1470.033257656373,154.77137630369796,5.153184157031695,651.330524541422
1927,7,20,1,2741.590726894398,7890.894243367676,906.6749006007558,1062.2863412857148,134.09206208726954,242.60119613749478,168.05716644923484,471.67019001921744,251.79475252135578,455.7683199123904,2349.9955754226125,1477.0430339596908,136.31214342934,2.8107416471106257,561.282198618602
1927,7,21,1,2451.828288503597,7878.092601746452,858.1706116798651,1062.2863412857148,126.5597321739292,264.3074177287093,198.61910206337993,374.5941748636624,839.5380224391946,378.2730334420621,1541.5923892466476,1448.8851189783804,130.6328664997357,3.7477186510790546,585.3980874707178
1927,7,22,1,2610.57470065949,8771.007104819373,813.189149304423,1062.2863412857148,125.05230909725444,235.05037488825133,190.97622677205936,460.88396611302676,556.8902786607501,323.1059930218597,1889.8837445021056,1424.1726872647089,117.85291055500912,2.3422531451264144,455.1286238035466
1927,7,23,1,2203.7619014072975,8046.396537177151,672.0647178954181,1062.2863412857148,119.02580710388973,246.37660676214264,213.895287094936,618.7617061531738,433.4444216614286,679.0641186731508,2164.138174290986,1394.826674604839,102.23489899855672,2.8107416471106257,363.46809361205527
1927,7,24,1,3115.6495195879506,9504.277606499441,881.984919126837,1062.2863412857148,116.01255610720739,349.26849378525304,213.895287094936,621.7062513046873,396.27622640849864,483.3518401224916,2082.92119722907,1012.9126758384405,120.69413187291465,1.8738593255395273,484.08112546167615
1927,7,25,1,11041.918161970527,9504.277606499441,951.6563629761979,1062.2863412857148,109.98605411384268,389.86132650117486,229.1714721264921,519.7226608965561,209.71222142201094,332.3093919314388,2098.222946530637,1089.2835946148855,99.39526053375455,2.3422531451264144,498.55737629076276
1927,7,26,1,2524.26889810147,7917.909472377232,693.2318728238884,1062.2863412857148,106.97280311716032,457.82827574609536,217.71194196505377,583.4584892830884,514.8077475614053,365.1481863014418,2087.6294277833986,1163.3139609647358,103.6547182309713,1.8738593255395273,474.42469364416945
1927,7,27,1,2768.3163886875764,6681.986277632297,842.287696569466,1736.16954364293,105.46538004048557,455.93579143295904,301.7453079652398,587.3845494851331,523.9246878559595,300.7777469717339,2035.838891685911,1084.5906087847184,103.6547182309713,1.4053897600347756,474.42469364416945
1927,7,28,1,5084.205502731635,7508.068681065563,861.6934382253137,1736.16954364293,100.94630112379564,419.1183693416851,160.4238567089472,508.9364369903655,523.9246878559595,395.3460053322862,1609.8617322842833,1176.2404637072025,117.85291055500912,2.3422531451264144,537.1495159719651
1927,7,29,1,2325.835882906689,6801.4368895239595,634.149039048127,1736.16954364293,99.43887804712087,406.8554533127981,179.51669661067316,470.6886749686862,227.24566793640614,285.02526275116264,1919.3101854666565,1135.120403053003,88.03512382141552,3.7477186510790546,572.5340409103025
1927,7,30,1,2837.8432983153957,7461.850989624852,668.5418913499697,1736.16954364293,94.91979913043093,360.5947256591444,145.14767167739112,645.2417292180506,443.26179603069596,416.36710197204036,1953.4448569854133,1070.4878893404652,115.01327209017994,2.3422531451264144,361.8558893433839
1927,7,31,1,3038.2857617651002,5489.739271948373,865.2263299892875,1736.16954364293,93.41237605375616,468.2082654634185,137.50479638612268,581.5059008315184,726.6212712075559,634.4076265728255,2115.8788111093672,860.1470763319016,120.69413187291465,2.3422531451264144,363.46809361205527
1927,8,1,1,2718.683016785712,8593.854975915621,163.65039086222646,573.5801577031958,176.55194299233628,109.37221209523841,1.7477218328841608,93.40368703572923,592.3751726696,0.0,908.9356790868882,591.7439297730956,107.99015287706959,0.0,953.6692062998752
1927,8,2,1,2496.638984593161,6363.074793718366,158.5070641059316,520.3813235148497,171.12841022964147,54.30665338480337,27.963931948188673,69.3388174940672,262.33515561288067,48.77401274286722,520.1653116406906,620.4840126170146,86.69603009721965,0.0,808.2013586416044
1927,8,3,1,2408.725623430925,10743.02469277791,99.21889986859473,520.3813235148497,162.97715951867195,17.763545938917417,0.0,70.15431031795156,262.33515561288067,2.322591090030762,545.6721506686566,625.7948092400085,79.09200379567949,3.2462806748243263,822.7447846485142
1927,8,4,1,2222.751187418122,10148.124876266826,101.48760016383716,520.3813235148497,153.46524014693142,14.972609477166634,0.0,64.64842855054778,262.33515561288067,38.71029610915566,598.9928616963865,485.3141397295631,77.57088196475618,0.5410341548177435,704.7515847354787
1927,8,5,1,2203.2595393435668,10340.149500583833,185.26041541362562,520.3813235148497,145.31717974932823,10.65812756335047,4.369352409965666,76.68138540386867,0.0,27.87162661074066,376.3994916647138,578.9718797287845,74.52863830290957,2.1642502381477713,656.2511063197367
1927,8,6,1,2737.2704131458286,8437.317255210131,241.05192267414623,520.3813235148497,139.8840760465026,11.927430173352205,6.990982987047182,92.17992571740484,626.2219547297382,0.0,467.6096880782046,510.85823981818544,65.40190731736972,2.7052654564860488,556.0425347454312
1927,8,7,1,2585.4565974701814,10110.472989146017,184.6464370728547,520.3813235148497,134.45256750034414,66.99490048403341,0.0,72.19460862508357,395.6209816290139,40.25753418670443,489.24400747519786,408.6818394637982,76.04976013383288,2.7052654564860488,499.46424119189857
1927,8,8,1,2805.6921262331634,7749.134888357497,179.91578428330763,520.3813235148497,127.66198545011376,50.49970135500146,19.224844506215234,66.68768269273238,154.44571346551828,28.645245649515086,405.00199228209794,457.6433447963682,83.65378643537304,2.7052654564860488,557.6547390140589
1927,8,9,1,3614.4950489252487,8647.697174498164,184.44513269883137,369.940842720929,124.945433598669,38.573226981807395,0.0,68.11505617576695,595.5497206532838,0.0,448.2824016526408,291.61857519740255,88.21715192814297,2.7052654564860488,459.0583717084247
1927,8,10,1,1935.9024489977203,8399.759497807267,146.55964950764988,369.940842720929,123.58795525132813,56.5910157627789,5.2432611541630205,76.88499756860291,210.50303408704127,25.548101842559674,427.4131697206462,408.6818394637982,104.94790921522298,2.7052654564860488,442.885947638366
1927,8,11,1,3128.610460833313,9096.131150108713,135.4476480615647,369.940842720929,122.22888174725618,46.43946228324889,5.2432611541630205,78.10875888690323,359.66160002117385,0.0,488.4671494337656,371.4349772415888,68.44415097921633,2.1642502381477713,484.9208151849452
1927,8,12,1,2494.8304811635912,9348.869442407911,185.26041541362562,369.940842720929,122.22888174725618,53.03830657495899,5.2432611541630205,71.58272796593344,459.08934665346675,17.031623286396805,415.8191519807173,388.4604169750452,60.84012467767617,1.0820872461149533,530.180091268867
1927,8,13,1,2378.1820099529077,8937.899094482966,188.96441589565399,369.940842720929,112.72334300231209,47.20123500928158,5.2432611541630205,73.21371361370217,372.3484946317871,17.031623286396805,473.0123826392974,345.89087715306846,56.276759184906254,1.6231214009326969,507.54205632968916
1927,8,14,1,3650.5646451049975,9567.344517426813,208.31983145784355,369.940842720929,110.00679115086736,108.61712997032973,5.2432611541630205,89.93705941047247,542.6556506916024,22.4522918615332,588.9525600391995,337.3840977746759,59.31900284675286,2.1642502381477713,515.6366652619572
1927,8,15,1,1935.9024489977203,8761.782392474546,209.34648376531266,369.940842720929,104.57368744800978,124.09153453051087,15.729592151467985,77.49687822775311,465.43844262069445,34.06458039872255,549.532899723196,450.1939723519263,59.31900284675286,2.1642502381477713,449.35155850748527
1927,8,16,1,2530.9000773433395,7362.638267061043,195.34576455219204,551.7935212834946,100.49965724922414,124.34960057317804,11.360048430481264,78.9242517107876,340.6143121194908,34.8381994374969,624.4997007243527,432.0992447078479,56.276759184906254,1.0820872461149533,497.8520369232273
1927,8,17,1,2957.5059419084646,5676.492632068043,143.26832299236915,551.7935212834946,101.85713559659696,113.43436276732324,11.360048430481264,75.86484841503699,280.32049507872176,39.483915147930006,505.4756323112209,369.3082823970161,57.79788101582955,0.0,581.9049782219516
1927,8,18,1,3159.1540743113305,7853.524745400016,109.92225343541274,551.7935212834946,99.14217890185132,89.83470106280474,0.0,65.87218986884803,539.4811027080585,78.19421125704821,658.5048959028297,315.02409946457686,59.31900284675286,1.6231214009326969,581.9049782219516
1927,8,19,1,2726.1179753296897,7105.005229436283,163.65039086222646,551.7935212834946,99.14217890185132,72.07019932374632,14.856257340333837,63.62827939698177,736.2352937486446,56.515538434326814,805.3663774683471,467.2194120854847,54.75563735398294,0.0,699.8981781349872
1927,8,20,1,2746.5138751193754,8448.706951064249,170.85708745225998,551.7935212834946,99.14217890185132,62.93466141228397,9.612422253107642,66.48407052799814,235.8881206319701,107.61307594533801,629.9141658617566,475.73807244054865,77.57088196475618,1.6231214009326969,594.8361999601901
1927,8,21,1,1938.6152041420744,10328.85393444766,192.26580762963582,551.7935212834946,100.49965724922414,70.80185251390193,11.360048430481264,91.77270138791881,897.0301031813905,36.3867713409746,873.3767678254238,586.4212521732264,51.71339369213633,0.0,615.8452368362629
1927,8,22,1,2121.8768850105234,9531.575224662149,193.0810903444301,551.7935212834946,96.42562705043852,64.20396402229603,11.360048430481264,72.39822078981781,665.3671816449643,62.70982604823764,694.063807164294,441.67531199686243,56.276759184906254,0.0,628.7764585745448
1927,8,23,1,2529.995825628555,7641.544620909671,179.09043634981202,391.7462607237509,95.0681487030657,65.47231083214041,12.23433979672074,31.406393286548703,0.0,23.225910900307625,761.3091100563721,502.33957946301956,54.75563735398294,0.0,504.3176477923465
1927,8,24,1,2008.9458930716555,8820.519336383335,122.07097240771778,391.7462607237509,90.99252334758096,64.45725106422917,12.23433979672074,38.74791703140286,628.3458516012822,51.09620368511935,801.4938578374969,408.6818394637982,60.84012467767617,1.0820872461149533,559.2669432827303
1927,8,25,1,2261.6340111552468,6093.957930521545,115.6896237511797,391.7462607237509,88.27756665283532,68.77173297802722,12.23433979672074,18.76259993902501,404.08267714408345,41.032487051407706,692.5218616578632,399.10577217478374,57.79788101582955,0.0,724.14841734288
1927,8,26,1,1909.0763147915188,8332.927398167612,221.28383314508613,391.7462607237509,86.91849314879532,93.38741025062467,12.23433979672074,4.078717117358755,248.58631256642545,0.0,772.9031277964237,408.6818394637982,54.75563735398294,3.2462806748243263,598.0606084975328
1927,8,27,1,3236.9197217852347,6433.201433481272,227.66518180152312,391.7462607237509,85.5610148014225,115.46065910252717,12.23433979672074,56.898636311277734,388.2212345497864,0.0,544.1184345857922,279.90393208694,56.276759184906254,0.0,560.8959413458791
1927,8,28,1,3208.2850841494637,8471.580472490428,214.28850614762857,391.7462607237509,86.91849314879532,95.16328694439855,626.572290621229,68.72693683491707,1076.8496058682754,20.128767093352216,588.1757019977672,429.9725498632753,60.84012467767617,1.6231214009326969,523.7144803997478
1927,8,29,1,2343.0166654879445,9415.795671764827,192.26580762963582,391.7462607237509,85.5610148014225,71.05513955578284,626.572290621229,73.41732577843642,0.0,31.742389456470416,705.6578249043455,475.73807244054865,54.75563735398294,1.6231214009326969,431.58372396323284
1927,8,30,1,2839.0489672682115,6643.487223051362,198.64715628617392,290.85159620134505,81.48698460263688,66.23408355817077,626.572290621229,75.04935559115255,852.5977287347787,14.709432344144753,734.2603255218525,497.01690186315034,51.71339369213633,1.0820872461149533,438.04933483235214
1927,8,31,1,3447.911788574324,7334.964130027246,123.09762471523653,290.85159620134505,80.12791109856494,62.681374370403056,0.0,65.66857770411377,23.27135726484933,33.29096135994812,502.37997072180286,466.1620051515341,48.67115003028971,0.0,525.3266846684191
1927,9,1,1,3548.283728918537,10143.418390377152,220.8510287407735,901.3657371105929,60.982840446302134,87.58474749055297,104.65669407025756,76.82548016660374,335.29327261671864,439.33558446810764,1135.2132395273313,785.2612796535539,207.43289900387174,20.13515861599699,634.2848231591391
1927,9,2,1,3233.001297687719,9398.852322560908,261.1420992015043,901.3657371105929,59.59664927840905,92.01966022433199,74.42476996745256,68.07955456755683,651.2116349422917,447.0450983372305,998.1448775148754,1047.022960189322,197.47675299294045,20.13515861599699,650.1717527232968
1927,9,3,1,3419.7795130026293,10664.89702700208,255.8377289461795,901.3657371105929,59.59664927840905,96.08658989715086,158.1568211093973,62.763710820571724,518.4454858202372,383.1815128605043,886.8423072108221,1528.1312341369355,197.47675299294045,24.78027702896043,1603.9753093789056
1927,9,4,1,3419.7795130026293,8420.938684312508,298.94706064318785,901.3657371105929,56.82426694265484,99.04001238577789,81.40188290546277,61.5629211311133,32.94751508675504,515.310309379417,1491.3320280794028,1517.79478433361,183.37353185502482,17.036771845799045,1068.2532659364456
1927,9,5,1,3419.7795130026293,9224.994733779722,333.93376084839036,901.3657371105929,59.59664927840905,97.55852214067811,116.28840415065366,62.763710820571724,566.8997075343541,515.310309379417,1747.9305932895525,1423.578638425429,188.3595191259939,23.23127300865844,770.986310106518
1927,9,6,1,3419.7795130026293,8281.438442529563,351.59821966886926,901.3657371105929,59.59664927840905,100.52150263092987,104.65669407025756,66.02150545631979,859.5568801864024,515.310309379417,1565.1335420182884,1251.8985238765322,181.71153609800808,23.23127300865844,699.4615394789187
1927,9,7,1,3335.382686286856,10124.592446816405,253.72403301886965,901.3657371105929,58.21045811054792,102.73895899779328,120.93726196240935,58.1338834439989,262.61758870753437,515.310309379417,1451.5474798954276,1330.5505901958077,180.8884524850302,17.036771845799045,534.1266329682228
1927,9,8,1,2976.9975899833657,8864.572044314755,248.77194541782518,704.4314473025057,56.82426694265484,116.40690125909532,120.93726196240935,58.81989981441124,250.0210726870984,613.3065003773102,1961.0957316361353,1337.7979860348985,165.94631920310277,23.23127300865844,584.9950364035608
1927,9,9,1,2703.9135721104344,10000.34121931781,262.19894716515927,704.4314473025057,55.43807577479371,20.694985023913937,120.93726196240935,66.02150545631979,595.9677216333432,600.0882854216476,2111.0528747911935,1243.5818401268195,166.78523134711457,23.23127300865844,707.4050042609757
1927,9,10,1,2822.4710191633644,9335.408892761763,309.9080838087283,704.4314473025057,54.05188460693257,30.67353867483119,69.77304249038177,71.50963641961854,286.8390509026018,1364.2371601007183,1319.1284955552544,1280.8881072328957,160.1372483191288,23.23127300865844,604.0727869161059
1927,9,11,1,3143.1789606832367,9588.99435252109,370.3295916717317,704.4314473025057,52.665693439039494,99.41277444747206,72.09938450646099,75.28220437441279,330.4467207129367,1364.2371601007183,1792.4233720278557,1251.8985238765322,170.93230647409888,23.23127300865844,577.0515716214602
1927,9,12,1,3631.7763039195265,8942.417320937435,304.6037135532,704.4314473025057,65.13981879321837,132.3018578888855,67.44765702944234,71.50963641961854,683.1830612540131,1364.2371601007183,1682.3684828207413,1128.7521994959566,167.60831496009249,23.23127300865844,623.1505374286945
1927,9,13,1,3096.4592887510803,8674.430014353891,245.9436189628191,704.4314473025057,65.13981879321837,94.60701125238649,151.17396884075688,64.82175993180869,415.7302179663991,1364.2371601007183,2082.92119722907,1133.9323053744436,184.2124439990096,13.939142534782206,546.839535378427
1927,9,14,1,3515.9316120109506,9502.3950121433,192.94017728261377,704.4314473025057,60.982840446302134,77.97704430100035,88.37899584347299,72.53813889276341,367.27599625228225,822.5037590693306,2109.8758171526115,992.1922523246966,178.40337311506258,20.13515861599699,503.93139051966716
1927,9,15,1,4060.2911443272433,9793.255840152342,262.9035124743304,850.5615547701944,63.75362762535723,76.86831611759476,102.33226516440578,68.42308483523666,235.4814169757527,437.1347716853774,2032.5431302979796,1045.989315208918,174.25629798807827,15.487957190287217,308.4012415603721
1927,9,16,1,3217.7294909487105,10145.300984733294,137.10840914725688,850.5615547701944,62.36743645746415,75.38969327294586,109.31511743304618,72.70938194412966,640.546961289203,453.6475366854212,1736.160016903732,1035.6409844289215,155.16392387295977,12.390327879270377,462.6018623405799
1927,9,17,1,2473.932219310175,9699.12612234998,151.59225885823184,850.5615547701944,58.21045811054792,116.40690125909532,74.42476996745256,70.99486310057246,361.4578745029756,453.6475366854212,1323.8367261095827,933.2150835619879,152.6756787967854,21.68226898834963,472.14073759687426
1927,9,18,1,3017.3874999116833,8949.665309208176,277.39742740404796,850.5615547701944,58.21045811054792,86.10708044607176,83.72822492154201,71.50963641961854,118.22649341067454,129.9279837361826,1317.9514379166724,821.4744968954614,141.88853490733223,13.939142534782206,392.65570839269674
1927,9,19,1,2897.9258011439683,5823.993899864595,337.1143699580838,850.5615547701944,56.82426694265484,177.75971340971572,16.2805678921178,56.59060765180794,605.660825440907,129.9279837361826,1530.0572243886418,983.9112115053038,139.39870697805446,13.939142534782206,491.2016943149854
1927,9,20,1,3541.049715199914,6486.855372628611,259.37062071015316,850.5615547701944,56.82426694265484,155.9579118026715,118.61283305655759,58.305126495365144,476.7809557009519,129.9279837361826,1663.5355606034284,994.2595422854024,135.2500489979668,13.939142534782206,534.1266329682228
1927,9,21,1,2093.945554264183,11045.181086923125,253.36168514565725,850.5615547701944,52.665693439039494,170.73458224743135,88.37899584347299,65.33548908590745,127.91959721825779,355.6513456875281,1403.5235282413785,941.4961243814826,138.569291952663,13.939142534782206,495.971131943089
1927,9,22,1,2367.9338238518994,11668.319818774304,170.6759135156389,971.759110645602,51.281097427877484,120.10584787105849,27.909408307186872,72.70938194412966,375.9975302143213,513.1094965966869,1334.3125390929752,1176.3473924982645,132.7618039217924,13.939142534782206,505.5100071993833
1927,9,23,1,2341.0072172330206,11751.15397044049,196.12078639218177,971.759110645602,51.281097427877484,75.75958793413696,69.77304249038177,74.08141468495435,333.36143024951116,301.698086862655,1791.2463143892737,1129.7858444763604,128.61156308860132,7.744073277538689,459.4110413921925
1927,9,24,1,3398.2784166724596,13477.49299493468,196.12078639218177,971.759110645602,49.8949062599844,101.25746875269348,58.144202075300754,69.10805704070168,405.06554431331045,387.58313842596476,1713.913627534642,1083.2361774311278,125.29390298703548,7.744073277538689,508.7008281477708
1927,9,25,1,1473.2269882525013,9224.994733779722,291.5289944603497,971.759110645602,49.8949062599844,57.650998138154144,67.44765702944234,60.87690476070087,698.6942868108836,86.9854579546013,2235.2324556611698,1208.414148841987,111.18751614288605,10.841513223765366,764.6382557986547
1927,9,26,1,2985.0353830040967,1970.3232530375979,289.76758118772716,971.759110645602,52.665693439039494,48.781172670676796,74.42476996745256,57.275579857272966,281.0322264771372,86.9854579546013,2791.745307181313,1160.8308368165544,558.4305743500498,10.841513223765366,619.9765102747411
1927,9,27,1,2429.9253025227185,3196.3628274127836,211.31926663082896,971.759110645602,51.281097427877484,62.08591087188095,86.05361038248142,60.7056617093347,417.66206033360663,86.9854579546013,3051.875045307209,1320.2141403925843,119.48483210306145,10.841513223765366,832.988999272344
1927,9,28,1,2360.699810133276,6256.802342319704,161.1340861869355,971.759110645602,52.665693439039494,67.25965712787446,27.909408307186872,63.620970242350246,370.1794084650146,178.3725414745895,2067.7371536914725,1042.8883802680125,113.67734407219085,9.292698568253538,639.0542607872864
1927,9,29,1,2052.651392621081,10551.000068460902,116.96790652622745,1852.8970827358603,49.8949062599844,86.10708044607176,179.08624681325264,53.50301190247873,392.4690282930144,387.58313842596476,2939.3483350590845,1081.1688874705237,105.37844525893907,7.744073277538689,645.4023150951497
1927,9,30,1,2621.2247764115527,10829.624033155698,124.38597270898545,1852.8970827358603,48.50871509212327,86.10708044607176,179.08624681325264,71.50963641961854,404.0939744677857,529.6222615967307,1346.0831154786729,1168.0663516788718,91.27364126789304,4.646443966526541,626.3245645826046
1927,10,1,1,2528.1873221989854,17390.465363977444,1471.7362784841532,327.0061437079917,49.454643012209395,400.57584627384995,132.27243996015886,262.7014591050267,0.0,522.4596163584333,3610.9774236322082,734.3394131513402,39.24842551468661,30.224514875382287,512.8321015862491
1927,10,2,1,3430.630533580392,12488.189660832844,1502.0325867746444,586.2389447261818,49.454643012209395,389.2591724015833,132.27243996015886,424.21289316190916,353.26731475885754,422.36931865220714,2059.8508675129356,871.5884569761689,37.67823523758531,30.224514875382287,466.2125281506455
1927,10,3,1,4431.436237050742,4324.884014145097,1325.086042008201,586.2389447261818,52.364208823704544,438.3012785154019,132.27243996015886,308.69692503603056,107.79567435992674,422.36931865220714,1247.3279796019951,852.8283946320686,40.81861579176089,30.224514875382287,2482.6266358023718
1927,10,4,1,3331.062372538286,3816.018759705506,1325.086042008201,586.2389447261818,78.54551565722322,424.71935826830486,0.0,396.6051719538465,0.0,422.36931865220714,922.7661063402578,755.4637898757863,40.81861579176089,39.29130124361353,617.7261418164011
1927,10,5,1,3353.769137821272,11257.914249156338,705.0685700163758,586.2389447261818,167.26813102796285,313.07234179671565,55.11383550172731,495.7590753547215,356.47575471378786,380.8606557441692,1357.6182803368015,607.6525576887346,36.10804496051103,34.75790805949791,444.5653270849041
1927,10,6,1,3796.551060840536,12118.259869869902,795.0314947674634,586.2389447261818,158.54581422021,276.10199168007233,60.62454946335955,465.09195085088805,0.0,294.1886468828244,542.0115014127537,554.8653778312682,37.67823523758531,37.780170182237114,512.8321015862491
1927,10,7,1,4011.461551727141,14608.932202918468,876.1974183735565,586.2389447261818,122.1826222031095,321.3686871692953,49.60216498506275,412.96723667893065,184.64345994298245,412.59237459324004,436.9355660168375,742.5610490868663,39.24842551468661,45.33582548909875,419.5929547149982
1927,10,8,1,3587.2670250679935,16007.69980946088,762.7624036114557,586.2389447261818,101.81885183591395,331.9302789167054,60.62454946335955,283.14620877422215,104.59401279924013,217.28024382123894,358.9084151554411,659.263520844517,36.10804496051103,45.33582548909875,546.1341960108915
1927,10,9,1,2542.3539323975097,16350.331982261801,913.358205818237,901.3093923612316,94.54653246382726,373.4215637812805,330.68109990039716,404.7914251411349,0.0,283.19792122852806,714.6976275685967,756.6281256007992,37.67823523758531,48.35808761184478,564.456225772512
1927,10,10,1,3906.1664631582967,1811.8088082587035,582.8264888907554,901.3093923612316,141.09160966454152,374.1766459061892,661.3621998007943,310.7434883328728,343.664589541471,283.19792122852806,483.7471483031264,756.6281256007992,37.67823523758531,68.00468505762622,572.7691540328143
1927,10,11,1,3360.9026791272186,3039.5427175541445,779.3901449057369,901.3093923612316,200.7345184871292,349.27805178682553,66.13621998007943,360.8320808574806,207.05735033254595,283.19792122852806,461.9009585310633,708.5339315735001,32.969247259438845,108.80522371466682,517.8198585424307
1927,10,12,1,2713.2575064970038,8598.843850959127,936.8302958294537,901.3093923612316,151.27349484812333,68.64939055776307,104.71408737661157,406.8275467884845,0.0,283.19792122852806,628.3486792024584,600.6190194317682,39.24842551468661,102.76069946917478,419.5929547149982
1927,10,13,1,3266.960973199521,7329.033957805669,744.1820098891154,901.3093923612316,114.90870767432372,34.70128054120723,0.0,452.83345436898094,741.7596850795953,104.98143738757332,769.8427779360613,309.6895408879343,39.24842551468661,86.13825779408872,604.4086628054397
1927,10,14,1,4549.591794452618,12167.207323126884,790.1498636973156,901.3093923612316,100.3640689301504,316.8381944197387,0.0,495.7590753547215,2866.695910459495,346.67469718587733,413.0059842244804,585.3638452393777,36.10804496051103,60.44713610281522,579.4362904355338
1927,10,15,1,2936.7081524680707,12779.991786019958,748.0973799639622,901.3093923612316,91.63696665233213,50.54366816227562,71.64789049674715,490.65310876218905,699.0783958195567,291.74774543295814,348.5032256304052,612.3455435190041,36.10804496051103,77.07147142585747,449.55308404108547
1927,10,16,1,2701.8036514424884,11253.207763265982,995.5105208572917,1373.6849894206273,87.2726179350415,36.21048899090056,71.64789049674715,366.96132909843413,517.6320785076626,229.4980893301458,430.6971605323895,525.5312461481715,34.537854683436755,68.00468505762622,401.27092495337774
1927,10,17,1,3954.4936936943222,12593.61494477138,891.8488334540116,1373.6849894206273,80.00029856298677,123.7187724688167,22.045725511729678,365.94848909950565,660.6561976265881,229.4980893301458,526.4037171251385,631.1174868398778,47.097794047008655,55.913742918699604,516.1572728903701
1927,10,18,1,1762.2861197538718,12545.608788691787,745.1583361031451,1373.6849894206273,78.54551565722322,138.8108569657311,126.76268255366642,281.0996454774604,125.94256555587198,229.4980893301458,622.1102737180104,546.6556228725156,142.86357241810026,51.38034973458399,524.4869949451502
1927,10,19,1,3617.207804069603,12817.643673140767,619.9872763354359,1373.6849894206273,77.09073275145968,0.0,49.60216498506275,406.8275467884845,1023.5262376028321,0.0,405.71999744172996,527.8836795516419,146.0039529722758,48.35808761184478,531.1541313478696
1927,10,20,1,1187.1820291338618,12352.642867197392,1056.1433983129855,1373.6849894206273,77.09073275145968,454.13888713570475,0.0,383.3233938235183,0.0,167.23509496812585,343.30063086782593,416.44011730465337,839.9093414607845,45.33582548909875,592.7537694464952
1927,10,21,1,4020.001706811603,11401.932717393753,334.44708700212493,1373.6849894206273,77.09073275145968,190.86373357771635,93.69265945339926,381.27683052667606,725.7513772760504,240.47547672516092,424.4469844715078,626.4245010097103,456.84306227015725,46.84695655046836,464.5499424985849
1927,10,22,1,3195.826504967832,11565.718426369982,423.433685539183,1373.6849894206273,75.63594984569613,55.070337711169095,0.0,369.0078923952764,439.7257336858834,157.47148916844006,465.02016127334866,649.8775491840801,235.4968845005602,49.86921867321438,552.8013324136109
1927,10,23,1,3869.0921428510865,13376.774196886501,303.1543220603503,2464.6132449650013,77.09073275145968,59.59605145993936,104.71408737661157,291.3220203120179,430.11171114479464,136.71715771438434,641.8730714697795,553.689161129482,197.80915214432756,54.40261185733,479.5300071616069
1927,10,24,1,16055.491558534204,15640.593910032152,372.5842006608351,2464.6132449650013,77.09073275145968,39.98207641489668,0.0,343.45717613346795,29.883680876246146,136.71715771438434,524.3203251048446,619.3790817759706,186.82415161716713,55.913742918699604,521.1618236410291
1927,10,25,1,9074.96973743106,10047.406078218648,346.1730667890047,2464.6132449650013,72.72797919090011,70.91176953209046,270.05463732681017,386.382797119289,344.73783530115503,136.71715771438434,763.5926018751795,811.767738861736,193.10807843169803,55.913742918699604,511.1695159341887
1927,10,26,1,3876.225684156687,13786.238469326396,513.3966102902706,2464.6132449650013,71.27319628513656,273.0912211819579,644.832927581317,537.6718563415335,501.6237707042575,140.38517901893474,847.858158221024,742.5610490868663,237.06390907142773,58.936005041445625,502.83979387940866
1927,10,27,1,2750.2313543911914,13430.428136033841,740.2767050332008,2464.6132449650013,71.27319628513656,215.75276969550745,385.7978050674917,485.53670052008357,544.3163572879984,350.3427184904277,560.7384884425314,558.3821469597514,386.20032833238923,45.33582548909875,534.4793026519906
1927,10,28,1,2704.717351412542,11767.156022467021,594.5625338963637,2464.6132449650013,71.27319628513656,159.93404046049912,1311.724015890774,486.55998216850463,479.209880314694,187.98942642210798,415.0893762447743,633.4580392665748,276.30283746752104,52.8914807959604,554.4639180656715
1927,10,29,1,5019.300324090761,12635.973317782546,690.4035463688824,2464.6132449650013,71.27319628513656,117.68767347101532,964.4945126687292,478.38417063070887,235.8655259844258,220.94826512578933,706.3758300638548,970.1292784342373,222.92903087147138,48.35808761184478,409.60064700815775
1927,10,30,1,3639.914569352589,12781.8743803761,878.1601360203442,3076.423315109559,64.0008769130499,119.94336184416883,496.02164985059574,584.6906039209586,835.6856350284819,234.37989223002552,431.73297125425825,843.4424229716317,219.79498172970935,52.8914807959604,417.9303690629377
1927,10,31,1,4606.459180073107,16642.134107448917,896.7405297426844,3076.423315109559,68.36363047360946,89.77161825236338,214.94749771074854,409.8973917336673,0.0,234.37989223002552,486.8663510452891,829.3634654809255,226.06308001323342,55.913742918699604,522.8244092930896
1927,11,1,1,4535.827073905149,13465.256131620436,5628.268993316902,630.3099295181834,166.31103701101483,438.540228554924,115.88665100643624,458.84784446567716,2184.45052707948,0.0,1736.277722667578,1228.1365703057493,78.6725477236871,226.8400875209701,705.3393675417583
1927,11,2,1,3966.449910812223,7920.450974757616,4620.740601330212,630.3099295181834,132.6580162185626,437.5939863984081,97.77906286318797,890.8815330833589,593.0078228016802,11.148917409482081,1085.9062950472876,1199.3846064851589,73.199041697307,213.92540852528447,722.9392641413656
1927,11,3,1,3823.176250221038,8358.624811127322,3572.347421417091,630.3099295181834,114.83852077975413,391.92585484277333,57.944282058331844,1079.5621390705014,954.8385089896266,1.2387641549671284,1837.3869738215428,1196.41436228876,68.41091106407222,212.08857001710447,705.3393675417583
1927,11,4,1,3737.774699377803,10424.866246606161,2562.5040291293326,501.53400485358867,106.91856778955001,481.35051763776147,108.64552885938524,792.9284193720374,643.2583189975987,0.0,2039.3700646016573,1191.4243520389527,65.67415805088217,208.39595652127153,653.8831813001407
1927,11,5,1,3896.1192218826423,11144.017290615844,2224.8159417051424,501.53400485358867,100.97820425771413,485.15460226712696,65.18731731561027,695.9985873090565,604.1695787013034,0.0,709.612738569986,1153.7735366060413,69.77849614410205,199.17389102141888,655.2434786518226
1927,11,6,1,3968.9617211312234,13833.303328227918,2403.8761823988957,501.53400485358867,98.99861479931393,456.6144095452353,162.96829328907785,810.4495071886241,502.5501512546936,49.55029943349952,997.6387427301905,1041.771568450093,69.77849614410205,199.17389102141888,693.1470727599669
1927,11,7,1,4999.507258777484,23132.378149918037,2432.1594469491597,501.53400485358867,95.03784072587827,479.44847532305266,162.96829328907785,1219.7934915002313,931.3852648117655,201.91456912004463,1780.4173841143433,723.5871291606416,69.77849614410205,208.39595652127153,537.4518042723438
1927,11,8,1,4974.38915558852,13972.615310574975,2219.0787670455047,501.53400485358867,95.03784072587827,412.8578783058819,115.88665100643624,130.94872604773335,912.394463529153,5420.801957729282,1304.2975693091944,1752.4440758450412,61.5698199576623,201.01072952959882,913.8175320337259
1927,11,9,1,3823.176250221038,13987.676065423435,2028.7454814064379,501.53400485358867,95.03784072587827,445.202155657139,137.61958299872646,437.19186345759664,791.784234799791,4221.692447628927,1387.8686616482742,1393.6385769262793,69.09470360408713,256.3431225287081,666.075476081932
1927,11,10,1,3799.2638159848907,18346.823296848826,2096.685707639362,501.53400485358867,97.01743018424654,424.2701321940304,141.2353612967355,131.98244934564704,1380.3070200588181,1285.8348719987503,2330.927241677608,1346.1146697847132,66.35795059089709,254.4873475410551,897.5779327858005
1927,11,11,1,6701.308986052075,14882.849681723592,1533.4360691222305,1406.8344836280046,93.05825126747806,451.86408275935395,123.12777315353938,403.1625278232712,1229.600720766151,780.4215510118312,2711.8230935218253,1329.2436827494125,64.30657297085234,256.3431225287081,990.9850176016967
1927,11,12,1,5150.416822738345,11537.479511029205,1994.7250421965366,1406.8344836280046,89.0974771940424,337.7033118718396,148.48604899487157,90.73793392515246,1077.6856078283943,589.6444283982503,2991.7273999758013,986.263644908774,60.886027417647384,337.48593703971557,1035.6565108793388
1927,11,13,1,5296.202293648185,10441.809595810082,2286.0124714082135,1406.8344836280046,85.13829827727392,435.6919440836993,105.02018501029113,375.32509032677433,473.5047318032487,548.7760019360802,1976.7505982292398,1129.9878210817117,60.886027417647384,298.7608365321317,916.5213329426557
1927,11,14,1,4744.407802787915,9638.883102956825,1896.0858989251976,1406.8344836280046,85.13829827727392,457.57020970337595,108.64552885938524,513.4889961608378,1092.2026688921956,473.20142480342884,533.0776339359147,1115.1247191231478,57.465481864442424,265.5651880285608,821.7539507750777
1927,11,15,1,4680.30640344915,9846.909779299682,1993.6178681394422,1406.8344836280046,85.13829827727392,430.9320592961932,184.70122528136807,477.40265558017757,1228.4709883875364,370.39012220213584,648.0643946487384,1066.5552860245066,59.51685948448716,241.59160502484247,839.3538473746851
1927,11,16,1,3962.7324315404076,11638.198309078067,2487.719454179676,1406.8344836280046,83.15870881890565,422.3680898793216,202.8088134245642,142.28835737606465,936.966142761647,344.38051658817835,416.9373567373764,1282.670253750735,58.83306694447224,241.59160502484247,869.1460387560836
1927,11,17,1,5552.507418590915,15701.77822660338,2382.3366143784847,1406.8344836280046,120.77728915489088,422.3680898793216,901.7636288635172,498.02491329050537,1362.4572484783828,320.83848894272325,494.7526372238256,834.6029762432793,1236.873070886103,224.9843125333239,848.8423412475902
1927,11,18,1,5320.014255471656,11504.534109798755,1885.9200280369787,2888.7952997375533,1182.0430140601868,459.47225201808476,901.7636288635172,1011.5243511008357,1100.0204169514827,292.34796710098215,1239.2062818957666,555.0792354133926,1236.873070886103,258.17996103689484,702.6187728383945
1927,11,19,1,4712.959937595113,10039.875700794759,2751.8307928981835,2888.7952997375533,974.1462420129227,430.9320592961932,803.9845660002771,680.534504438724,1188.252515712766,294.82888332876576,434.35780978829246,1247.977801537347,309.9068088208508,263.7094130409078,796.0426514487247
1927,11,20,1,4950.57719376505,14191.93755305469,4773.731925588094,2888.7952997375533,621.7123218400912,403.34766673244224,615.6579968698148,345.4202062345305,1933.085072861886,248.9852861517473,369.3253752567879,692.8629231935323,329.05933135381696,228.67692602915687,690.4432718510373
1927,11,21,1,4769.525905977224,24017.19749726009,4051.753788153442,2888.7952997375533,540.5347976362531,454.7123672305787,760.5187020156966,668.1611498125594,2539.525413643981,250.22574426563907,1116.1095940531484,1356.9263586593809,872.9276571664012,228.67692602915687,690.4432718510373
1927,11,22,1,7961.835876498594,18059.72765755139,3446.5321876525827,2888.7952997375533,1275.0885040741039,495.6206139987073,2422.762770690674,936.2505000459352,1777.859844055179,365.42828974656874,1601.6223288142091,1383.7773661943982,2765.0860837078035,215.76224703347125,611.9154889313846
1927,11,23,1,19196.259181311463,55537.47480054293,3285.5893406208743,2888.7952997375533,2174.0390594891055,489.91448705463307,1767.331212542656,631.0410859340661,3031.9757574348937,355.5313013539233,811.8166533277424,1271.7397551081299,872.9276571664012,215.76224703347125,611.9154889313846
1927,11,24,1,13400.00568937247,33799.15777127626,3652.7685188393016,2888.7952997375533,1059.2797548200992,410.0000358330846,811.2256881473281,340.2620313946157,1685.2217890175782,288.62659275923323,1310.0651517382585,783.0632989482392,511.7047507819861,210.23279502945152,586.2041896050752
1927,11,25,1,8429.334013056112,28027.12347563875,3596.1013375518946,17894.15331789226,655.3701281026409,282.53452674433765,409.23340514718956,738.2768260274646,1689.627745293756,284.9185566768391,1216.018246415786,1113.1405959999574,382.41730941883276,223.14747402513711,2419.314030668253
1927,11,26,1,7986.9539796879035,31153.171403853423,4068.7640077583933,17894.15331789226,496.97106829833456,453.7661250740106,409.23340514718956,617.634008009988,1527.7370954539217,211.8248957719713,1290.2905834100557,1012.0334835562943,382.41730941883276,221.291699037491,759.4825608978282
1927,11,27,1,10074.368827122893,29624.504786743983,5420.824835885802,17894.15331789226,407.86561532082857,448.05044012836373,271.61382214846304,348.5109344786985,2208.965719693183,209.357317803469,1432.0083230950395,1400.648353229699,262.00967395736103,217.61802202111738,744.586465207107
1927,11,28,1,8816.454219407706,25625.8743745015,4942.525643206544,17894.15331789226,356.3899087761696,402.3918665743015,246.26511185811168,758.899083737712,2270.4231610838133,211.8248957719713,1355.3818708234835,1167.6505174913964,233.28089015789828,206.54018153361855,675.5471761603596
1927,11,29,1,9775.362926758546,33462.17338154445,3895.340289537398,17894.15331789226,334.61601989069,373.8516738524621,318.6954644310526,617.634008009988,1581.3993834329492,204.39548534790183,1190.4760956586417,618.523651447371,214.1283676249051,217.61802202111738,716.1545711773902
1927,11,30,1,28387.4755003025,83045.00223391358,3673.2009128026184,17894.15331789226,316.79811960858063,370.0475892230966,217.29105771877047,1220.8376564476375,1344.6074768980873,168.47555308201763,1199.7748510033293,599.6923032425284,192.91813605945364,304.29028853614466,802.8105506182225
1927,12,1,1,2149.20538128011,4537.993695249402,17179.315279146787,1406.8344836280046,1565.470828815034,831.383651549548,63.472214011802485,2360.6481129805097,2171.9104976781146,1081.2393127614823,1731.9226094049104,1047.4031514463754,361.12793519829296,128.36850065079975,433.6325668879727
1927,12,2,1,2545.8704668439714,3670.4000862650973,29921.8821548205,1406.8344836280046,2983.2620508155733,1435.2295174537458,53.13950576442127,7205.260219224277,2165.5839963584312,2168.53419524033,1570.5480071556922,3611.6981329908717,421.0547536362062,165.04467408018363,592.7537694464952
1927,12,3,1,3521.8594843633896,5695.412705346733,14472.777970403615,1406.8344836280046,2370.7218799711727,810.8435061512265,53.13950576442127,2737.800491965185,2166.8267019749073,676.7966145939407,1413.057695113881,1580.4075319926376,421.0547536362062,611.8376515404133,427.2677187856318
1927,12,4,1,4080.586571703907,10176.363791607602,7440.914229209447,1406.8344836280046,977.8310539781453,596.4288566770742,60.52028495687637,1666.3828394840818,2650.126213499739,477.61638862809696,1826.0872204912287,1134.954069377972,421.0547536362062,611.8376515404133,329.3934846419671
1927,12,5,1,4566.169742557466,7859.454917621592,9904.477158506394,1406.8344836280046,1080.2401137912,568.4908180548263,1540.3406860562088,1589.636715853465,2658.825152814234,358.7191453240544,1437.0696709409056,1044.112120876892,427.2120522026012,218.39441767921772,440.78672333019347
1927,12,6,1,12751.958627091204,6611.388989281038,9733.26778839959,1406.8344836280046,1386.494247646457,564.3808773748267,619.225947412555,1736.4463074516048,2160.500200655224,346.52797633371006,1724.2717347540656,993.7724222371849,359.5925676894662,165.04467408018363,552.9692703582562
1927,12,7,1,8921.246945913164,15034.398527385578,6511.491934343899,1406.8344836280046,898.5039115403981,587.3869871811062,338.0274431090711,1410.771260371555,2163.8893977907887,297.74996211305125,2057.6144579996176,929.1993134085137,361.12793519829296,151.7077115924141,471.03234716218174
1927,12,8,1,6558.135797873567,26714.013912296054,5086.156314072055,5646.4951492952305,656.8057691280469,607.9271325794277,191.15797224210223,1091.7788689545187,2662.214349949799,272.34057816711777,1998.0553414875624,970.782732157384,356.5218326717856,156.7107294672791,459.09195929733636
1927,12,9,1,7153.032953806508,58591.98414322827,4507.506890942276,5646.4951492952305,514.7411138796301,666.2500582287364,324.7408926965364,1005.30112801461,2652.950544445997,355.66468394680936,1957.6822644843578,1025.5065112309474,368.8047727425079,158.37713966027013,659.5930714183352
1927,12,10,1,10061.307413464508,56254.74325019646,3758.5539673886205,5646.4951492952305,417.8831993648483,626.001313569739,2859.9084538104116,958.6373965172886,2646.7370163643145,256.0812400935648,1486.0352687057223,965.3174828361324,342.6876965611757,160.04354985326117,1176.757971976663
1927,12,11,1,7843.780791509395,30106.448941891962,3804.14940810488,5646.4951492952305,351.4608745888921,627.6452898417283,1270.8791128946918,766.1247051733736,2653.515410635304,191.0438877993531,1276.6367148025777,919.349983653508,342.6876965611757,160.04354985326117,4458.080678753344
1927,12,12,1,6972.283083257059,25896.026664594337,3556.746332430279,5646.4951492952305,339.4812478101624,640.7875420160713,3369.178391869358,956.6848080657186,2163.8893977907887,208.31693357886945,1982.63588642215,900.7443740075632,342.6876965611757,100.0281654822629,2492.7029124815567
1927,12,13,1,6389.141199616664,25149.578002421953,3792.0711456635163,5646.4951492952305,372.6924101981086,690.9001443070053,1733.6604728362902,864.3284184721147,2647.1889093156205,208.31693357886945,1986.520176629434,918.2569337892372,342.6876965611757,103.36098586824497,1726.5700089754432
1927,12,14,1,10879.152853304788,18259.282659292283,3578.0845960767283,5646.4951492952305,294.2745070764636,556.9925421524729,1073.1591726302324,910.0210765683972,3147.6603529939985,220.5214408284951,1674.246785114513,953.2820533525853,296.5791857028385,140.03905294557822,1281.7863625625048
1927,12,15,1,12480.683112647843,14426.320550382175,3532.489155360469,11259.559080636463,258.3037236063242,604.6391800354488,773.480023692434,816.6831719243426,6643.956117994954,246.93119422118434,2097.869829239099,912.7798034911103,304.27185177808735,173.38051234103747,1096.3996654602613
1927,12,16,1,8393.766778940095,13050.144076112796,2967.8303862251987,11259.559080636463,233.387376031853,613.6810495313646,660.5586935123595,816.6831719243426,5633.636451896814,193.0846414706348,1497.5704335638509,991.5863225086433,236.6523672649523,130.03491084379075,921.3579457486695
1927,12,17,1,7651.275648667399,11287.094461675186,4799.700189837085,11259.559080636463,287.8141224621203,606.2831563074382,594.1355070007185,1278.4755615416136,3652.19883323483,353.6372685348825,2047.9625853632695,837.2643150431629,236.6523672649523,130.03491084379075,807.5799882463697
1927,12,18,1,21623.672673515528,9955.15895477243,6154.2773226397285,11259.559080636463,799.7956152595572,773.0511678986145,465.7084185638283,1581.80547874828,3648.583689623543,826.171780373881,1655.0607456056623,1764.3250526304328,236.6523672649523,130.03491084379075,804.4059610924597
1927,12,19,1,36127.870179085294,8818.542612309247,5267.632207254162,11259.559080636463,602.3790226978116,1034.271351116629,257.5811587537432,954.7426612636411,3652.4247797105536,927.7959778984073,1700.2597589271638,2043.409197319297,236.6523672649523,110.03041393610098,710.5118562370624
1927,12,20,1,26080.628903406632,10106.707800434415,4618.2242966549775,11259.559080636463,484.3055241407725,940.6411676258116,194.85027494853114,858.4915364164702,3155.6814528813247,667.6465687215602,1735.8068996121942,1417.2817207292267,236.6523672649523,116.69794835601445,665.1686111807963
1927,12,21,1,18438.697189125458,9448.741072995961,4351.19404451311,11259.559080636463,423.418393096162,748.410639821918,5064.481004983395,974.1850125834007,3155.116586692017,675.7695686286961,2648.2619810385177,1540.9626890651134,236.6523672649523,116.69794835601445,743.1421988830808
1927,12,22,1,14980.436742036756,8408.513561562375,5836.015107308843,8962.289741273586,856.0727434558835,1914.1809766946092,4823.907396001767,1758.7914373249878,3168.1085090448287,1379.9763060620082,2748.1941745539,1349.4413432846188,354.98646516293184,165.04467408018363,1210.983725096875
1927,12,23,1,13255.32541500277,9766.899519167708,10107.492619708915,8962.289741273586,1606.0037604326437,2139.271913935146,1668.0407926130838,2239.1073131083617,3157.2630782112456,1426.7935961671465,2563.7492425885475,1021.1343117739665,347.29379908771006,168.37938811411502,952.3928779204942
1927,12,24,1,10287.370342167253,8255.08212154493,11010.342737203177,8962.289741273586,1793.2751564147595,1220.7479619685337,1150.6401361590943,1911.448352628345,2666.8462527016995,976.5739921189924,2169.9057567200502,945.618823326019,335.01085901696075,166.71297792112398,745.5269176971544
1927,12,25,1,9919.741783890217,8666.899636930002,8066.06496273882,8962.289741273586,1131.891287572283,1138.6447283848393,940.2745374026624,1258.1143450681977,2666.8462527016995,1426.7935961671465,1701.2014050379312,991.5863225086433,307.3425867957679,150.04130139942308,781.3312874971697
1927,12,26,1,10129.628654139166,10386.273062307284,10942.905771905464,8962.289741273586,2209.2920224465574,1760.4883112667158,1003.7132719858236,2118.5062616888554,3162.9117401037597,2001.9393367179985,1510.0472445327468,1570.5463212607565,291.97308317633116,135.03792871865576,710.5118562370624
1927,12,27,1,9667.656500283378,14571.280315797661,8103.3062719331265,8962.289741273586,1439.0865638775288,1268.4423898593723,1584.629187431394,1219.1669925318843,3164.041472482235,1099.5260662469623,1049.9118724594953,1361.5599396056814,285.83161314094303,130.03491084379075,1593.6807133716866
1927,12,28,1,11101.196885497338,33753.975506731564,6439.827577191768,8962.289741273586,868.9775611176746,1846.7970655461872,1208.2247534978476,1012.1090834712932,4174.135192104652,1770.2537728644038,1662.7116202565069,1408.6086076759052,336.5462265258146,145.04017717250062,1485.4782956318913
1927,12,29,1,15672.691665930835,68066.1402400308,4760.546489089432,12360.159851487673,658.656150894138,1989.6891891872006,1122.6130715739948,968.3585721771683,3671.178337193741,1818.0047411197443,1616.6886665879613,1453.3998901567434,4520.945029644639,1897.245877679807,1026.3863363345115
1927,12,30,1,11224.777953187922,89573.83946068157,4334.485781469204,12360.159851487673,538.7322705710078,1486.1736658822733,2217.868667136551,875.9917409340718,4182.3822384677005,2005.0071363545248,1353.4985786018256,1289.3236007505461,2681.5114399274917,2635.7685768465126,1213.3684439109488
1927,12,31,1,9274.909838817031,146842.3597716097,4243.294900036686,12360.159851487673,454.79512528500834,9826.581425774033,2473.1732247397113,875.9917409340718,3168.7863484719974,15232.29210828192,1205.5424334323939,8517.11582814292,2681.5114399274917,2635.7685768465126,1432.9641003389702
1928,1,1,1,2027.8588146606835,173920.35190190648,6036.750595334711,3838.126948814357,111.6478373014506,1231.7823974971727,58.006475462299996,1116.608422903403,2413.6007749299547,2892.108931534757,2524.1642382739838,1285.5624023828673,375.5268426868445,776.9104936060608,3675.0808329088272
1928,1,2,1,1289.0987495486959,95956.05622174095,6569.091485412663,3838.126948814357,112.69097132871487,1182.311908337114,98.61022852414203,1072.5468227137344,2413.6007749299547,4401.259825109284,1847.2223976585044,1380.869700563389,363.3541391251711,598.4321503990444,4269.22169520907
1928,1,3,1,1526.503678947583,56886.51983045631,8727.130867151798,3838.126948814357,110.60470327422728,1281.2372759002837,97.16143122060934,1200.589740135924,2413.6007749299547,4450.002073759019,1634.6093738973843,1360.3109427140962,353.19959758507935,944.8920164828824,4159.405183094309
1928,1,4,1,2390.777826986101,45805.3088378494,5548.281261114934,3838.126948814357,156.51559902751643,758.8545120109198,31.9031716233975,2286.8449596818555,1394.761119066098,2507.747386038257,1408.3813907417639,1057.6123259649676,349.1420297311882,739.4102790004965,2631.195247329509
1928,1,5,1,3679.9767473916263,35296.40718056499,4169.6360002082,3260.2964230662164,727.269144223085,1684.556795603926,100.06058535116102,2558.0764866292607,1981.874589894434,2009.4198540803152,2269.0967792376873,990.3308816447694,341.026894023406,550.4351154632723,2275.1298769421455
1928,1,6,1,3524.8120910038447,28545.21322496395,4458.600046894214,3260.2964230662164,569.7104111683044,1364.6923832054447,52.205048154335,2094.123755064509,540.3871033537356,2088.687968621705,2371.1616347837494,1003.4225434828186,345.0844618772971,461.94108851283323,2006.4566545545667
1928,1,7,1,2872.7999874358884,23618.041088078022,5294.733079353419,3260.2964230662164,383.99355865559096,1185.402838237308,75.407638339255,1562.6336005503326,131.32421524958187,1763.333458884738,3968.2209885424622,1029.567077049733,341.026894023406,418.44731908908943,1876.2276838902224
1928,1,8,1,1625.2721432456076,16962.803188698577,4345.85750111365,3260.2964230662164,279.64765954474456,1157.5844691355583,73.95884103573367,1511.7409841264475,424.1686490140765,1618.9242205123612,4419.086333728538,1141.6898875467894,357.25716543897045,395.9633891225486,1967.7903444683877
1928,1,9,1,2470.2133160212907,17487.134495909875,4226.497458080512,3260.2964230662164,231.65049573700873,901.0372874196864,73.95884103573367,1215.7354322390831,424.1686490140765,1460.2847239536507,2861.0350694735203,1266.8849648271964,379.5844105407356,368.9599948471662,1638.1312346277118
1928,1,10,1,1303.0224985724017,15008.555293682211,4052.236697101672,3260.2964230662164,205.5558968625165,825.3095048650115,50.756250850813664,1265.298936906923,424.1686490140765,1352.4941325540842,3619.6098585603822,995.9360524168766,391.75711410240893,341.9566005717967,1501.7827178684822
1928,1,11,1,1608.643781102337,13359.310577370865,3409.9718248874124,3260.2964230662164,178.42141359949275,850.036944066567,50.756250850813664,1408.4875464321387,169.05913227086248,1254.8650607882623,1893.1421146712378,1057.6123259649676,405.96922349639186,320.9629599113941,1345.1055719581905
1928,1,12,1,2898.744239214065,12426.30928071481,3020.274764471212,2806.145909293687,172.16585907476272,862.4006636673447,102.96129900511036,1181.3176196742693,458.8836553376009,1108.4317798871964,1476.4183157838524,977.2586148614187,405.96922349639186,296.97254184191473,1821.2775131335816
1928,1,13,1,4436.266712353566,10296.427532793105,2691.2380955347353,2806.145909293687,218.08325410547636,876.3098482182196,81.20906564722,1339.651921302511,246.04668093936314,1126.7307766259962,2229.8993300760576,1040.7774185939475,677.9749763822477,289.4724989207966,1253.5219540303951
1928,1,14,1,5064.137639556228,9409.690763244302,2838.5386825224523,2806.145909293687,399.64056906410445,581.1104319928806,60.90718911628241,1657.680545890882,765.3130316750056,1210.1295902054844,2483.451911850189,1029.567077049733,641.4356218864997,289.4724989207966,1316.6035764474973
1928,1,15,1,4158.292586158817,7217.865954029306,3241.225644952486,2806.145909293687,554.0634007597498,724.8386723517443,104.41165583212936,1718.2633143031194,404.53767762399104,1126.7307766259962,2258.87135771731,1007.146393961304,403.9510614748653,226.4753781427885,1693.0814053843526
1928,1,16,1,11874.253304184049,8119.767207463043,3175.9084961467984,2806.145909293687,478.9317536889902,601.2014763441443,104.41165583212936,1475.947695442091,404.53767762399104,1053.5141361754631,2163.623449851427,1083.7568595316693,428.29646859815705,190.48165164014978,1509.935126878483
1928,1,17,1,26974.008180788776,7338.839124908311,3211.3243610715986,2806.145909293687,1158.2199822978803,687.7475135494999,104.41165583212936,2536.1306878677274,404.53767762399104,1025.0536198027958,2168.7361606115073,1083.7568595316693,377.56624851920907,200.97847197035756,993.0430553520766
1928,1,18,1,18214.066798547025,8645.469315477814,3030.568649085993,2806.145909293687,1240.6470682819015,735.6725377595503,104.41165583212936,3028.9838727313327,404.53767762399104,982.3421917487071,2401.6485396871662,1040.7774185939475,509.49031329743536,191.97194094630095,1518.0665785388537
1928,1,19,1,13242.587201055712,7994.681634174415,2212.940099684233,4068.5743536779955,1205.1772617171255,618.2015907952137,218.97269040624178,2284.217645745608,1014.3703121796115,872.5069043253636,2360.9362132633714,971.6534440893113,830.2293680514957,175.48156579792666,1544.514753784892
1928,1,20,1,10101.229147915376,8268.15639440593,1893.2169453993827,4068.5743536779955,848.3181863245583,686.2020485994027,3476.0218620222568,1930.3030037457513,1014.3703121796115,892.8505970880635,2042.8119881844914,900.6481492908406,897.2111033567912,176.9880539008652,1202.6584664536151
1928,1,21,1,10105.235982167025,12255.815930821298,1861.6000140825977,4068.5743536779955,703.2705623191966,819.1276450646226,5017.61081200167,2025.3499490863007,10219.123296464422,890.8059010641635,508.5821688789281,1111.7827133924184,1351.8923849106045,164.98474546771885,1418.3515089507782
1928,1,22,1,16562.249378385135,13558.076693830628,2774.2019036799193,4068.5743536779955,1910.4626000390992,581.1104319928806,2721.9922643338637,3689.8306016358224,7316.377685002752,833.8642148237411,253.43896597941446,2696.3004869914434,1739.6131749699605,164.98474546771885,1418.3515089507782
1928,1,23,1,13183.486395846388,11508.729493095034,2604.475353781838,4068.5743536779955,1830.1965238000091,613.5651959449222,1424.0632612889442,2759.143276691259,7316.377685002752,762.692270397108,386.1043422236103,4148.2142724627,1100.1957151049871,160.48147995569053,1047.9932261088081
1928,1,24,1,9430.18458165316,11414.486937876585,2530.82506028798,4068.5743536779955,1194.7296732511877,567.2012474420056,2798.876771399049,2150.533730754354,7316.377685002752,756.5788358207419,773.931857332961,6833.265627800956,791.6506077233831,143.98462528859866,1227.0737787844473
1928,1,25,1,7676.59357150415,14285.457870011149,2488.9142443564133,4068.5743536779955,887.9637786369602,363.1998740294391,2798.876771399049,1836.646989312666,4543.522374358572,728.1183194480747,2175.5531082919038,4635.805944473638,736.841575979761,152.98305691425512,1159.9264305372053
1928,1,26,1,6379.180640883579,41309.08220345949,3276.6415098769853,3138.484062278289,712.6620182030211,414.20021738255855,1106.4663066472722,1710.0722767371483,3455.2061501842695,1130.7995151785854,2961.3956880997007,2681.366294968956,757.1506590599447,151.4830483300341,897.4146689437715
1928,1,27,1,5860.195434464176,29592.1623383834,3823.8104956501766,3138.484062278289,596.844894431328,352.3816193787586,826.5942247420709,1755.5093530462268,3257.4997663828667,978.2734531962409,2323.443001021841,2079.731702057943,761.2082269138358,197.9816945612678,1328.8217112877285
1928,1,28,1,16296.79660922661,28813.3761320838,3190.859138087242,3138.484062278289,557.1993021188853,298.2903461254447,656.918071218814,1661.8533386131417,2726.14446172397,913.1942898507633,3252.2521224574284,2191.8351175005137,686.0901120900301,239.96897588207304,683.7335320120934
1928,1,29,1,28769.069925440326,23381.577949531515,3244.902032314994,3138.484062278289,4404.397831200934,261.19918732311146,475.6546583142683,4336.922569344617,2720.092225485147,685.406891393986,3092.24321162908,1821.8356613764881,700.302221484013,190.48165164014978,1416.318646035663
1928,1,30,1,16035.350674319261,21279.96896817447,2622.244559366841,3138.484062278289,2733.7585682648196,378.65452353041127,375.5956324865936,3349.825268710209,3325.315849366556,606.0768163670867,2515.6430536737053,1696.640584096081,635.359892011027,190.48165164014978,913.6985296142334
1928,1,31,1,11778.08928214924,19890.319653963255,2170.171460034718,3138.484062278289,1837.5082109068112,276.65383682408367,375.5956324865936,2376.328181392681,4694.517909239765,756.5788358207419,2452.7756472890555,1674.219901007652,592.7235638290783,161.98148853991157,2450.123746438015
1928,2,1,1,21861.28767593339,29788.35820333685,3354.213283224065,2593.1299155135157,344.3479663431481,1146.7662144848778,728.0011509761009,1739.1272779144174,3743.8512631121516,2391.6747430672826,4043.396772683239,2036.8686314475608,1265.238880847736,144.2146482032467,3648.2554253693565
1928,2,2,1,21245.236909772015,31961.934226859503,4895.109773058658,2593.1299155135157,335.41145987928314,1224.835610600298,404.4468166794065,1532.3422163441476,3256.1030964816514,2811.7668352433907,3816.922621972327,2685.439256429673,1188.569967838915,133.3306766293834,3579.0961715566286
1928,2,3,1,19700.602305836852,56058.89884554393,4561.538893042026,2593.1299155135157,310.06427790901597,1131.998438295119,302.42279127963866,1641.2984707590724,3227.704141822713,1851.3586553870148,3626.6161658982783,2784.3540347613407,1150.2248894291406,123.80740398721656,3227.0126976009756
1928,2,4,1,17807.373122024426,39759.220545377626,3718.420724594327,2593.1299155135157,298.1381038281689,1065.527834683902,257.3837534694187,1534.784072826137,3275.5012895547566,1678.055177242913,4027.1118421137644,2691.2577728021865,1132.9749150974212,119.7253071921401,3027.7083025224247
1928,2,5,1,16844.73119311281,43157.94978673137,3810.0853161639016,2593.1299155135157,286.21192974728086,1245.9413541611677,218.7699523551493,1422.1804884762817,2783.252742131228,1317.1560022829897,3566.778514038394,2611.9319995910596,1194.3057967422994,102.0378409598203,2998.158439529774
1928,2,6,1,15479.402421929764,49454.209225781204,3287.0579407372734,2593.1299155135157,280.24884270685726,1194.238526739798,238.99697175954307,1318.1543113889666,3806.5462231244946,1516.9785682517895,3410.935515681327,2811.3131606202705,1052.4608723422095,99.31806297610996,2924.598142292554
1928,2,7,1,15059.68653409014,55128.46780039419,2610.1124810709566,9833.391019248658,278.75400889836624,1177.3632983453776,4163.927664587698,3043.8204690771295,3840.842228477899,1627.0823511126273,2278.1860428113323,2578.960406813908,1157.8939051110845,93.87526724933699,2719.635262811251
1928,2,8,1,13665.308214583953,44173.19913157749,3256.54392562915,9833.391019248658,527.7088307881145,1095.0789978205448,3589.555170629796,1482.1605201619823,3882.5871399711195,1857.472089963381,2187.4827667323807,2578.960406813908,1192.393853774523,100.67876190780645,2640.416481171188
1928,2,9,1,22170.815621858143,28699.4283153204,2789.642730602091,9833.391019248658,585.8448673839818,1186.8546386449189,8350.000562447738,1412.3976077608002,3370.9403994744866,2043.0230907554255,2761.999968452007,2590.5974395587227,1142.5558737471415,152.37722191371705,2575.448697286563
1928,2,10,1,12598.488595134226,22453.717155887287,3189.266036896852,9833.391019248658,480.0041344646442,1298.6901023063942,2704.213696777177,1427.079656228049,3372.4922549202815,1843.2005247867485,2546.3193182348386,2565.383868611589,1090.784706941256,277.550184471678,2373.4198467548313
1928,2,11,1,11977.429286159128,18767.97649636952,2788.539814393429,9833.391019248658,447.2152798390442,1191.0695430543315,1486.350628676091,1435.641608702536,3385.838211754786,1786.1142640799737,4130.502215264276,2575.0813958988992,1083.1156912593121,340.12613653273434,2316.835002726228
1928,2,12,1,11484.588673230126,20050.531997833903,2977.8737635579178,9833.391019248658,432.29943814117394,1160.488069950868,1080.9836931494253,1471.1412564175848,3385.838211754786,1755.5264377028093,3421.729016175071,2941.066075725877,1048.6157425958736,1325.1425727037588,2186.6898614604947
1928,2,13,1,11270.223040777148,23641.173351630852,2654.1065831743394,9833.391019248658,427.83118490924153,1213.2368180960948,865.8942161831352,1538.46231233691,3403.839734926453,1788.1589601038736,3545.002153392972,3078.577012661289,1063.9537739597613,2987.7060828736726,2271.5671275033096
1928,2,14,1,10953.683134912602,30264.711482436956,2826.406604226266,5825.619087565325,427.83118490924153,1167.8719580457475,728.9212698232714,1523.7648090817397,3412.6853109679296,1822.8155250336272,3429.114042828617,2966.2796466730106,1023.6967525822104,1032.6246999834455,2261.717173172456
1928,2,15,1,10944.66775784675,24162.07765683506,3609.5996586666824,5825.619087565325,427.83118490924153,1252.263710775242,656.3098570655366,2055.023141778028,3424.6345979009957,1920.6924387417328,3389.159155035905,3171.479324074735,1040.9467269139298,726.5160367430195,2233.4247511581543
1928,2,16,1,10672.203028747961,20940.695769390593,10015.091906452113,5825.619087565325,432.29943814117394,1563.4173207277936,643.4437884390383,2655.905293784738,3429.1349786938013,2395.805442105504,3653.694596961714,2830.708215195103,1391.767017694666,964.6059521956162,2060.9457636191646
1928,2,17,1,11332.328971674611,19283.740298561905,11243.127831744841,5825.619087565325,1299.887982040545,1728.1108078339305,2192.222141614537,2670.587342251987,4501.622277320549,2883.0213936508667,3184.2720053126986,3086.3350344913074,1353.4219392848916,541.4771808296297,2239.083235560997
1928,2,18,1,11098.930876527374,17156.428802145714,9247.707317670089,5825.619087565325,1222.3678505148753,1805.0718401972579,1263.900200931994,2778.3072136379965,3449.929841668344,2234.7081796190473,4007.229078046158,2702.894805547001,1246.0769635481852,432.6374650910226,2246.2087344386696
1928,2,19,1,10994.75318598974,30071.94261949139,7429.488674463939,5825.619087565325,943.6138416165089,1686.8984091646714,1192.2089070214297,2784.3345809034968,3460.482458699973,1957.3936996953862,6153.052720065945,2774.656507473818,1587.2950518684731,398.63619059551456,1687.758238575773
1928,2,20,1,10703.25599419669,23664.305615184476,5895.944959354061,5825.619087565325,2592.236802264308,2256.5349347099977,1012.957279393123,4690.064471951468,3472.431745633039,1855.4480474346917,4407.724754261428,2679.6207400571593,1428.200153136664,500.67241167565226,2274.29158295658
1928,2,21,1,10423.779305157635,31127.459237930558,5007.484680103303,4612.890916449499,1872.2793451480252,2209.078233212114,2628.888713181811,3470.990805534551,2953.336098996367,1684.168611819402,3972.7656203293936,2430.006387679177,1267.1508238155125,391.83269593705813,1984.6190962295036
1928,2,22,1,10326.613574559791,23438.980233164,5309.316082557642,4612.890916449499,1447.4540760493476,2084.6604993509027,1424.765046850425,3016.9291382003307,3490.278083260349,1739.2101765021541,2916.1387298889745,2439.7039149666994,1171.2987496964126,1008.148318009787,2254.5916742947825
1928,2,23,1,9836.076891325427,20837.885709153223,5437.622001506186,4612.890916449499,1265.604293606454,1947.4419446909092,1010.1969228514345,2707.21518948077,3503.6240400946313,1837.0870902102595,2945.1107575302262,2451.146997165806,1106.1227383051437,703.3841549042442,1987.4273810812947
1928,2,24,1,9566.617287915256,19668.421273950662,9204.938678020573,4612.890916449499,1116.5271175955786,1692.206066569051,800.6281589685215,2435.5200188974545,3825.9444161975994,1963.5071342717522,3470.7731675412115,2443.582925881709,1046.7037996280421,466.6549383833439,2010.0613186926637
1928,2,25,1,9420.968862875083,16674.078269531412,18370.907649999946,4612.890916449499,980.8709494740416,1650.9936678998806,934.8251535519223,2276.490251815547,3622.961723880494,2165.312435778697,4791.935499907222,2352.426169380059,1244.1650205804087,409.52178204906056,1827.7114194730996
1928,2,26,1,8931.133375634698,13725.143041716254,13409.010173190418,4612.890916449499,885.4778050206826,1672.2242975173106,797.8678024268329,2102.6238883875762,3534.9715201008025,2273.330215625459,5393.720492348,2422.2483658493716,1959.210446727265,1070.7242700708434,1872.9373799967582
1928,2,27,1,8733.49627618182,12341.490981019238,8923.817591041003,4612.890916449499,828.8203540397247,1683.7762577504034,666.4155691503462,2560.394704808412,3548.472662479664,2332.6057468223635,3829.609719043887,3537.4640039015003,1363.002897934612,1219.0242548285316,2079.3253592536316
1928,2,28,1,7745.911804054581,11819.729925313455,7098.246173110139,7596.048654963222,784.1053253332776,1631.0118988481402,574.4972558354767,2906.7365007566223,4160.058893689055,2163.2470862597092,4331.602171831852,17162.489842713414,1292.0910576399585,745.5658217867184,2055.2872792163225
1928,2,29,1,7745.911804054581,11819.729925313455,7098.246173110139,7596.048654963222,784.1053253332776,1631.0118988481402,574.4972558354767,2906.7365007566223,4160.058893689055,2163.2470862597092,4331.602171831852,17162.489842713414,1292.0910576399585,745.5658217867184,2055.2872792163225
1928,3,1,1,8717.669280888402,8285.976804847096,7127.289633273078,3766.222378093517,1593.4603434753733,1963.6771320454038,1435.1670683945306,2868.8722704990573,5287.326689554368,2223.5552922161687,7236.3793222539325,2152.463156713512,1883.3275547163157,393.67935877292075,1480.511007983613
1928,3,2,1,8939.34738585022,10259.587261207935,8101.654830559087,3766.222378093517,2427.1551555863266,3090.3054699079075,1137.9842759736591,1908.8208486199953,5279.567412324948,4684.41924417194,8037.749394000121,2385.5917127029184,1455.0310861181038,529.7816495357938,1581.0434142077145
1928,3,3,1,8717.669280888402,13145.122951876412,8292.826973404979,3766.222378093517,1955.632578165547,2753.7375474426763,3440.7766316029542,2079.905350233037,5957.4178710722335,8058.993823358252,7196.424434461438,1905.1762108846624,1346.4114817362863,481.4120422734839,1809.7300134818756
1928,3,4,1,8912.000742084087,14116.678021121581,7962.9324807505545,3766.222378093517,1616.19156628075,2518.6395459432806,2257.7221273496148,4020.253966088001,5758.935559547934,11078.741355170709,6873.18749862226,1760.0042273920862,1260.3315605636792,449.9215812828865,1673.6958569671879
1928,3,5,1,7846.383172909616,43126.250018158826,7526.545300831618,4976.66786442445,1441.5072372025056,2935.602867327641,1394.3231487183325,3732.7949118873344,5695.309486268114,4915.325320402471,6408.309538760175,1957.1549571450178,2836.2611736791337,448.78766550647276,1738.7684276000546
1928,3,6,1,9009.266643537801,57831.51563413996,8038.298421680311,4976.66786442445,1298.068184360625,2705.1880929497365,2473.092318540515,9897.555241464323,5594.438882287879,3568.510899025696,6551.465440045682,1654.2623898501813,2781.0272657204564,951.5821195637104,1764.3992662100663
1928,3,7,1,6810.716689764971,47539.37185385632,7261.23267951044,4976.66786442445,1204.3323556514513,2505.0581872909756,2954.8291183873807,6893.453577187999,6509.568038705452,2731.0116690483,4747.057261012364,2175.7372222033537,1807.5083941376056,801.9862310615399,1819.579967812729
1928,3,8,1,8098.012363901262,33912.755119867186,7458.409588381672,4976.66786442445,1231.3206051723218,2418.574593113856,2066.0566929010524,3921.034228025192,5910.862207696604,2568.055591994717,6273.296102759515,2623.956933427503,1987.847103622786,671.5049227903085,1833.3908612256623
1928,3,9,1,7355.846489675252,28319.0310924411,7797.985234423643,4976.66786442445,1322.2130000066259,2198.7751335447992,1523.8883585961548,3094.666721137384,5248.530303408159,2460.863951955771,4563.7571122764275,3138.3137807516628,1743.9893999851017,642.2660945557252,1951.6741425950572
1928,3,10,1,7004.246784110326,49154.34655008881,6456.71657836832,4976.66786442445,1377.6030918890312,2016.7537060891116,1397.1302909640783,3097.448582952179,6830.646930451784,1955.4522711474172,5275.181346574748,3312.0934697421117,1559.550635024574,627.638581040027,2566.646610437667
1928,3,11,1,7036.101116409387,66734.86685071477,6778.2779263342745,4976.66786442445,1455.708158383232,2169.8952329621557,2225.2840391760574,4060.4364145247177,6207.111412309327,1996.697301043016,4145.461628229301,3299.486684268545,1547.2504685983674,609.6417177887141,2227.766266755312
1928,3,12,1,6461.921768175961,76357.88848895195,6416.031224890924,12244.528702375646,1479.8529740292738,2066.864236289185,2037.985270443149,4106.4916823482545,6928.413823540206,1835.8065735084208,7119.733773058496,3274.4670638669063,1590.2904291846437,550.0301455431207,2267.166084078907
1928,3,13,1,7727.380195641598,98526.30772768075,6680.2409300031395,12244.528702375646,1494.0538952100414,1978.8195664049315,1898.563872235578,6065.540591514179,6335.9154143149835,1875.0069073801194,4520.393750643517,3374.93344656445,1582.0903182338943,542.157530295478,3380.8396439601256
1928,3,14,1,8084.38912744613,81668.88485072587,6394.463085697906,12244.528702375646,1461.395026132972,2009.1044351239866,3522.3397090777758,8784.96506340463,6335.9154143149835,1891.5090500374258,3882.2517039081586,3731.4145496498263,1635.3697956032843,541.0236145190643,2698.8874866674055
1928,3,15,1,8535.057809878612,55864.416481594424,6777.052463880105,12244.528702375646,1342.0845407435513,2241.236392779748,2991.4779199296454,5625.697329011297,6335.9154143149835,1945.1255235521094,5928.282806275131,4263.808797728651,1774.7291941452263,573.6479912860755,3028.1274495152984
1928,3,16,1,10242.470055279453,38972.72358455988,7873.228629107591,12244.528702375646,1195.8183022204234,2218.4446874550954,1830.880553642629,4340.786266309781,6335.9154143149835,1895.6190955803136,3727.355503839891,4830.14439131338,1834.1481328223279,600.6513855614578,3526.912370952519
1928,3,17,1,11028.81127712709,32689.31540304002,8126.654264623598,12244.528702375646,1089.2951451711056,2212.3564921971038,2192.8459510025,2916.3184692300574,7015.162542963261,2359.6618255219273,5491.808795080715,5283.6007672727055,1877.1880934086041,555.6511280347626,2409.047341143198
1928,3,18,1,9885.961977756195,27752.71901063201,8555.933762308532,12244.528702375646,1004.0896180865415,2265.433066240812,1850.686501710152,3439.6175861782635,6318.845004410572,2666.9858339575885,5325.1722962299045,5554.161778591397,1907.9278875686737,599.5174697850441,6523.39422251107
1928,3,19,1,9433.490219910831,23804.812697509387,8901.391628130337,8167.757435152176,1106.339500226743,2197.2140578375765,1378.8214854276316,3783.0229724331307,6954.640180575254,3096.1654640174634,4928.653172827982,5948.463238097473,2020.6475474259482,688.384069062021,2822.9549965375136
1928,3,20,1,10201.400004201836,25262.145301376742,9325.769275998895,8167.757435152176,2087.7303918950706,2103.2373002661425,1598.5115566301288,3594.783656295273,6776.331989846957,3585.0336951782124,5026.9308352184125,5962.815578482837,2022.6869532582577,1438.615144328836,3185.726718809767
1928,3,21,1,10155.321410310016,29156.933083377135,9276.75077783333,8167.757435152176,2113.240055801032,1977.2584906977975,1740.7400970834456,3985.789789159689,6546.812569405866,3931.5993444758715,4745.353024092264,6392.997888952534,1662.0095342879517,859.3461705511061,2937.3821255731596
1928,3,22,1,20300.625734992103,26955.9410437914,9998.793255811992,8167.757435152176,4665.343819945856,1940.8854267207512,1387.2741026344186,4458.551749804869,5861.2028334296065,4226.531255797114,4200.565288644755,6586.560533609231,1563.6506904999762,1383.5068375952842,3696.2477560454554
1928,3,23,1,27541.976935932264,23708.85664128779,13375.92268692875,8167.757435152176,13829.974921545301,2027.369020897871,1112.6420195879844,3826.1418305631905,5940.347461167822,3292.1671333759577,5766.759018184618,6830.3563696147,1436.5914583842407,1698.443845094898,5703.123557592896
1928,3,24,1,41704.13259769687,21584.972146879485,31016.454714261865,8167.757435152176,7120.933314280882,2115.257583211314,928.1347978661361,3514.2642115432923,7863.561915209424,3005.29008517905,5746.686894459295,6697.694196322836,1489.8709357536304,2191.049255961251,4169.464710921645
1928,3,25,1,31203.221733198687,20120.785538996362,28901.306518417452,8167.757435152176,3956.7600983290117,1931.8311876192145,4992.814388830529,3393.562318354727,6551.468135743474,3215.7492011708277,5493.513032000815,6498.700936385254,1442.7309196919523,1555.6028548607958,3680.5297438152775
1928,3,26,1,24882.44070152949,20007.694472734536,19000.79535142731,7062.315448921263,2956.846265990096,2040.950379550176,2961.8469740018345,1111.0601540614675,7039.992230096871,3023.8782308505547,4440.48397505831,6063.281961180593,1545.1898189553299,1246.2868298527976,3349.403619499861
1928,3,27,1,20372.748751517975,16061.501660615862,15274.16402839032,7062.315448921263,2584.7626332218115,2007.6994669874864,2047.8102683033485,3944.06186193696,7157.933243981519,3327.071540247995,4380.456963540492,5158.114764173524,1729.6285839158577,1116.9232385611667,3310.0038021762666
1928,3,28,1,17590.002363883308,15335.833985438487,13900.420617300262,7062.315448921263,5489.127233978698,2012.2265865383433,2749.127972709822,5864.319253573632,6039.666209702261,3815.939771408621,4618.671413033948,4980.650014813987,1713.2496058250322,1016.8146743009195,3579.9344655422856
1928,3,29,1,15978.253286236002,13894.77964110819,12174.479296890622,7062.315448921263,4706.614231615321,2194.2480139940308,3558.98851062004,3392.171387447263,6458.3568089924365,4294.481254974063,4252.071115562295,5256.641641413776,1651.7700175048378,985.3242133103221,3234.976490464215
1928,3,30,1,13481.995547579707,18368.730762447645,11444.103674223788,7062.315448921263,4270.512716178612,1860.6461353723448,2337.8816337016515,3025.5838194020794,5990.0068354350415,4339.918944393269,4418.707614413105,5634.845205622692,1686.6098671403647,1113.5538888255392,3430.298989111056
1928,3,31,1,14167.16420457833,13337.035064319607,11876.814466780217,7062.315448921263,3320.480838101639,1875.7885697318725,3059.0052861755594,2692.069497377743,6329.707992531581,4028.464236919632,3932.2426535633144,5529.142158189971,1690.7099226157118,1362.1406246083436,3122.6450963926654
1928,4,1,1,15669.727048873801,20509.750266894578,16904.029092395132,6396.186525361833,1026.788344504755,4247.218676489378,7779.994734205489,5581.342087852321,9802.60529479858,5968.653575121283,10433.527784296126,8621.877560690917,4838.702775289503,855.6528448793807,5246.672482428931
1928,4,2,1,16543.216915690875,20125.92604200819,17096.4266976952,8174.086697509967,828.2029226840713,3759.694733141125,3990.196750042769,6001.403221894138,9848.540215995672,6773.313747745629,10703.36529663973,6987.456311670652,3507.7780315923646,870.280358395066,4519.452449913292
1928,4,3,1,14659.003108944778,24635.003933928074,15138.137695980839,8174.086697509967,845.1335403846778,6716.5282300862855,14610.551579946332,6153.014690803215,10816.277272027473,7402.625746202098,19432.088081897415,25851.668242779226,3947.100037971562,884.9240707075776,4473.975001193981
1928,4,4,1,14102.053147992248,22581.372980682227,14802.360983546583,8174.086697509967,806.6415698157974,14810.081341464718,38602.88445001514,5092.507147832561,10005.27761602653,7009.17666282183,30774.731583219454,42203.63875481102,3685.1638513828307,860.966050231699,4086.683179842745
1928,4,5,1,13611.215952189312,19285.453799565847,14383.25282423092,8174.086697509967,1508.6122766493602,10574.102410066813,23417.804423763864,5075.506881186293,9994.569813450098,7192.786235066029,26608.819111949182,26220.17427970083,3374.1544619538618,850.3234407302491,4442.329403237326
1928,4,6,1,13144.419761894836,18881.92431313292,13754.590585257729,8174.086697509967,1282.3236847906624,6741.349333830239,10445.064391888727,6011.139738246123,10105.372292283642,7564.75568344811,15721.01750862678,14919.063880043961,3445.7461041926367,858.3094475555332,3936.418982922341
1928,4,7,1,11988.448080350567,17547.963781550246,12743.584060592753,8174.086697509967,1026.788344504755,5646.410832823202,6338.839095686565,11716.120128980618,16891.946528073513,10376.935588595346,12878.160966300551,12382.966543840223,3498.4307548609277,956.7819333383873,3977.9145352100318
1928,4,8,1,10834.479815931403,18760.265741852178,11427.927569829175,8174.086697509967,940.5754294187817,5438.631656199315,5290.059562190233,14497.672848069318,16746.07211616367,9780.462647491806,11639.559444728864,10963.830400600622,3015.983812652432,2025.3355646372572,3818.0099574551664
1928,4,9,1,9430.88577764714,18927.3320897378,10123.79042613425,8503.312098515262,919.0303247440894,4962.191350371901,3886.800343989499,9291.418461585115,12731.422077750498,7045.320279405407,11809.793777077371,9890.895981521537,2848.157707701013,1389.2574104613675,3644.0639554413447
1928,4,10,1,10265.509352225361,18159.683639964223,10088.006922473227,8503.312098515262,942.1190078080178,5090.9800962131585,4154.882428462408,7746.09422343828,11940.751728090134,6235.70326793527,11487.503639527427,9938.995716867097,2874.500033035158,1182.9981307322926,3644.0639554413447
1928,4,11,1,9230.74440678692,24312.00899468126,9789.851907381397,8503.312098515262,1028.3156747004095,5137.968474998964,4707.733498535932,6818.961499701651,10446.00456264766,5555.583671309956,10325.024700385316,9260.36275729409,3072.4923492563303,1048.5967136340269,3853.4278783471414
1928,4,12,1,9378.195907240455,36636.364965661065,9690.099263614364,8503.312098515262,1499.3833027011888,6038.553050463609,4310.990727797685,5929.693006222587,10650.073553777043,5696.440508509644,10531.426727370905,8981.461872508044,3924.3691604655246,951.4525291892556,3531.313414376921
1928,4,13,1,8189.468355690444,27749.29200862412,9650.026641363902,8503.312098515262,1968.956096893518,4726.000595877538,3635.7170653382796,10586.684232153075,13150.267862585477,7178.122253480761,10656.214741851189,9448.68873721561,3304.2623245753634,947.4676251750203,3503.649712851885
1928,4,14,1,7974.101014674913,21985.074631304527,9316.088122611049,8503.312098515262,1533.2445381024838,5250.522033485638,3298.08023410862,8289.793660362007,11593.446479308976,6035.777434490537,11166.917738897366,10906.22708851346,3441.922218257029,886.2523720456473,3640.082059009725
1928,4,15,1,7528.24053334441,22749.29607907022,9153.469254946667,8503.312098515262,1322.3429855551972,5728.055092308109,3139.788601915471,7400.525166882943,11589.256469605107,5657.198867647523,10449.8127148656,10190.937475793999,2981.9937154470704,871.6086597331488,3766.4548773402303
1928,4,16,1,10919.625043775255,23046.5885032571,9423.43863359381,9982.284322256257,1206.8995702355962,6255.074251047676,5731.092799473162,7108.275128445559,10772.980505088235,5852.167862246462,10341.309630954791,10269.68139736779,2729.4048055898315,843.6657352430346,3794.118578865267
1928,4,17,1,16566.256212636785,19007.86663692391,11820.443193889934,9982.284322256257,1169.951178055911,6140.022971429445,6102.415337652304,9426.338759605154,12201.618628537395,7851.632731645018,12744.09432858869,10404.283076116946,2603.0041316073793,835.6797284177375,4185.392296648214
1928,4,18,1,17277.469292269936,17453.721226332593,12296.2902648321,9982.284322256257,1176.109243419192,5317.336073752461,3671.5861051456345,16102.34347159961,22792.10093319391,16370.166822993482,11748.251888297389,8904.657456391758,2593.6568548759424,1059.239323135477,4497.656806287489
1928,4,19,1,15311.115383368608,16979.081448235636,12199.846369691355,9982.284322256257,1237.6898970520417,4943.770657027383,2865.624375910054,13054.968401314412,18246.716332300162,11232.40335938854,10189.064466095639,8935.301642619988,2806.732276731991,1197.641843044791,4559.061840733279
1928,4,20,1,17653.110003343805,16030.658642544093,13768.070672253292,9982.284322256257,1684.1252635996973,4824.972795711908,2405.564952294601,10312.670843390873,14386.941467382896,9338.064780509942,10801.074880056796,9616.06805819621,3289.179218940487,1020.6537891439128,4987.849214372205
1928,4,21,1,17053.08657418855,15464.346560735794,13162.692219908413,9982.284322256257,2298.3069805709288,4881.795951452772,2036.2697946262942,9024.514275238518,12893.59097184186,9303.57344354175,11369.72193238504,10788.887008335712,4058.2051682115825,944.8110224988546,5655.759947405971
1928,4,22,1,14124.090736375607,15206.464659639605,11512.607025409956,9982.284322256257,2144.4365874567325,4999.34495220247,1686.0008232905125,8677.55428777585,12858.363853220979,10170.607171641668,11329.956404250262,11379.272469593327,4812.360449955358,951.4525291892556,5926.528904757646
1928,4,23,1,14608.917680801309,13899.920144120815,11547.287612862314,7933.989761510627,1761.1417011246626,4792.814636144273,1679.606777064022,8879.857460866631,12100.127282378844,10349.05337008809,11322.571377596716,10640.902741929733,4812.360449955358,971.4256456508859,5926.528904757646
1928,4,24,1,15226.971864088266,13707.151281175251,13103.870022109792,7933.989761510627,1580.9654826195358,4677.763356526043,1540.3881169075435,9117.24300240005,12850.294204902622,9878.773284598969,11027.549030767708,9598.612509078881,4237.29049286227,942.1382210258887,6189.3340692459915
1928,4,25,1,14770.1927594222,13265.06802215321,11876.814466780217,7933.989761510627,1599.4396787093785,4575.0445749945175,1415.8913583067674,7723.684781040971,12820.498580342246,8403.90719304077,10893.482393055845,9740.972209658054,3713.4181196847526,907.5375910485601,6025.238021563025
1928,4,26,1,13088.324082374611,13211.94949103098,11141.782086787722,7933.989761510627,1778.039822438147,4638.112033564006,1346.2586353764996,7765.721804020795,11539.286724248728,8923.342597083472,10207.242993242928,10529.381178124499,3443.8341612248055,868.9520570569831,5511.363808384891
1928,4,27,1,12903.007998244779,13642.894993526199,10881.616407773932,7933.989761510627,1981.1422420715082,5045.084470422496,1289.2892430216375,7869.732526320321,12257.01986795428,9890.339241905695,10491.471839578195,11283.072998902207,3830.2590788281577,918.1963993468233,5586.600693593244
1928,4,28,1,12120.673610648313,13769.694067819564,11152.56615638393,7933.989761510627,3095.7683210192995,5440.973269760061,1185.8928369684568,7904.814894763092,12388.151653128629,9588.798212123394,10337.522437798942,13748.184435361962,4275.104476003239,919.5247006848932,6135.892827663442
1928,4,29,1,11283.245252094652,14443.956712877856,9866.81094950124,7933.989761510627,2850.9080439093505,5801.1134354034675,1076.1647656274404,7645.01991083223,11467.746188195131,9177.380587927331,11369.72193238504,16595.766348037057,4646.446287971715,839.6808312287862,6001.5562164696075
1928,4,30,1,10743.324336711275,14329.15214561209,9957.862809843882,9536.226963629775,2435.279252371681,5572.259736732786,960.1050289987654,7319.078434859407,11475.81583651349,10149.127536643484,21196.92009245367,19178.21786467456,5027.135376671681,829.0382217273363,6465.971084496901
1928,5,1,1,9139.689098422665,17688.470863875154,8083.763078728877,7051.317058594512,634.8169228059634,5893.2169021263235,5452.405955405054,3965.3894691841683,7894.599024126214,4761.66331618464,19593.04379101456,19179.575518494938,1909.8823181580162,664.1182714468318,5352.5070981119825
1928,5,2,1,12438.215225075888,16530.14418519862,9240.47708919058,7051.317058594512,624.0118740814743,5548.843601125333,6265.229587908142,3727.0766403790626,8689.614569035026,4866.583071752736,20299.355314552802,20153.401208696647,1904.8475350094811,617.3685438651019,6106.971685159876
1928,5,3,1,13774.494447936266,15972.399608410034,7975.187105291946,7051.317058594512,611.8582252906065,6088.663580663682,9104.030160136308,3925.979760140458,8732.445779340527,5656.785797743677,19269.238776202237,19643.311273378913,2222.1026047999117,610.5002540194181,5579.26562121918
1928,5,4,1,12199.808587114449,15144.778623496866,7423.974093420328,7051.317058594512,588.8995277752497,6476.747001465399,7503.335270648307,3542.391925449007,7917.41129918029,5950.271964401641,17603.063147352063,18851.023293997456,2530.775175046049,677.8710499350129,5579.26562121918
1928,5,5,1,11713.979934125713,14997.41753715698,6729.994705641148,7051.317058594512,575.3972789180441,6591.486065942185,10704.72504962422,4931.313710450049,11374.014119265776,7632.499147673073,16431.116225320653,17566.87673059843,3542.8303193353913,728.73527190542,5579.26562121918
1928,5,6,1,10292.555483422442,15035.114559243724,8187.682294839844,7051.317058594512,572.6838305917457,6063.99858449045,9179.043239037603,4405.387279565597,10444.607892746444,5947.380475074959,16271.29667415002,17936.352520248787,3319.55786831774,752.1101356962914,5620.76117350687
1928,5,7,1,10342.640911565435,14461.948473418859,9006.781399186488,6709.640649672239,668.5806690458091,5656.7139324905165,7628.409052932902,3509.9368709424843,8772.018093209634,5121.860272308136,17197.07604106084,19044.585938654156,2752.348121203424,738.3735560049108,5896.14074777934
1928,5,8,1,9592.561539693432,13765.41031530931,7897.247693208646,6709.640649672239,1361.4848838669357,5495.454811940181,6702.987825904307,4000.626385505486,8787.38146212367,5734.649474612086,18573.72075315796,20684.825704046718,2443.675550957287,741.1111526651041,5948.53412187984
1928,5,9,1,8987.028713442221,12942.073082907189,8540.49293538636,6709.640649672239,1391.202829907686,5648.596338813313,5752.614223357539,7121.411698126795,16496.223389381772,10129.093646308576,19992.59266894103,21856.287000366054,3813.0515921179494,734.2428628194202,6173.406483519423
1928,5,10,1,8835.269866168463,12650.777912233716,7950.432763718451,6709.640649672239,1010.3126762241081,5484.527281989977,5690.077332215243,5496.804398256761,13092.538839999675,6407.12727801691,19113.963856818536,22502.142317707618,3217.3751385941564,661.3644759898382,6394.92566921656
1928,5,11,1,8774.265814690383,12968.632348468702,9299.421833234708,6709.640649672239,869.8307946121282,5917.725790728921,5452.405955405054,8355.32196088951,9672.404622891709,5326.123339742826,20827.668759772903,23256.609940668157,2634.869847737409,614.6147484081082,6085.176041534073
1928,5,12,1,9679.209330381113,13140.839199366157,9523.681462342269,6709.640649672239,749.6266585763291,6465.819471515195,9904.37760488022,4752.347267028266,9773.120041327364,5574.378351933323,20030.464600497995,23791.91344693324,2472.1422573668187,545.8670547640166,6173.406483519423
1928,5,13,1,8330.408750485467,12578.810870067318,9236.923248073579,6709.640649672239,675.3399175712028,6320.951645890165,10604.603642857714,4886.185729898068,9310.822304008792,7022.6014346958045,19992.59266894103,25223.26847455499,2796.110371355333,525.2459864301518,6335.616369734686
1928,5,14,1,9453.12370774272,12829.838767147738,7786.3433411091855,5680.046053335637,621.3146739487577,5909.608197051629,8441.2326854359,5099.152706612386,9437.453708390112,8741.798374358385,21872.93407074621,27122.044317430013,3376.703719244249,556.866037795204,6715.363545215467
1928,5,15,1,9850.000640349135,12978.056603989991,7655.341404761589,5680.046053335637,763.1289074335347,6066.808520763363,7140.590111553438,5742.226429477603,10421.795617692589,10910.621904319594,23234.430010220367,27773.71815114388,4266.182075486802,571.9957140118818,6907.961588409126
1928,5,16,1,8965.592150196973,13679.735265111369,8007.049129099746,5680.046053335637,1343.920586617053,6221.1989082021855,6215.1688845248445,13746.415610182317,21777.18747160816,22264.467815428747,21924.0611783481,25574.31896235927,7469.961175198913,654.4961861441543,7502.10245070937
1928,5,17,1,8372.480510125637,13474.971895138204,8586.570323662163,5680.046053335637,1133.2140123926238,6527.32585437764,6102.7272423462855,10500.137420135725,19218.177841402096,13379.953789303547,21437.406857840593,27160.83442657968,5826.964851535141,709.4911013000519,8031.485102621291
1928,5,18,1,7757.030769102371,12613.937640648544,7737.937574170553,5680.046053335637,954.9225843417026,8256.21720006518,5852.579677777099,8384.840605702557,19654.24922168584,11258.013693424824,23427.576861161248,27352.84546687029,5209.407272935367,695.738322811884,7777.691598478231
1928,5,19,1,7734.792839006791,14623.874318293452,6748.866827435114,5680.046053335637,844.1748969640138,8796.03717960353,4802.084668463824,5017.396878831622,19654.24922168584,11258.013693424824,23851.742494599534,26183.323676008673,5912.577408871127,620.1223393221085,7379.711528810486
1928,5,20,1,7764.4434124675645,15318.698975399057,6542.376403912556,5680.046053335637,773.9339561580238,8760.444653480095,4652.058510661054,10206.805546548107,19654.24922168584,11258.013693424824,25749.126265605275,26092.16691950702,6258.426647935622,664.1182714468318,6731.5007044384265
1928,5,21,1,7810.7223480716075,13868.220375547473,7294.197619526901,5791.793849390655,719.9087125355786,8319.128551063948,4201.82408490589,13426.346953596447,19654.24922168584,11258.013693424824,21213.96246165423,25855.547253694236,6354.023796325656,701.2459137258713,6049.338973649315
1928,5,22,1,8690.122295409565,14473.086229944885,9199.17900448625,5791.793849390655,672.6427174384862,9163.67050864143,4039.321739344033,12643.561948474477,25535.781361456255,15141.696929058655,25590.06415306594,22207.33748817033,6939.7156587954005,646.2347997731604,5885.452499462829
1928,5,23,1,8770.058638726032,13503.244661703658,9714.976151433368,5791.793849390655,625.360474147853,7376.082716364355,3751.5896591506366,12547.742263740922,26594.146775525598,15165.86151843166,17021.160918978672,17454.967265701776,7449.991993090763,578.8640038575656,5797.222057477479
1928,5,24,1,8714.864496912485,10770.210560388487,10937.742588173502,5791.793849390655,588.8995277752497,6726.8313297536,3726.637283632461,12519.460001956659,25723.55587040412,15051.028085172104,14990.657308550088,17876.033900521077,7416.426772100457,526.6228841586487,5937.636300066939
1928,5,25,1,8322.194740269944,10718.805530269405,11262.245046029522,5791.793849390655,559.1815817344991,6005.302137900919,4189.347897146801,12116.24458668256,25507.84796343083,15955.857709470736,16071.522235186894,19546.336000504747,7626.103184236008,470.2510712742412,5962.785119635188
1928,5,26,1,6958.468702787561,9860.341527285262,10327.462286012247,5791.793849390655,524.0692354283156,6214.330175090583,3639.148016972077,12645.107427260487,24666.742311780352,16574.429890428175,19581.68221154745,20995.146577243828,8039.082865281006,481.25005430542853,5019.494812328952
1928,5,27,1,8020.179608566732,10059.107643745023,9830.537260858793,5791.793849390655,478.1355922040202,6297.6916178533465,3614.039689106955,13060.995768579915,24817.272290027802,17310.520459019863,19634.702915727372,20463.722081893753,8059.052047389156,464.7434803602539,4576.4564409346785
1928,5,28,1,7782.674508311494,9571.6166081181,8992.566034718486,4148.883354742664,432.2181971733065,4955.634832401832,7215.759142801858,13055.432044950192,23985.477771052316,15716.277165260162,16493.604912389652,15861.857482926021,7788.830774606598,463.36658263175707,5048.206381336037
1928,5,29,1,7779.368870054302,9425.112272279788,7879.60103386915,4148.883354742664,398.45445093346063,4247.6869992015445,8303.68271539222,12415.1401838999,23077.642335230423,12999.929477797132,14878.745750799082,14847.69007920856,6892.766837030495,444.12241202638904,5194.069534831948
1928,5,30,1,7281.920397736022,7886.388370723951,8269.053001794638,4148.883354742664,366.03930475999357,4264.078294126762,5477.35833092323,9783.808002812944,21095.922930880348,11365.824938319602,14092.1457323602,15291.836828971991,5682.719376519925,472.98866793443455,6369.776849648312
1928,5,31,1,6910.687204338729,7014.987435159922,8354.100096111939,4148.883354742664,337.66995878558095,4596.119097041225,4852.145371847121,8885.575732374904,18322.757249146787,12277.883285934879,15334.345087429805,17238.324506100947,5900.893312956803,519.7383955161645,6553.363232496594
1928,6,1,1,5356.937052481363,11489.880982050867,2289.163864331636,3409.708518070198,0.0,2440.273545443541,1840.3936468089355,5004.569404907615,15534.073012955054,7681.861001178518,9156.48625219389,18912.505616999628,6129.051840447728,491.26091073144414,7797.181933643637
1928,6,2,1,5182.739933399322,11455.610961972008,2264.8997077398667,3409.708518070198,0.0,2443.239589287176,1885.3079227415803,5105.489169635117,14161.922427734833,5838.536555420626,10463.257250568242,19594.823636941725,6160.917556577758,452.3999971941834,7265.28439977484
1928,6,3,1,4313.156729977546,11953.383003622592,1816.5029957702516,3409.708518070198,0.0,1821.307027551753,1885.3079227415803,4156.719742894051,15664.428870406507,4985.960273954116,13071.49717689893,18321.15040301326,5969.935697905191,427.42145251953235,6869.190491574707
1928,6,4,1,4924.399295036938,10565.447190415322,2165.269610218342,3409.708518070198,0.0,1952.9057096659224,1885.3079227415803,3662.630175001794,15098.467189305045,4384.1174241010585,13362.921690230025,16547.084761054375,5371.285110875847,373.30127239113904,6394.506522223686
1928,6,5,1,4635.105862081698,10344.4055609043,2216.371394556027,3409.708518070198,0.0,2239.9875322139696,1376.6069621003887,5438.385300144994,15021.805530280102,5131.567415047611,16431.873663951734,16576.75919455385,4774.758904921943,355.25581274941214,5793.868881535034
1928,6,6,1,3718.742868774126,9990.567603586513,2065.6395126968173,3409.708518070198,0.0,2346.140680301385,2266.9233158219395,5000.087516428259,13068.640266133765,5121.860272308136,18109.78959158467,14648.696819270763,4288.4880767778395,319.1810922627458,5512.62124936333
1928,6,7,1,4403.410671491472,9665.00241283418,1585.6258694104172,2181.2090702594837,0.0,2335.681473063348,2685.8113198325273,3304.2336445224496,12971.804486312598,5073.944163465971,19757.78669328756,12741.969004020224,3812.839154010449,306.69181992543326,5068.535010487009
1928,6,8,1,3552.4592473390317,9205.784143772711,1961.1075653586151,2181.2090702594837,0.0,2346.140680301385,2872.954136218489,3230.514306428975,12342.371917476119,5091.293099426059,18713.65754026098,12596.700045254796,3384.1390530079098,259.5047248299511,4766.330028675068
1928,6,9,1,3805.390659461806,9443.96078332316,1846.894464632867,2181.2090702594837,0.0,2346.140680301385,2506.310168448982,3298.2062772569484,12265.555072906376,5242.683219172916,20804.945600838684,11094.940969526397,3316.1588585972427,252.57163979703992,5045.691499379158
1928,6,10,1,4166.306254661638,9937.449072463487,1329.2591240046443,2181.2090702594837,0.0,2346.140680301385,3134.7981268118538,3120.4762168639472,9538.479497914928,5706.354186201105,19682.042830173632,11642.463360173628,3093.311283794646,206.777641226855,5068.535010487009
1928,6,11,1,4951.846109659424,9972.575843044715,1767.9746825864122,2181.2090702594837,0.0,2346.140680301385,3725.857521897551,2736.4247385367194,8776.82884509182,6016.776218915309,17587.346295755953,13444.845781811613,2853.256222281842,224.80690207178154,4643.939106776183
1928,6,12,1,4070.8434286208067,10572.301194431093,2068.090437605156,2181.2090702594837,0.0,2346.140680301385,3875.415822659303,2680.787502239748,8501.995245631959,6382.756153692043,13312.362661601503,14569.758947151266,2647.403696081899,233.1330836300029,4127.130864648388
1928,6,13,1,4486.552482209258,10447.21562114167,1535.8720937724086,2181.2090702594837,0.0,2346.140680301385,3770.771797830196,2710.924338567252,7207.592618248738,6524.645665651286,12121.858493107156,16003.63533186786,2594.294169198553,190.12527811042528,3889.8936667210733
1928,6,14,1,3607.2527057276516,9879.190038329429,1188.3554510277095,889.1368511926347,0.0,2346.140680301385,4264.516928395133,2503.0574418468796,7207.592618248738,6568.637610407091,12200.253391430197,17533.71118727557,2568.8015962945183,216.48072051357317,4477.328177136427
1928,6,15,1,4027.46944784903,12324.355970979808,1548.0041720682927,889.1368511926347,0.0,2346.140680301385,4249.545503084281,2489.457228529733,8218.005699041461,6639.479098910721,13159.7387774267,17494.145275942858,2496.572639733133,201.22145392244065,3995.0995619150403
1928,6,16,1,5001.330512664787,9919.457311922484,1501.8042375472849,889.1368511926347,0.0,2346.140680301385,4346.859767604952,2769.6525324362483,7778.8306078659025,5489.90555660398,13238.133675749741,16463.879976928452,2360.8246890192436,215.10382278507635,3955.0710241021807
1928,6,17,1,3522.4079904528544,8733.714617182066,1574.7192535687018,889.1368511926347,0.0,2346.140680301385,4257.031215739751,3537.7554890908373,7166.158077844455,5608.663153949651,11032.09366255442,14132.206515943391,2267.3519217045414,192.8952723642323,3513.080520189955
1928,6,18,1,4365.345746102475,9337.723721077906,1648.8597320439872,889.1368511926347,0.0,2346.140680301385,620.9710552380299,3734.9585821876717,6201.835103793401,4315.134750164678,9963.34775401581,12407.404312604522,2089.052618051726,188.7321815851281,3803.7589596998196
1928,6,19,1,3362.2347912513474,8302.340739434869,1064.4121784159715,889.1368511926347,0.0,1043.7039962977453,389.0387247969978,3269.6149197154564,5274.446289353825,5942.0105663254435,9582.356122552497,11226.245488997878,1815.1774098196045,185.9621873313211,4081.234268936295
1928,6,20,1,3689.5931495951077,8005.64804059981,1281.9562732746726,889.1368511926347,0.0,1043.7039962977453,389.0387247969978,3161.122308936441,4555.782032380797,4508.8645350520765,9330.129058382814,11168.254275819301,1717.5196117864784,199.82835739714346,4683.967644589043
1928,6,21,1,3422.4374758790964,7242.369018385611,1855.4727018120525,687.0673685398783,0.0,1039.2080982610503,119.70590250127864,2509.0848091123808,4431.478411168167,3985.711501875122,10205.538756322829,12201.428833019967,1645.3331428466038,195.66526661802632,4837.165870459018
1928,6,22,1,3739.9790903071516,7515.415403366735,1725.4511354279123,687.0673685398783,0.0,1030.2475237019116,261.8595858280506,2283.1358105953727,3935.5054106747316,4071.836576819728,10230.912950466165,13185.146001054905,1494.6083055515883,165.14673343578724,4006.626104217117
1928,6,23,1,3319.7623481857736,7152.067515476944,1823.8557704952675,687.0673685398783,0.0,865.756976437696,7.481501942069949,1942.8213819125303,3502.5377412825746,3816.9724461681762,10516.656674063595,12821.100826685431,1316.2665142772612,190.12527811042528,4913.660196645811
1928,6,24,1,3319.7623481857736,7098.52060910353,1441.1438460675608,687.0673685398783,0.0,1006.316233111093,44.88932355711367,1855.5018305021747,2808.3928003539972,3725.0643925702075,10663.599768504733,12540.260436442093,1280.1732798073515,173.47291499399557,3888.00750525346
1928,6,25,1,3841.652509437443,6691.221420462245,1975.6905685628383,687.0673685398783,0.0,1009.3134984688007,44.88932355711367,1974.5036970260464,2900.5730138375575,2814.8648595220566,10793.879213060965,11458.986143895869,1282.2976608826832,179.0129035016096,3564.6356003048904
1928,6,26,1,2522.8030155716224,6246.653584984608,2449.5768995786934,687.0673685398783,0.0,1018.289683785065,82.29761302919833,1552.7425363198013,2717.7644423164543,2402.8276304702845,11345.862615504304,10269.293496276163,1231.355002696125,151.26436457315154,3482.482789715257
1928,6,27,1,3295.0201466828526,7198.93176793522,2053.507434400933,687.0673685398783,0.0,1018.289683785065,82.29761302919833,1221.407339383724,2773.1656817333383,2548.4347715637796,12372.570680014454,10338.339890562642,1244.0800453373865,156.81569223853097,3446.0170013412335
1928,6,28,1,3204.7662051689267,5565.708286011177,2322.00625810259,558.2616916385282,0.0,1021.271338385736,82.29761302919833,1140.084245663027,1758.0970346030076,2408.6106091236466,12984.581093975612,10482.445146053611,1224.9818594701298,122.12110923972666,2921.8736868393735
1928,6,29,1,3325.9729412757106,5445.591865633746,1956.3282617874452,558.2616916385282,0.0,1031.74615638081,82.29761302919833,1594.9341071783072,2105.0919122950068,2136.604077463869,12715.690379921021,11329.233228790263,1150.671009454924,131.8355276842103,2921.8736868393735
1928,6,30,1,3716.939793361242,5698.333263717313,2331.687411490437,558.2616916385282,0.0,590.632993806584,14.963159836486843,1257.556088188808,1165.4434398329831,2115.5375123695294,11411.570416755569,11775.12553346528,1061.5107357231245,130.447290797935,2921.8736868393735
1928,7,1,1,2314.647976208583,11352.80090173464,0.0,958.1465625727901,0.0,85.96375596656893,57.407618449864856,492.9150040148916,1775.3226300519998,2476.7671432524567,3259.826508768908,3963.37940236456,1147.2932435451544,61.966877301153005,1965.7784389029025
1928,7,2,1,1891.3259375422358,10428.3671100983,0.0,958.1465625727901,0.0,81.15095956137283,0.0,479.283881122168,954.8411372766459,2108.5153240047503,2915.570650915608,4114.660828048211,1044.4519556882324,61.966877301153005,1867.9285734327204
1928,7,3,1,2690.8897124200785,8264.386692197573,0.0,570.3184176380832,0.0,50.03091533899733,67.9016518787079,303.93385805973753,703.0060355242227,1924.3068004000534,4031.6564739004784,3899.181771722054,1008.1675269214954,60.727669345498065,1884.2543488024426
1928,7,4,1,3577.5019614105277,9718.97769445878,0.0,570.3184176380832,0.0,37.30814832558579,71.60552011968014,274.70885421599917,1521.8735986357717,1734.5218330939792,1253.1064713580636,3651.5069248015757,917.4352111939528,68.1645369590714,1749.3309318186934
1928,7,5,1,3169.205551187269,8761.987383747522,0.0,570.3184176380832,0.0,40.918916436263196,121.60540208756736,284.4453705679825,910.0390705550091,1655.212411562168,3492.5495281866333,3124.1553909120075,925.486615469496,66.92532900342944,1873.8595033809352
1928,7,6,1,3169.205551187269,9757.531467047891,0.0,570.3184176380832,0.0,41.43407141962832,58.64276103801223,194.82305576626436,571.6725091418973,1574.0028684729323,3391.431470929371,3124.1553909120075,869.0418102978366,89.23269208478416,1811.5952175997688
1928,7,7,1,3232.313190647763,9156.092614658366,0.0,570.3184176380832,0.0,39.54360873824899,131.48186422228324,300.0392515188646,1538.8819343221744,1591.9507557935176,3221.9545772117276,2938.9326197226646,945.6469918744185,80.55823639523851,1753.7948472920768
1928,7,8,1,2769.9245180298635,8299.770487929352,0.0,570.3184176380832,0.0,31.635199205740605,48.76473937977306,298.0919482484945,1747.3892320265772,1566.443689233164,2297.1220085899226,2929.622993526558,838.7906237850614,80.55823639523851,1854.599699061551
1928,7,9,1,3339.3958360176616,7843.208145424112,0.0,570.3184176380832,0.0,21.663047588357387,48.14872760916919,331.2115586331058,837.4277542437468,1435.2113807922317,3494.2537651067328,3129.973907284521,862.9873242331469,80.55823639523851,1817.5261475479836
1928,7,10,1,3270.2779451804104,7849.633774188701,0.0,799.4169633109227,0.0,16.16181679630066,52.46860762074531,271.7878993103112,976.4740021918736,1286.9605923144613,4536.489321555276,2785.905639127216,838.7906237850614,80.55823639523851,1854.599699061551
1928,7,11,1,3687.5897324690436,7833.5268647514795,0.0,799.4169633109227,0.0,19.08415052011744,53.086178914819,255.22036672424406,1591.4277597186176,1220.8694077046391,912.3348312079619,2869.1104232531397,776.2913325487124,105.34401538789014,1827.9209929695817
1928,7,12,1,3250.343944779469,7498.023368176754,0.0,799.4169633109227,0.0,19.599305503482558,59.258772808616115,280.5507640271095,709.1824201986203,1143.4394542351642,3306.787703899516,2770.7774965588083,776.2913325487124,105.34401538789014,1813.08318942423
1928,7,13,1,3390.382801867812,6935.395313526097,0.0,799.4169633109227,0.0,17.88056114989161,49.999881967920444,304.9075096949226,1447.7104268784922,1254.8650607882623,2902.883553844048,2366.390608673794,705.719393226092,104.10480743224818,1790.8474414560144
1928,7,14,1,3390.382801867812,7272.95501130603,0.0,799.4169633109227,0.0,84.7601665963431,37.65469418032624,345.8163331610145,1290.1195063525588,1134.9508677118947,4294.866398221621,2345.4439497330854,733.9524177172858,101.6263915209513,2085.864052341391
1928,7,15,1,2400.6947417586357,7650.2679323787115,0.0,799.4169633109227,0.0,84.93344599983868,55.55490456764386,283.47171893266466,1146.433210621438,1046.1821453827674,3341.0618019585645,2657.31642729607,699.6649071614025,107.82405117886968,1832.3639510932446
1928,7,16,1,3501.4722814893603,6228.062099091788,0.0,799.4169633109227,0.0,76.33660208046958,55.55490456764386,342.89537825545926,217.8494674883758,914.9498369419582,3057.9691135700327,2646.0672956426715,693.6104210967128,85.51506821783232,1655.9449818218952
1928,7,17,1,2047.4923024925715,6940.707166638559,0.0,449.8341643611697,0.0,25.27381569903479,51.23502455606774,339.97442334977137,1863.3128338316913,1438.0409096334033,3014.6057519371216,2595.0583021110683,602.8781053691702,87.99348412912921,1426.1476430168861
1928,7,18,1,2594.825861241619,6754.278257407663,0.0,449.8341643611697,0.0,21.31961093278064,51.23502455606774,276.65615748636924,732.3516220052518,1007.4774953956356,3277.8156762584817,2481.5972328483294,554.484704473054,87.99348412912921,1614.4284721846648
1928,7,19,1,2593.824152678587,7024.326015632087,0.0,449.8341643611697,0.0,37.136429997797336,52.46860762074531,375.0413370047529,826.611321786133,885.6631807617204,3438.3926660599786,2383.264306153998,552.4665424514724,87.99348412912921,1612.9405003602037
1928,7,20,1,2758.905723838425,6582.756806911149,0.0,449.8341643611697,0.0,30.08817317993803,27.160660751483196,298.0919482484945,749.3444391372633,556.1366649962334,4274.983634154231,1990.1265499223823,502.05497953377466,80.55823639523851,1521.0425221877758
1928,7,21,1,2143.5561536715095,6572.047425637103,0.0,449.8341643611697,0.0,29.05630213750066,32.098112057132916,286.40812862614104,806.5147937623091,623.1779103848909,3041.684183000558,1857.9104628858172,471.8250368317825,80.55823639523851,1371.3022590083958
1928,7,22,1,2170.5021140122394,7316.906312058319,0.0,449.8341643611697,0.0,28.196149422851573,30.864528992455437,313.6703744117209,933.2082723616406,630.7370896245362,2619.7908654555163,1857.9104628858172,510.12762762004587,90.4719000404261,1584.7738224436825
1928,7,23,1,2165.493571198036,6712.468832911297,0.0,449.8341643611697,0.0,29.05630213750066,34.56839723342768,290.302735167014,489.78109726442506,525.9206015324942,2574.723266902724,1980.816923726488,711.7526354800538,104.10480743224818,1866.4615589578896
1928,7,24,1,2235.6131705987973,7928.883195622054,0.0,345.0796844195747,0.0,38.51173769581154,34.56839723342768,281.5244156622946,579.4007492623124,460.77947770138417,3149.8085475957164,1895.7114242520317,905.3262390645735,90.4719000404261,2348.2710271865835
1928,7,25,1,3655.535058457759,7928.883195622054,0.0,345.0796844195747,0.0,40.23204312510971,37.03712288625254,267.893292769571,1698.0402288485163,516.4819542303892,3672.8199223978036,1890.0286732615562,574.6450808779764,97.90876765399945,1878.3234188542283
1928,7,26,1,3250.343944779469,6605.289345113753,0.0,345.0796844195747,0.0,59.65963030080381,35.18596852750137,299.0655998836795,4214.839390927621,477.7773042432573,3770.150786499435,1854.1284272436621,536.342490089713,86.75427617348727,1612.9405003602037
1928,7,27,1,2536.826935451679,5574.275791030892,0.0,345.0796844195747,0.0,98.68652297997549,48.76473937977306,317.5804357402495,443.42717509699315,388.0791746306288,3441.990499557893,1642.4314065594465,544.4151381759842,86.75427617348727,1408.3758105219633
1928,7,28,1,2769.9245180298635,6263.360219773647,0.0,345.0796844195747,0.0,78.91549914870961,25.92551816333581,417.91291852913605,1778.4263409435898,411.68611963343506,3393.325067507186,1576.2942704594354,528.2698420034418,83.03665230653542,1503.2497323432228
1928,7,29,1,3030.168402661958,5673.915874410926,0.0,345.0796844195747,0.0,77.19519371941153,29.011815110234362,325.36964882186277,656.6521133567908,391.858764250513,2446.7161382399586,1563.066843239348,536.342490089713,87.99348412912921,1423.192656717594
1928,7,30,1,2628.883952378967,6224.806447184535,0.0,345.0796844195747,0.0,77.54019145069542,23.456792510510947,332.1852102682909,81.88830816659515,300.26051308033703,2807.2569266627333,1916.5029227562165,487.9490891935418,83.03665230653542,1368.3472727091942
1928,7,31,1,3414.423807376275,4579.67413328281,0.0,372.9491904738395,0.0,87.16734533679475,22.221649922363564,255.22036672424406,58.7128989382763,362.5721080702752,2659.3670339325786,1668.9056560541067,475.8613608748905,92.95193583140565,1420.2167130686717
1928,8,1,1,2287.601845011023,6874.309002735175,0.0,443.68129128217964,0.0,30.648599358811005,28.503410459052464,200.46405333532854,550.1017184446794,362.67537554620606,1760.249506837826,1278.1147014261094,573.6466217725497,27.393785278390236,1281.8143760446967
1928,8,2,1,3282.799302216158,5089.869057211382,0.0,443.68129128217964,0.0,15.217834316176733,31.503933615107492,148.81260682756655,224.73970566790808,551.4896285783573,1007.3555074846281,996.1300029627973,671.5805893454699,53.17741015428336,1393.4122628788314
1928,8,3,1,2749.7901759162205,8593.207534857158,0.0,443.68129128217964,0.0,4.977802107443631,10.501051284457498,150.56363429213408,1388.9726982532602,551.4896285783573,1056.7405062349183,867.9480872777651,489.69108167532914,41.89656805868173,1150.5165805487652
1928,8,4,1,3381.1670830892567,8117.368306058158,0.0,443.68129128217964,0.0,4.195547070582214,36.00315882572003,138.7453580153973,599.7610927118992,491.6771065064644,1160.01726359093,813.0212927217559,401.7629489672396,33.839286527439604,1377.0026581105888
1928,8,5,1,2714.4298636472654,8271.326371263263,0.0,443.68129128217964,0.0,2.9866500429520304,1.5001524113845963,164.56258113592165,1398.1286453836733,491.6771065064644,728.9400026433854,789.2041657039746,337.7978347888975,35.45106680963236,1326.118213184088
1928,8,6,1,2451.7818784646583,6749.052079345915,0.0,443.68129128217964,0.0,3.3422630890446956,28.503410459052464,197.83673939908118,525.2720313110693,480.4622586180767,905.5746914251407,648.2215139996679,343.78858942134804,32.22750624525985,1283.4490493166593
1928,8,7,1,2503.9708945895864,8087.382038488761,0.0,560.8245241013973,0.0,18.77349645439113,31.503933615107492,154.9342482989884,1398.1286453836733,407.5554205953365,947.479983693027,825.8414237957289,263.8481295565077,32.22750624525985,1399.9719133162203
1928,8,8,1,3229.708748384549,6198.589881823492,0.0,560.8245241013973,0.0,14.15115128546945,25.50288730299753,143.1221539374201,1306.662285405223,413.15251779204795,784.3277025454139,759.9176332959114,255.8392129025305,40.28478777650198,1280.1587454231044
1928,8,9,1,2467.508702901248,6917.317877934381,0.0,560.8245241013973,0.0,10.808888196424762,30.00367203707998,146.1868383701113,273.0955213604823,459.89137740830427,868.1572230468274,941.1838133523024,233.85186877279864,41.89656805868173,1388.4872857134046
1928,8,10,1,2829.426006664112,6719.065811776517,0.0,560.8245241013973,0.0,15.857407033403062,51.00577460599497,165.01076998391034,478.23529274730976,138.34124148535145,827.7289361098243,1080.3627249811427,219.8734412970989,29.005565560569988,1076.6419230669119
1928,8,11,1,2557.0614484216735,7276.039313113445,0.0,560.8245241013973,0.0,13.013439310086108,0.0,167.6380839201577,1217.8030425760644,401.93766990353726,945.9840423965027,954.0039444262754,213.8614428539203,41.89656805868173,1163.6358814235432
1928,8,12,1,2242.3246179695334,7478.232431581094,0.0,560.8245241013973,0.0,14.862377377654816,12.001156910137974,153.62677324603317,635.0347669959542,401.93766990353726,805.2898166621776,836.8190246850513,199.87664223496364,40.28478777650198,1099.632135622264
1928,8,13,1,2955.3407730160466,7149.497263971427,0.0,560.8245241013973,0.0,13.226682251685096,9.00094565877702,157.12882817516825,1200.825743998444,360.81656097908024,916.0462805005934,840.484689999867,203.8747274187503,32.22750624525985,1265.3838139267336
1928,8,14,1,2583.6067253374777,7653.00953398486,0.0,328.18781701202505,0.0,30.436293062636356,0.0,193.01484558665396,1566.7532581298096,336.50739713984524,1140.570026736332,906.4084804996844,181.88738328901843,20.948284029340865,1203.0356987471378
1928,8,15,1,2617.965329043401,7008.647481445254,0.0,328.18781701202505,0.0,34.772961377146395,0.0,166.32442695203403,1936.405225331083,441.1999642607455,1064.239148683181,1080.3627249811427,169.89525211878072,30.617345842762738,1176.7761396479514
1928,8,16,1,2661.2391389593054,5889.474300709648,0.0,328.18781701202505,0.0,34.84477085967615,13.501418488165486,169.38447494834887,0.0,353.33999572015506,1209.4211983068615,959.5121399255287,163.90024872419548,41.89656805868173,1142.3012994897836
1928,8,17,1,1682.77021475427,4540.691985442512,0.0,328.18781701202505,0.0,31.78662354933579,18.00157941286006,162.8161901077305,1374.602516824709,243.02967790733257,978.9136868852431,893.5883494257113,161.90120613227467,35.45106680963236,1024.1228048685393
1928,8,18,1,2216.7810496167613,6282.037380716386,0.0,328.18781701202505,0.0,25.173906853776177,16.501317834832548,141.37267195164466,1023.1227768940732,84.12581661020802,1275.2804872845597,986.975537203427,161.90120613227467,30.617345842762738,910.8902447624424
1928,8,19,1,2102.686444306595,5683.34012993301,0.0,328.18781701202505,0.0,20.19563642362033,19.501840990887484,136.55696005438594,397.2284384739184,336.50739713984524,1559.6797573118995,957.6696097408782,159.90216354040882,30.617345842762738,1073.372576523078
1928,8,20,1,1011.024452498075,6758.219309716652,0.0,328.18781701202505,0.0,17.635472263866344,12.001156910137974,142.68478344097625,1106.7367483165337,11.216913237995676,1219.8927873825312,970.4897408148513,159.90216354040882,33.839286527439604,945.3441275709803
1928,8,21,1,747.4448783516433,8262.159140892527,0.0,400.64230724905246,0.0,19.839711162386244,7.500684080749508,196.95581649102496,1336.7062068369712,265.4593736842309,1691.398335267079,1016.2620696112773,175.89237989443322,32.22750624525985,951.9247353579995
1928,8,22,1,1151.6643347240454,7624.308392168221,0.0,400.64230724905246,0.0,17.991397525100425,43.504466715857504,155.38243714697708,586.6944698577714,254.24452579584323,1344.1316588553068,992.4643376479819,181.88738328901843,24.171844593700367,991.3035953319638
1928,8,23,1,3040.886684284344,6112.486456374368,0.0,400.64230724905246,0.0,18.34732278633451,19.501840990887484,67.40296629492951,996.98953118604,272.935938943279,1474.354295513962,811.1787625373181,173.89333730256737,32.22750624525985,850.1558455050882
1928,8,24,1,3087.1656198888663,7055.597408954242,0.0,400.64230724905246,0.0,18.06164593192296,0.0,83.16066799724548,415.5248141805756,246.76796053679513,1552.181114863637,893.5883494257113,165.89716693499403,32.22750624525985,948.634431464535
1928,8,25,1,2950.4324010581945,4874.6533311139265,0.0,400.64230724905246,0.0,19.27147960497742,12.001156910137974,40.267449769894114,1136.796188302673,229.95601545169603,1341.1397762622582,800.2011616477828,161.90120613227467,17.726343344651,882.9750550416636
1928,8,26,1,2537.327789732956,6665.604580453021,0.0,400.64230724905246,0.0,26.168312079241534,42.00420513782999,8.753746391926958,1123.7295654485451,157.03678533182938,1496.8123509272498,838.6421598152162,177.89142248635406,24.171844593700367,814.046332074958
1928,8,27,1,2224.59437640688,5145.90054004119,0.0,400.64230724905246,0.0,32.356416182451845,15.001524113845962,122.11446079901776,832.3376683814058,115.90741500944897,1053.7486236418697,1005.2844687219548,163.90024872419548,19.336503747148114,815.7019626965504
1928,8,28,1,2961.250853536931,6776.468095409002,0.0,244.8179431680004,0.0,26.666295229827824,19.501840990887484,147.49894985944286,1433.4023196679507,18.694717706691513,1139.0740854398075,1113.3149227038086,165.89716693499403,14.502782780278496,746.7732397299353
1928,8,29,1,2779.3405785211207,7531.6936629045895,0.0,244.8179431680004,0.0,19.911520644915914,19.501840990887484,157.56156223523575,82.31972398054128,198.16409030491118,1366.5897142685947,968.6666056846863,149.90907496203695,9.668413861548352,658.1446081014324
1928,8,30,1,1752.5893015859783,5314.166338629655,0.0,244.8179431680004,0.0,18.55962908250925,28.503410459052464,161.06979907953928,1503.9651867906746,158.90592664662216,1421.9774141706232,877.1025530371355,139.9138620025978,8.057119543268996,494.0066457192045
1928,8,31,1,2528.512754379805,5867.284462708309,0.0,244.8179431680004,0.0,17.565223857043808,9.00094565877702,140.93375597640872,1655.5193896323985,284.1507868316667,972.9299216993634,1261.6289050375335,143.91194718638445,4.834206930774176,615.4544868842829
1928,9,1,1,3718.9432104868274,7800.627645476092,2.946869563468408,0.0,0.0,17.01884735953539,7.436431713790331,286.6708600197392,851.1927120483712,387.8313326883454,1554.4913026886022,946.9635396156319,169.0667434993981,13.437225926393904,930.0662196832155
1928,9,2,1,2623.3745552830087,7228.232635102882,3.484357395853833,0.0,0.0,17.88056114989161,23.796768626945425,254.03034805895888,198.20297754391913,439.44441716955055,1132.5601132120612,725.9374976808234,158.38747983370277,13.437225926393904,900.3277405438037
1928,9,3,1,1952.0294764517398,8201.758230502546,3.4136482122500107,0.0,0.0,18.67046545771816,23.796768626945425,234.20185523426517,613.0449753283939,298.6908474459161,877.1707427574729,992.6970783028738,160.16771117481153,10.749845536307873,864.6373741064564
1928,9,4,1,2524.4057492722827,6476.177044465424,3.9887577419775098,0.0,0.0,19.244941317955607,10.410910827898226,229.71996675477658,285.7741803530501,392.51967609664314,755.033763486088,1188.9556355456343,156.6093728736613,18.811662730637728,723.8249418738433
1928,9,5,1,2094.171921522019,7094.493881743827,4.455536390759122,0.0,0.0,18.957703387836837,22.308983236677,234.20185523426517,537.7489490956616,326.8415613906676,1475.1874780082615,924.0967702719045,140.591539565597,25.53092364571423,801.1785193959221
1928,9,6,1,2230.404286071892,6368.911881617166,4.691315366935483,0.0,0.0,19.530618172367156,0.0,246.34931849239572,975.6360002511888,373.766302463575,1172.2120255521231,788.816264612346,135.252969923283,17.4687824754372,824.9651112375801
1928,9,7,1,2229.40257750886,7786.662612293203,3.3853400295593934,0.0,0.0,19.961475067545265,7.436431713790331,216.9234024064784,0.0,231.44306710539675,1251.5347861983223,1084.1447606232978,144.15200224786955,17.4687824754372,860.6554776748367
1928,9,8,1,2558.664182121855,6817.335094353874,3.319287603281294,0.0,0.0,22.618425921143686,2.9746350664549306,219.47344240338532,262.72912698221563,381.5733236456267,2054.173567651602,937.4405678193314,138.81130822448824,16.12476830445234,785.3138057182432
1928,9,9,1,2486.1404821705823,7690.620881021686,3.4984502140764486,0.0,0.0,4.021174914091652,2.9746350664549306,246.34931849239572,401.01496576183615,189.22732293587492,1007.2418916899114,805.9614928566266,129.914400280969,16.12476830445234,688.1345754365867
1928,9,10,1,3587.6192178952856,7179.4835315400305,4.134955412756323,0.0,0.0,5.959874834822434,32.720361921616245,266.82691240725705,56.84912054781065,484.79949260803704,675.7299388057471,893.607744480197,131.69463162213276,16.12476830445234,741.6806037672867
1928,9,11,1,1881.5091936265308,7374.479945790642,4.94118716133446,0.0,0.0,19.316750800485277,0.0,280.90622414796934,937.2275779663164,472.2834745225998,195.09725541589353,476.34254035753935,145.930109207911,10.749845536307873,703.999289114175
1928,9,12,1,2507.677216272183,6877.221954441958,4.064246229152471,0.0,0.0,25.706233669920124,17.847186589341636,266.82691240725705,0.0,544.219598271294,571.032984016428,943.1621089187782,145.930109207911,22.843543255617554,858.6854868087023
1928,9,13,1,3554.2623227519157,6671.08778366532,3.2815433596938126,0.0,0.0,18.383227527599388,5.9491141805628605,241.88288480082832,579.2455637177328,362.8199500125586,494.89146562099353,966.0288782625056,156.6093728736613,22.843543255617554,698.0474018164209
1928,9,14,1,1806.0805388425129,7307.567731586155,2.5743289774101044,0.0,0.0,15.151176383480719,7.436431713790331,270.67515458449924,136.74329446648912,461.3371220715834,547.2494109984736,937.4405678193314,124.575830638655,21.4990431207344,430.33821751218807
1928,9,15,1,2858.5757258436083,7531.779337954509,3.5078862749733113,0.0,0.0,14.93574793589162,23.796768626945425,255.31309545137293,742.0972742052004,497.31551069359733,453.66786812119057,809.782318607753,137.03320126444677,25.53092364571423,321.25521263484217
1928,9,16,1,2945.7243708125657,7801.998446278769,1.829370351538918,0.0,0.0,14.64851000577294,4.4617966473354,271.30880088674564,0.0,398.7776851393618,195.09725541589353,447.75422991415223,119.23513661527369,22.843543255617554,1019.3026144513537
1928,9,17,1,2484.2372359013475,7459.383920536927,2.022748326802075,0.0,0.0,22.618425921143686,11.898228361125721,264.91051871259657,1624.0167240816475,356.56194096983995,564.6894354805396,659.2573000526601,110.33822867175446,20.15616286553388,735.7287164695326
1928,9,18,1,1683.5715816046,6882.790832704971,3.701141703991052,0.0,0.0,16.73160942941662,35.694373178683186,266.82691240725705,29.191952791878094,312.77653116589727,588.4919444641353,464.8994581584328,117.45702965523222,22.843543255617554,678.2217490567524
1928,9,19,1,3263.265985240143,4479.0059492997725,4.498059937917743,0.0,0.0,34.53880002107133,25.28455401721385,211.15876653457573,550.0396442268919,326.8415613906676,656.6992931982987,598.279248469458,117.45702965523222,18.811662730637728,630.6276080238065
1928,9,20,1,1764.9103169090238,4988.686822928036,3.460705970488938,0.0,0.0,30.302040551819992,0.0,217.55704870872484,749.7789586622195,284.6258172211458,536.133999086655,872.6610855394883,133.47273858217423,20.15616286553388,592.9462933706945
1928,9,21,1,3516.0972265070445,8494.167176828145,3.380560725988253,0.0,0.0,33.174419853007336,37.18215856895161,243.7992784954888,236.61139982857358,294.00250403761834,731.2501904683509,815.5038597074127,112.11846001291822,22.843543255617554,497.75801130480255
1928,9,22,1,2585.1092881817867,8973.604757736459,2.277276878526778,0.0,0.0,23.336520746440474,0.0,271.30880088674564,560.8095210211097,192.35426210771317,582.1483959282467,861.218003340169,122.79559929754622,24.186423510831073,882.4720786503603
1928,9,23,1,1862.8774143571966,9037.004294883141,2.61672997832332,0.0,0.0,14.72031948830261,4.4617966473354,276.4243356684807,36.87518910427969,298.6908474459161,864.4836456856958,731.6590387804831,115.67679831406846,26.873803900927747,628.6366598079513
1928,9,24,1,3229.909090096773,10364.967572951617,2.61672997832332,0.0,0.0,19.674237137426584,19.33497197961006,257.87859023620103,462.46844141754303,381.5733236456267,796.2762969515323,586.8555613248371,108.5579973306457,20.15616286553388,707.9602281961645
1928,9,25,1,2652.724616174729,7094.493881743827,3.8897403756830693,0.0,0.0,11.201810951918691,16.35940119907321,227.15447196994847,490.1225054625889,386.2823205490123,755.033763486088,459.19731211325876,99.66108938712645,20.15616286553388,594.9372415865497
1928,9,26,1,1996.2048240743245,1515.248937800944,3.8662114965635914,0.0,0.0,9.478539478776975,87.74970707990948,213.72426131940384,93.72275779664454,93.83089400025437,743.9372875399106,592.5771024244968,88.98182572143115,37.62494534097108,684.1736363545971
1928,9,27,1,2712.5266173780306,2458.1885402801868,2.8195440144833497,0.0,0.0,12.063524742274913,14.872863427580624,226.520825667702,705.2251888117318,376.88498023732893,656.6992931982987,855.5158572952079,88.98182572143115,29.561184291011426,5100.5997554365385
1928,9,28,1,3137.852073169963,4811.853519319061,2.14995132954172,0.0,0.0,13.068857497690562,26.770779884012367,237.4009963213397,1009.4509304162411,323.72288361679074,793.1139906666259,885.985488032217,92.5422884037037,36.280445206087926,650.4532607834748
1928,9,29,1,2428.3418980933448,8113.941304049477,1.5606264353462038,0.0,0.0,16.73160942941662,25.28455401721385,199.6449495786916,488.5861685711851,231.44306710539675,777.2456513443011,706.8915540884353,94.32039536374516,28.218304035810903,583.0334669908603
1928,9,30,1,2976.1763111236687,8328.471629745993,1.659643801640647,0.0,0.0,16.73160942941662,47.59353725389085,266.82691240725705,0.0,286.19548285556664,590.0825655895176,853.5957468924017,87.20159438032238,26.873803900927747,561.2168660154275
1928,10,1,1,3007.5297891409746,13438.131623553034,1489.1819742696723,311.45158720374224,39.90718822891715,569.6521363022742,187.76662577383658,1083.2260811251933,963.3453051199584,773.9484252759173,5585.731185342148,1037.7711851348367,408.3697741115177,49.10827239665495,1090.4528164798455
1928,10,2,1,4081.1610268182667,9650.437654300269,1546.0434321416822,558.3550741976862,39.90718822891715,553.5574457613762,187.76662577383658,962.7251001788073,963.3453051199584,625.6563298077255,3186.35496154823,1016.552995430052,382.4948126139388,45.51537926510991,1103.7816908510151
1928,10,3,1,5271.59148292529,3342.098033172921,1390.8998854478243,558.3550741976862,39.90718822891715,623.2906976005469,187.76662577383658,1029.2579619172052,977.1413000335878,625.6563298077255,1929.574912829035,1188.2186234717742,345.55182571391845,44.31828818116444,672.5842220035403
1928,10,4,1,3962.558732975174,2948.8495527636505,1373.0081336173137,558.3550741976862,39.90718822891715,603.9801911028943,0.0,876.116469009906,426.4498765193729,625.6563298077255,1427.412036348995,1249.953082183322,332.6143449651015,312.6205795563724,1351.8328811927108
1928,10,5,1,3989.7050350290847,8699.44459710321,1137.4987591810388,558.3550741976862,38.31161562027755,445.20318092690076,78.23661391362289,876.116469009906,377.3646887670749,564.1915281205686,2099.9986048356946,1141.9226282016814,325.22149882295184,289.8612700441348,1020.5390980800726
1928,10,6,1,4516.303226526383,9364.282986639419,1131.9229050146737,558.3550741976862,36.71441819228093,392.6417618666474,86.05918363855628,775.7067122818117,3080.2778744668485,435.78874852080816,838.4277567744932,1388.8410679936005,336.31076803617634,168.8886554979396,1020.5390980800726
1928,10,7,1,4772.039422625072,11289.401364587957,1077.218261061845,558.3550741976862,35.11884558364133,457.00491327311386,70.41248466521965,679.0524690038309,3080.2778744668485,611.1988831743191,675.8814265319637,1635.740112731247,321.525075751877,137.74484875898384,955.6132288947073
1928,10,8,1,4267.37864865478,12369.763747584693,1605.233268676825,558.3550741976862,35.11884558364133,472.0224615760814,86.05918363855628,397.89896825005184,3080.2778744668485,321.8847225448756,555.1835806597446,1354.1045252501667,295.6501142542981,123.37165635313404,970.5977338874694
1928,10,9,1,3024.458663853776,12634.49965269586,1650.9430182161052,858.445116677309,36.71441819228093,531.0311233069693,469.41656443472436,401.65448170003236,3080.2778744668485,419.51379431069756,1105.5574260118422,1305.888419577268,299.34653732537294,108.99846394729727,983.9056509090088
1928,10,10,1,4646.725681411243,1400.1016703347086,1454.5013868176147,858.445116677309,62.25657848536464,532.1082655448997,938.8331288695375,365.25845628913873,2259.5015291569493,419.51379431069756,748.3114956347666,1082.127674947425,293.8019027187607,97.01945370936443,912.3153445380134
1928,10,11,1,3998.119386956832,2348.867176227516,1208.9432202572718,858.445116677309,106.95373417888423,496.70306850634927,93.88331288687397,291.1991128628586,1633.638227845799,419.51379431069756,714.5107967200094,956.7580421757957,293.8019027187607,93.42656057781939,912.3153445380134
1928,10,12,1,3227.605160402134,6644.785543255155,965.5908861142527,858.445116677309,111.74207682416701,97.6249914990818,148.64909857880858,419.2265754972597,2035.5687883209434,419.51379431069756,971.9831234103469,1003.0540374458885,293.8019027187607,87.43786539868778,912.3153445380134
1928,10,13,1,3886.4288821976556,5663.5491933373505,872.9336699569124,858.445116677309,87.7971139591023,49.34872525496534,0.0,343.9153942541424,1897.608839184873,155.51255738687223,1190.84501587828,1089.846906668259,282.71263350548116,81.44917021955618,869.0384175309497
1928,10,14,1,5412.131194294909,9401.980008726161,994.6098370282709,858.445116677309,73.43046120390807,450.57328135960483,0.0,593.7111304394225,2633.8090626960525,513.5491579132864,638.8805494008002,1003.0540374458885,293.8019027187607,71.8659620292099,962.2776660802466
1928,10,15,1,3493.5587838424112,9875.763036321543,1165.402539261784,858.445116677309,65.44934852197449,71.8766087850933,101.70744213532727,293.7182432840559,1379.0563419541184,432.1743868624873,539.106945713845,1140.0025177986624,291.9536911832233,75.46047504043757,765.8234705528374
1928,10,16,1,3214.0820948038327,8696.017595095323,1244.7022146690706,1308.3934152779243,63.85215109399662,51.4936432766129,101.70744213532727,475.7138251264452,1719.6110195459569,339.9565308366027,666.2240839849521,1296.2490774534149,321.525075751877,70.66887094526443,935.6408746875375
1928,10,17,1,4704.323923775779,9731.82895198875,1120.758942057333,1308.3934152779243,62.25657848536464,175.93323219769644,31.29495747014317,475.7138251264452,934.201459846905,339.9565308366027,814.2844004069646,1192.0782393320849,304.8911719319852,67.07597781371939,978.9178016946014
1928,10,18,1,2096.4758512166577,9694.131929901208,747.911990385433,1308.3934152779243,65.44934852197449,197.39802317120973,179.93781795510165,562.3224562953466,2179.7361592404163,339.9565308366027,962.3257808633356,941.3195787343404,304.8911719319852,69.47177986130596,943.96094249476
1928,10,19,1,4302.939302636437,9904.892553388572,486.70466828573666,1308.3934152779243,63.85215109399662,0.0,70.41248466521965,374.0522305816466,1997.2379588084718,0.0,627.6136497625478,713.6992182441869,290.10547964768585,67.07597781371939,948.9487917090771
1928,10,20,1,1412.308902781066,9545.914093058955,658.6125413525225,1308.3934152779243,62.25657848536464,645.8170200549538,0.0,229.7045119668554,1530.9209158850012,247.73867481071815,531.0591602578573,1012.6933795695286,282.71263350548116,68.27306889766487,952.2810103018923
1928,10,21,1,4782.25684996666,8810.822162360293,563.7249835283346,1308.3934152779243,59.06380844871383,271.42423320506515,133.00084008199062,310.0384992644461,2311.6438721376635,356.2314850468363,656.5667414379408,833.3085198071852,284.56084504101864,68.27306889766487,915.6475631308285
1928,10,22,1,3801.6843377792097,8937.621236652862,868.4729866238204,1308.3934152779243,55.87103841206304,78.31448500145027,0.0,299.99288715536653,1503.2978889489605,233.26057468222402,719.3394679935152,624.9668435643118,275.3197873633315,65.87726685007829,923.9676309379604
1928,10,23,1,4602.750675501361,10337.55155688853,1131.9229050146737,2347.430025951373,55.87103841206304,84.7508001421001,148.64909857880858,485.7594372356576,688.7600025312462,202.52817383858414,992.9073655956108,507.31644251351656,280.86442196994375,68.27306889766487,965.5889273234317
1928,10,24,1,19099.577168118565,12086.179331429359,4859.203723152431,2347.430025951373,55.87103841206304,56.85749940643891,0.0,407.94458035926414,688.7600025312462,202.52817383858414,811.0652862246998,457.1608313829003,277.1679988988689,57.49276962337312,852.398281916595
1928,10,25,1,10795.413181979853,7764.558449342578,11564.811725956302,2347.430025951373,57.46661102073597,100.84236853153996,383.3620593665854,321.33594919036284,648.8773175729797,202.52817383858414,1181.1876733312688,370.34856710604413,277.1679988988689,64.68017576613282,852.398281916595
1928,10,26,1,4611.165027429586,10653.692492118778,3348.8212484259607,2347.430025951373,67.04492113060647,388.3488036718737,915.3623006478413,370.28126234374497,648.8773175729797,207.96004307373227,1311.542861750499,374.20818296656756,327.06971035848926,64.68017576613282,875.7028547164891
1928,10,27,1,3271.680337168368,10378.67558098316,1424.3550104457124,2347.430025951373,127.70430218799324,306.8138194865789,547.6578569188142,194.56032437266617,731.7153612725426,518.9810271484346,867.3808484498861,364.5688408427147,354.7716395808225,64.68017576613282,1018.86251010885
1928,10,28,1,3217.487903917376,9092.693077511683,1133.0380758479469,2347.430025951373,124.51315697072928,227.43311977714487,1862.0710230403483,229.7045119668554,0.0,278.47107565435806,642.099663583065,758.0751031112609,317.8286526808021,68.27306889766487,963.9332967018393
1928,10,29,1,5970.984401516671,9764.385471063664,1081.678944394937,2347.430025951373,320.85307843996424,167.36292656536335,1369.1368446796928,215.88793161987405,150.32978889490295,327.2959382848129,1092.680969282566,1456.3358579139926,288.2572681120934,61.08728263458779,923.9676309379604
1928,10,30,1,4330.085604689869,9877.476537325487,1194.4337448001118,2930.137196467079,408.6583164958369,170.57874252211784,704.1248466521309,293.7182432840559,883.5799352032031,347.18525415336734,667.833641075976,3007.203211825888,308.5875950030601,61.08728263458779,922.312000316368
1928,10,31,1,5479.946864001031,12860.681785218709,1307.2007998301992,2930.137196467079,229.86319444421116,127.66321025633552,305.1207668825842,92.88482051891773,667.2823231608203,347.18525415336734,753.121230942414,4239.758930055766,373.2537549362517,57.49276962337312,945.6165731162621
1928,11,1,1,26660.47340061237,28945.315709388196,39070.19396286435,2808.739869276359,865.5250233158896,3172.730267246337,1076.2115513315864,4861.767165078968,7120.843898825683,460.3870612928712,3529.2853017968637,1409.9040972618618,181.1884619152362,154.3664341614825,573.8122331491816
1928,11,2,1,23313.76509208539,17025.34597534289,32076.479737092115,2808.739869276359,690.3532484305222,3172.730267246337,908.0481355740917,3509.9368709424843,5519.949820887049,496.9230942849614,3925.2363462254193,1533.1014839213074,168.5845089953056,145.58182665366073,577.7941295808012
1928,11,3,1,22471.328190717042,17966.91477701866,24798.45822195952,2808.739869276359,597.6248077227165,2853.6463927013783,538.0979780483616,2613.559175047684,5562.625845647969,431.16236559814274,4567.5443054320585,1444.1169735318415,157.55472245218553,144.32641990120544,479.83947736237826
1928,11,4,1,21969.472200722666,22408.309379282404,17788.812984283686,2234.9559211013675,556.4031406339151,3081.563445947727,1008.949304075508,3139.331058053456,5553.314712972977,160.77093726237277,4407.535394603711,1590.122944371132,151.25168380163157,141.8172262759775,497.8208833536928
1928,11,5,1,22900.059455622522,23954.744035355583,15444.503309515636,2234.9559211013675,525.4990764625207,3131.6739761478,605.3758205391258,2007.7314909257082,8699.856814977718,453.07572399538634,4313.044925369129,1745.2639859150943,160.70517958687384,135.5418123933837,687.7573431430638
1928,11,6,1,23328.790720528476,29734.382921711458,16687.12223801259,2234.9559211013675,515.1977217386953,3131.6739761478,1513.4239561133063,2668.732767708746,8684.803817153062,343.46762501899263,3276.8688779694653,1592.411560811081,160.70517958687384,135.5418123933837,449.8495100272239
1928,11,7,1,29386.12240016425,49723.22888340342,16883.196230674857,2234.9559211013675,494.5787640975448,2926.5486282261045,1513.4239561133063,3715.176453726609,16530.364209190597,306.93159202690236,4374.586814149112,1592.411560811081,160.70517958687384,141.8172262759775,449.8495100272239
1928,11,8,1,29237.869532860386,30034.245597404646,15405.288510983122,2234.9559211013675,494.5787640975448,3086.090565498495,1076.2115513315864,3715.176453726609,21252.66033091098,222.89252009649468,3320.042879944442,1654.0102541405909,141.80031239745662,136.797219145839,585.7998371433912
1928,11,9,1,22471.328190717042,30066.80211647956,14083.01452296697,2234.9559211013675,494.5787640975448,3086.090565498495,1277.998293099733,1246.7377366867222,13406.01364006139,511.545768879808,4325.353303125038,1405.3462594368748,159.13101321006334,174.44484280235395,641.7769180323595
1928,11,10,1,22331.08899191648,39437.93910713555,14554.817567810407,2234.9559211013675,504.89636701491094,2812.5901016028415,1311.6372143450708,1957.6579782584602,10237.900747359208,423.8510283006579,4610.52894774932,1330.0546575774936,152.8279745595644,173.19753544829882,555.809869808237
1928,11,11,1,39388.1824003562,31991.920494428894,10644.857061634268,6269.18624460831,484.2774093737193,3268.424208095627,1143.473798587576,1707.4449628009008,8652.52522387919,336.1562877216308,4627.00323797651,1622.0665992558615,148.10122666694326,174.44484280235395,639.7859698165951
1928,11,12,1,30272.634478298354,24799.500030308183,13846.500269318018,6269.18624460831,463.67469992610955,2908.4401500229424,1378.8994616011494,2408.3195922634263,10243.487426964291,668.6569067945192,4801.403482796517,1722.4554017352493,140.22402163957884,229.6665411135473,619.7926582597953
1928,11,13,1,31129.095299546752,22445.149650867574,15868.513318647674,6269.18624460831,443.0719904785406,1586.3651336231685,975.3103828300815,2748.7885688248175,8654.232264869788,716.1599457327137,5068.211240615575,1811.4205170698035,140.22402163957884,203.3110987103994,459.84616580566916
1928,11,14,1,27886.5646815574,20718.797389378,13162.692219908413,6269.18624460831,443.0719904785406,3232.0511441186695,1008.949304075508,1472.0530889013505,8656.094491404741,248.4615471424807,4620.943728927414,1323.208203312558,132.34681661221435,180.72997596303057,507.817539132138
1928,11,15,1,27509.922261920503,21166.021151411074,13839.147494593302,6269.18624460831,443.0719904785406,3186.4677334693642,1715.1639121773069,2738.742956715738,8698.770516165663,306.93159202690236,4298.65359137747,1692.8003632902562,137.07356450483547,164.40158878271163,549.816067811132
1928,11,16,1,23291.72750370251,25016.257907308947,17269.21690372885,6269.18624460831,432.7543875611335,2963.077799773784,1883.4364945776906,4506.307044293099,8667.112665070332,1976.7666781840398,2893.226211297037,1843.3641719545333,135.4972737469577,164.40158878271163,581.7969833620508
1928,11,17,1,32636.666686655946,33750.82927499338,16537.615818607548,6269.18624460831,628.5288718941108,4075.344241130283,8374.32912857795,11881.486359085255,8672.699344675417,7614.7371418092625,5386.146106036738,8867.806852699598,2848.5825839160684,153.11264728870984,1673.4234114218157
1928,11,18,1,31269.334498347314,24730.103239647302,13091.615397568401,12873.304602184146,6151.403603919115,7904.506843240421,8374.32912857795,10109.13128727131,8679.837879726296,8634.19366441547,3059.2946311744813,8867.806852699598,2848.5825839160684,175.7083489532094,1673.4234114218157
1928,11,19,1,27701.24859742757,21581.5451448716,19102.50873512095,12873.304602184146,5069.436394048353,5433.792321507103,7466.218612065026,8331.521587584735,8674.56157121037,4859.767418339819,4475.136792433008,3517.8749987809597,713.7283098801242,179.46646981216207,1325.5523647438035
1928,11,20,1,29097.630334059344,30505.458373493715,33137.73022237653,12873.304602184146,3235.34030379136,5260.512918011507,5717.368992938235,7455.389663786908,8676.268612200745,4581.977908026679,3906.868459420195,3545.2220257315184,757.8304610040661,155.62184091393777,1225.5858069599863
1928,11,21,1,28033.815840298237,51625.21499779833,28126.814247401428,12873.304602184146,2812.88727095397,4585.9721049446325,7062.61393805936,8772.137589480622,10309.751654502186,17465.628207900972,4501.836504180576,7193.2378407095,2010.4080306428343,155.62184091393777,2251.2384983523375
1928,11,22,1,46796.81893129497,38819.3652447058,23924.703492158493,12873.304602184146,6635.762254260742,8752.483167373526,22499.24510000278,14640.320540019418,8672.388973586258,21372.236823196392,4148.8701020695,19693.73841527339,6368.469587637922,146.83723340611604,6981.731459142648
1928,11,23,1,113193.06760357777,119088.31977519678,22808.30719643767,12873.304602184146,11313.617183255978,6887.934342733213,16412.424997049202,9352.92851726904,7070.408596835567,8740.14609474312,7286.180912251373,7022.173459359601,2010.4080306428343,146.83723340611604,3514.7571081611777
1928,11,24,1,78761.33917227027,72653.29931839161,25357.26910104717,12873.304602184146,5512.524632720475,4859.472568840287,7533.434073617047,4766.565671859737,8670.68193259566,5473.589295403448,5199.437483460604,5354.39271647077,1178.5004015418453,143.07101314875015,2251.2384983523375
1928,11,25,1,49545.50722779276,60244.12504771543,24963.895653268464,79738.32986845032,3410.6583124188405,4791.097452866417,3800.402743757919,6639.222316886861,7091.048274265307,4052.2157563887913,5866.362198179499,4599.343241873106,880.7259062121606,151.85724053625452,1813.3765923192325
1928,11,26,1,46945.07179859883,66965.33273574707,28244.45864299897,79738.32986845032,2586.2249706431803,3915.802303857804,3800.402743757919,8772.137589480622,8664.940067445996,3350.616524765291,5037.345616396724,4599.343241873106,880.7259062121606,150.60183378379924,1813.3765923192325
1928,11,27,1,59214.999985114046,63678.83781015277,37630.27557925066,79738.32986845032,2122.6640080720194,4066.2900020287466,2522.373260188814,5988.266652212902,7059.390423169976,2627.1245882397593,4284.262257385593,3344.4832108821397,603.4304444487586,148.0910202788887,1363.548039641548
1928,11,28,1,51820.38737405581,55083.0600237893,34310.49779098794,79738.32986845032,1854.731296091724,3879.2731323101234,2286.885216236498,4070.6365745124776,7100.204221395943,2608.949512472101,4801.403482796517,3032.0288816816055,537.2559739520627,140.56181952352222,1203.601547187422
1928,11,29,1,57457.001457288934,71928.4883937166,27041.054513034233,79738.32986845032,1741.3189049684415,3879.2731323101234,2959.5076887970163,4656.527582294711,8685.57974487596,1987.7336841302672,4530.619172163894,3029.701475132685,493.15382282812084,148.0910202788887,1597.4530189760476
1928,11,30,1,167285.329998208,178204.10441180508,25498.197283273028,79738.32986845032,1648.5417196799317,3988.7045393825297,2017.8674176816442,3630.020572616591,5455.547819884331,2144.865475540066,3865.77741368075,2911.0037411347694,444.3143019062213,207.08541836616544,1131.6130511732736
1928,12,1,1,7899.97458102298,10628.84672756121,5445.342414967122,7735.29242683512,252.12321963604703,2050.316833793157,318.93814482571315,2160.1156992277897,2561.4925989193357,900.1412808903375,2499.9262020775973,1145.8792193348459,258.68588354343973,94.30939500373688,601.9369963663519
1928,12,2,1,5654.444495651648,8596.634536865045,7483.899207427611,7735.29242683512,360.64490449451944,2234.9920899510344,267.02160851330024,3660.6210525798724,1937.1811530539806,887.2328463962642,2773.1721882614015,1315.5859468645779,254.01224517772113,121.25447361060951,822.8274615742237
1928,12,3,1,6535.7476892593195,13339.605315825918,6176.208222615684,7735.29242683512,338.93731788409224,2043.9164233938104,267.02160851330024,3380.2712007949417,2669.812109039609,1056.3643185117228,1390.5437109784068,1174.7196654876107,236.2736631987075,449.5004125659347,593.0929948181958
1928,12,4,1,7058.138704792265,23834.798965078786,5174.270120111618,2345.251099565908,293.8648289190938,2353.7899512664217,304.1070766271217,4082.382213286251,3454.895779095111,1100.789986666708,1522.678880180736,1196.9076079213603,225.99165879408258,449.5004125659347,457.24745445026963
1928,12,5,1,36895.931495952034,18408.14128553833,45016.137790347435,2345.251099565908,5047.338850792252,2726.418722567255,7739.759028682568,13379.364398501224,13800.805665485655,1512.16630387235,1327.7520484567567,2689.900118981806,304.4450519061469,160.44746248240722,611.8707800958161
1928,12,6,1,20697.30232588582,15485.765323285477,26979.781390327273,2345.251099565908,3806.7892716717174,3261.5554749841135,3111.4052747635865,7727.084834370224,7461.3209836451215,2061.136206037574,1292.4364722798337,2476.942419750276,603.2817377734975,121.25447361060951,767.6048452723011
1928,12,7,1,16278.765855094905,35213.30238187257,18242.234092315182,2345.251099565908,2227.3023746671315,3358.654383969904,1698.4770110496002,4910.140651081522,4979.283383553159,1433.3319127298948,1478.1982965669513,1768.1695453680059,399.7022993241471,111.45582142274593,653.8483514251802
1928,12,8,1,16872.779032872924,62570.20266059059,13195.77970617008,2345.251099565908,1539.435099852887,3593.440170327855,960.5105051009504,4632.418113232708,3980.9747752380827,1335.8680689256364,1786.9113466538947,1419.8537602587621,341.79167121054957,115.12970853831865,637.2710878597159
1928,12,9,1,35931.286149914355,137080.080316773,14605.061528430144,2345.251099565908,1397.5071290131202,4842.300736061457,1631.7294065385959,6322.553713630244,5921.725195817614,1608.2050565084173,1626.0124454338888,2120.849217756528,404.37593768992065,116.3543375768429,915.6056484314776
1928,12,10,1,86320.231987638,131939.5773048942,30662.296065015675,2345.251099565908,4827.013345973976,5446.437034735163,14370.696870278274,16861.173555538127,23563.37308978139,1853.3000839348608,1401.0153000538594,10095.513807285924,2821.178068044257,117.57896661536714,1633.5206177068271
1928,12,11,1,68992.67726722508,70515.70681595177,35647.47732845351,1680.574793596955,5080.810129547832,5443.314883320807,6386.092656824028,12671.84421025874,21272.834451707207,1831.7997954414639,2095.6433327064797,9164.745138240096,5933.821219624499,117.57896661536714,6188.286201763944
1928,12,12,1,59845.07467115547,60653.651787661765,100970.75344634081,1680.574793596955,11136.674355271394,4785.94590303276,16930.18678905037,23638.09803225982,19165.414756243288,1708.5397361442697,839.8290182421592,5290.001135282343,2132.8785996358733,73.48746158947245,3460.26799909658
1928,12,13,1,48633.95243558668,58905.02401312093,59673.894204305645,1680.574793596955,9313.464554706758,4713.980312932367,8711.342150419647,13737.142737466113,15145.95396594793,1479.2033255481592,1060.9064187061995,3812.485877772537,1296.2123569260887,75.93671966652094,2396.682504855465
1928,12,14,1,32636.666686655946,42766.41480732684,36157.2697093756,1680.574793596955,5107.457167003692,4892.411266261532,5392.208349467575,9150.161700542483,10340.943948963779,1821.762196778861,1085.7504058076697,3308.990261010147,954.4206857155391,102.88179827340657,1779.2999418042177
1928,12,15,1,24644.03406356805,33788.52629708013,24661.206427096175,1680.574793596955,3461.1901944236392,7080.414977426938,3886.644391642465,6570.912154544561,7398.626023632778,1747.2237326361906,1194.329233581478,2930.59274625531,777.9058621659666,127.37761880323075,1521.9646455719528
1928,12,16,1,20497.96232187593,30567.144409636458,20588.994691991575,1680.574793596955,2579.563211279195,4989.510175247321,3319.13380095207,5978.22104010369,6495.290968603692,1588.129859183212,1533.1315332903303,2713.1741844716475,668.6489434615387,95.53402404226112,1278.9851338432757
1928,12,17,1,16665.425360360212,26435.893489089558,18114.785997084586,1680.574793596955,2072.132126067261,4933.155342218623,2985.395778397048,5988.884843727361,7166.934005567353,5969.892784832701,3631.3501573429253,2529.115116556552,619.1508644062457,95.53402404226112,1121.029589604914
1928,12,18,1,13558.125398357703,23317.321661882463,16252.083066793328,27560.30602427821,1718.0839881624006,12983.778871649944,2340.064966559434,6645.7133277881385,6119.586765163374,15231.952703041483,7239.2197171207645,2473.6452604726032,561.2614801033761,95.53402404226112,1116.6285461805114
1928,12,19,1,12146.71803328284,20655.39785223132,15565.824092475385,27560.30602427821,1455.9518812867937,18965.508766372684,1294.2797181253436,5633.733818698588,6385.264417492822,18055.698565495444,14893.137084790742,2342.7286420925366,527.6325276808313,80.83523582061792,986.2947887679263
1928,12,20,1,0.0,23672.873120204193,13996.006688723059,27560.30602427821,1270.6087372262132,14558.279829898662,979.053239157861,5016.933235195845,5495.275319298242,8551.166613749407,10054.429749410408,2256.226698688941,489.35118070329594,85.73537185439753,923.3389104487859
1928,12,21,1,0.0,22129.865466138897,31705.164613488152,27560.30602427821,11483.898251876575,9296.518051321287,25448.303981551544,14022.901765002216,17686.496516348587,5214.387930761813,5870.906829966212,2382.682454516662,472.547326397415,85.73537185439753,1031.5836213404752
1928,12,22,1,15419.299908157887,19694.980539512173,35437.92324879599,27560.30602427821,11081.592979066836,7790.860531758603,24239.673292392243,12202.018659306901,17487.85901927971,4629.687481916981,5080.898337687135,4677.699262355268,1005.7882201170977,121.25447361060951,1681.0099719916227
1928,12,23,1,16194.622335814565,22876.095153362792,24878.11328147872,27560.30602427821,4818.726767252929,6876.850705212287,8381.346984192403,8103.563466645939,9797.794542916394,3445.8291375937883,4641.205212310453,3278.9279264192523,974.0287230408733,123.703731687658,1322.052487353948
1928,12,24,1,11633.843249096544,19335.145328680188,17929.741166509844,27560.30602427821,2900.140070428475,6150.7943938089265,5781.621359897386,5588.296742389509,7353.001473524847,3048.662425079146,4586.290911552715,2883.0748625470874,668.6489434615387,122.47910264913376,1034.89488258366
1928,12,25,1,12631.544977709022,20299.84639390959,15019.267837929126,80288.24938478437,2173.845817819636,6063.061939066118,4724.732304357621,4175.883679840787,6947.036088890414,4136.688551718133,4596.705692731027,2750.9945408925605,591.1515218333351,110.23119238422169,1084.5847585806118
1928,12,26,1,30174.46703913748,24326.573753215172,19354.954000673504,80288.24938478437,2113.727501608155,6933.2055382410745,5043.654853948737,7152.939465361764,7836.870001540638,3795.49281116999,5445.794398238906,3010.5003711035606,573.3916960435384,99.20791115783385,986.2947887679263
1928,12,27,1,55323.36221838948,34129.51299686795,61838.060898315634,80288.24938478437,7937.567523142616,5781.443881493173,7962.303027834869,10135.40442663365,13031.085364344191,2883.847533458437,4480.438862851021,6133.104157649905,2086.2696788430007,95.53402404226112,2212.257828021526
1928,12,28,1,59475.44421145884,79060.07957219693,54488.962560843036,80288.24938478437,6283.013971841516,6131.905377752242,6070.912963560691,7419.998199586909,8730.273181716413,9937.22267598818,4268.545405789486,3796.9698341127137,1224.3020575260084,106.55568538896631,2062.056503150103
1928,12,29,1,86058.78605273066,159355.59336824866,42584.82028133547,80288.24938478437,5226.068980069591,15055.950765343507,5640.640438219997,10047.312135830289,12982.04673225529,13881.833722434301,10661.327452611486,3448.6346539487718,931.0737376976193,1393.8092723638097,1424.7644579406663
1928,12,30,1,169288.7471239353,209903.87298505893,89463.66100197416,80288.24938478437,11662.628381153916,7956.802879430519,11144.19876343724,22806.630445378065,34188.927327513986,5092.532309137476,6886.063955351754,6488.033656369193,1352.253529693421,1936.404170173053,1684.321233234717
1928,12,31,1,334570.659996416,343556.9512939128,119981.35249740147,80288.24938478437,14275.662871188732,6660.95393491111,12427.374674457085,25341.215654459913,30430.333437666115,3556.1188019114,5649.924109331247,5411.026275829179,1563.310789527943,1936.404170173053,1989.1458837517775
1929,1,1,1,153574.37824859563,429137.69873298897,3747.172988917481,12949.355375343517,12927.9370327075,1574.6447330981853,1178.2167203296187,1186.7672454336303,7047.514679314137,527.4644497743005,869.5451706565009,3725.8222799738382,65.60011169416322,46.608779036642105,280.45555948664656
1929,1,2,1,102382.91883239729,237688.74428878183,4235.056066827832,12949.355375343517,13692.134490539038,1432.87051205943,3242.953143129734,1186.7672454336303,8670.347373909412,527.4644497743005,888.6207513722621,6917.4964792020255,85.86641583974159,38.13396049894072,264.3583828690297
1929,1,3,1,56259.41389840221,140341.81830020202,5204.910987834705,12949.355375343517,9703.221815692814,1248.8021143050985,2403.569215368092,1186.7672454336303,6568.169447632466,2499.7537187269563,864.6488833879786,5270.802566180533,75.7332637669697,33.0497228772774,283.8377311876648
1929,1,4,1,39440.06612675271,113571.41365334216,19472.707237516035,12949.355375343517,5532.688460214858,1040.8803924102942,1368.3882535928205,2213.985060108066,6054.502943685066,1578.7918223538766,1108.2004034916329,3961.3760069120294,549.8632564859336,330.49722877295164,315.18899234679986
1929,1,5,1,23116.881730984136,87612.23338972125,25092.504426853513,12949.355375343517,4656.610977539448,1107.1018341346778,946.5793249559603,1490.2353339133263,5525.852899233486,1096.824213270266,3060.8441972088326,3729.2167752670066,1338.0644182886053,1366.0348811199867,299.9349078052817
1929,1,6,1,16952.248675902505,70539.20502009132,15384.332276388475,12949.355375343517,3896.206062922959,1199.7941067404147,722.0922371151197,1470.2876430629688,5534.56128174887,985.679130990498,2277.438234244656,3219.1938574959913,584.5228774628786,489.8098759276561,300.7878032777547
1929,1,7,1,14318.841869396307,58362.72702768563,14486.649408326268,12949.355375343517,3599.1235110777584,1446.1207156737737,587.6723770784243,1313.5626641050728,4887.707751098506,4983.9498209550175,2355.867451125188,3032.7390803316393,1940.784560602655,888.1078313388875,332.9821565129884
1929,1,8,1,13011.490751997486,41917.58633068214,63258.460730077466,27017.348205783688,3043.3052332283223,3032.610775887159,523.3344132327809,1313.5626641050728,5674.151530889177,12131.510843525251,8048.742994492313,2877.198456727958,3189.27628396746,1506.3197580839906,336.3741316102563
1929,1,9,1,11659.839333181644,43213.922895096395,96138.6733461678,27017.348205783688,2591.781893792664,3057.750671137571,456.12448321449904,2178.3584521530756,5562.479331576931,13889.154005158869,10623.614063940488,2738.8727735389243,4805.825680591862,2040.665725774523,2276.642707620379
1929,1,10,1,10743.315319403202,37087.55635288147,74621.77862808733,27017.348205783688,2271.3119921214043,4724.969371452158,416.09460419036134,2253.944633895009,5582.07319223622,9926.126829105804,5427.01379122969,2641.644729789767,1634.1555073912746,782.6000981750491,3770.386191925223
1929,1,11,1,9195.069007406111,33012.77627587629,76590.35729128025,27017.348205783688,2091.9246980497774,2914.7490316835438,397.5008438152227,3221.158895802251,5583.481901172494,6800.515923817006,9647.347554947033,2597.0313630821693,2702.8592821213074,1177.9355158118703,3719.6045994287015
1929,1,12,1,8800.894769900951,30706.465354330714,76590.35729128025,27017.348205783688,2041.7367095040402,2536.02390382255,331.7268968832601,7508.066906143508,5601.923181792598,3329.697433535098,6960.703773870857,2560.540538682485,2006.3255568884315,1022.4240660221157,1910.5838922108103
1929,1,13,1,7634.910836582918,25443.241555881414,0.0,27017.348205783688,1829.4596378841222,2030.1204823414892,308.85479514794184,2927.801060931547,5055.087985618329,2320.289874860745,4848.986031791528,2467.7980779992686,1206.3912716329964,642.3478962600117,1126.018091535328
1929,1,14,1,7391.259178784421,23252.12449675556,0.0,27017.348205783688,2665.1043959502026,1655.388161373185,305.9976329246266,3243.947086475961,4507.484402751487,1631.5897177164943,3611.731902783043,2499.924551307865,892.2571317881004,439.81705098472855,909.1375566316748
1929,1,15,1,7726.95701841789,17836.390514256782,0.0,7459.222063214955,3442.7864518797346,1579.820593885147,261.659804641663,12495.952500026966,5069.175074981067,1381.0753418076674,3033.0394889646213,2538.718783227646,668.8008879809272,351.6815521964643,771.0273104750348
1929,1,16,1,6840.557209603752,20064.82389501238,0.0,7459.222063214955,2429.5453229269096,1517.562382705988,255.94548019516424,6218.768850699133,4521.571492114225,1224.359918286712,2596.140009619181,2752.5719866855497,540.7903264118253,288.55335756266516,706.6386040045672
1929,1,17,1,0.0,18134.921087289047,0.0,7459.222063214955,2032.0867939901505,1468.6283160097705,254.5243010581682,4199.927733262249,4529.895681283323,1192.472929509767,1953.7515510177325,2841.7987201010455,519.9971240608141,245.75993507885053,716.8047259001212
1929,1,18,1,0.0,21364.40535695941,0.0,7459.222063214955,2941.117263267396,1479.2610128833649,300.26850452880467,5298.414811867616,4531.432454668142,1098.6494769381586,2042.5936865236313,3110.570008120605,471.45823328207496,227.53814942972292,691.3845194630491
1929,1,19,1,0.0,19755.747404998892,0.0,7459.222063214955,2846.514379736566,1395.796560651816,260.2386255046669,4618.781097054921,4535.530517028419,1088.6289019019268,3181.257415781111,3072.866863973596,1275.1964665572625,490.6594272011842,666.8172084985745
1929,1,20,1,0.0,20431.49731623631,0.0,7459.222063214955,2311.976483260506,1423.5983271641098,178.72808042088096,2370.6137509360683,3977.809842709919,1080.4213404417194,4116.204577463376,2594.8491875366253,1239.9970961991353,721.5848900420815,706.6386040045672
1929,1,21,1,7394.606312669852,30285.43989943027,0.0,7459.222063214955,2034.0252049667731,1497.7462299792064,157.2919617718819,2376.391038712667,4538.860192695798,1094.998949602195,4647.928081737652,2538.718783227646,1142.3924164363352,694.4645993867848,793.0653452109641
1929,1,22,1,14638.788490747242,33502.75580335245,0.0,4792.82881058617,1837.1922121058758,1460.6870667453907,152.99881646224742,1575.7070969614613,3984.3411295964574,1046.7213380883934,4303.083234069716,2879.5018642480545,1316.2174195267066,609.3025300559196,818.4757482517867
1929,1,23,1,11804.553651146556,28439.904427563604,0.0,4792.82881058617,1659.6379805881877,1448.767798761856,148.70567115274469,2064.4174987843044,2861.4720429321274,1017.5661197674427,7857.544084413537,2831.4940022472883,2272.47340651155,1194.490873962908,740.5289447883727
1929,1,24,1,8933.992564383017,28206.271805190227,0.0,4792.82881058617,1536.1274898849122,1393.1494775637332,152.99881646224742,1869.2735561131226,3428.5414220093876,1065.8559813731124,4045.861988877151,2611.9428959761194,1235.7305058526317,657.6071441347543,776.9583651970977
1929,1,25,1,20382.076456787385,35301.24026099105,0.0,4792.82881058617,1445.4224979917306,1587.8062076705273,39899.60426989609,1951.7603871436174,3426.7485197268275,1065.8559813731124,3097.954066778175,2559.3282189348606,964.2622694722036,487.2721137900351,943.0278974156048
1929,1,26,1,33656.41566386488,102214.27228800792,0.0,4792.82881058617,1460.8665767507512,1620.9317167064517,207.32931055202107,1535.811715260746,3422.3943284691354,2305.7122657002697,2814.0358706416346,2423.305943266223,759.992831048274,423.29436788268254,916.7645989024339
1929,1,27,1,22585.278113969474,73126.1995782372,0.0,4792.82881058617,1495.6104865375517,1932.0748908647877,165.86344844156417,1478.8251905548593,3429.0536798042185,1943.1095504481464,2658.7282971013774,2680.5601936844005,663.9945482533225,369.05378657206376,982.0062008453743
1929,1,28,1,20692.17856671304,71200.35289242954,0.0,4792.82881058617,1383.6883223246214,2528.038290037038,187.31437103988634,1232.359674802883,3430.206259843077,2817.6435991590547,2818.356124113773,2569.632936788618,618.1287020290174,332.6211069567973,855.75806413286
1929,1,29,1,17425.769675502277,57778.64547175448,0.0,5852.051455796465,1466.6607399959657,2110.863910616489,137.26813989015326,3011.732213906025,3433.2798066130404,2134.4559832940877,2711.568320338764,2502.1067268531087,596.2560009156417,320.7491724932291,773.5761934960793
1929,1,30,1,14956.76620981351,52585.1869702638,0.0,5852.051455796465,1538.0659008614514,1738.7934609099348,563.3642922569186,1970.3760922010547,3432.5114199207933,1680.712585559768,2411.366091883913,2861.195836060936,606.9353279574365,313.54977003414155,713.4127508028533
1929,1,31,1,13440.711450179588,49150.46293163325,0.0,5852.051455796465,2396.8873119084733,1651.395354480495,424.66609086004365,1780.8489570903503,3442.1162535769695,1385.6078757483524,2317.7605999856037,2563.9350339753532,526.9239077858914,310.16245662296717,710.8736711779338
1929,2,1,1,26949.350029200647,72625.67413377982,7802.142599824876,6141.032798363001,1866.310516123606,3665.100964040954,857.9776881366487,2135.5102344779443,2629.2911973430573,1410.9655656325228,3101.277338679774,2285.5864199508515,965.0975958954946,673.4327595251654,2523.9823946256956
1929,2,2,1,37246.70898099721,77924.59180509076,7919.679943192975,6141.032798363001,1361.1858992486757,3665.100964040954,3731.9275899369063,2311.075590795405,3071.881932232737,1497.2062114220819,2942.314166047935,2288.0110594457997,841.9447787569517,667.8453261491987,2476.043787037334
1929,2,3,1,110258.52797335073,136285.6963840117,7768.874720181644,6141.032798363001,1196.8844992991271,3665.100964040954,19671.487887295207,2747.100337701309,580.4393075271048,3699.527702908652,4083.5257370964628,3649.203671932196,1386.1278155648145,892.3338043406013,2232.6254585258935
1929,2,4,1,63013.733187912076,96535.70160534083,7058.976660354264,6141.032798363001,1111.6786950677606,3665.100964040954,4740.96477717197,2915.604564514529,4789.738447802713,2612.0870599047685,5321.776847675486,3365.884546942944,1466.4476639542474,1156.9145676332648,2094.6916735013733
1929,2,5,1,47582.461527356136,105459.1698209604,7267.519525721768,42233.68589626335,1099.500417410617,3665.100964040954,2606.531360863863,2727.8427117798296,4003.5507969091345,2354.9576344608013,4790.385670591192,2750.995971013668,1061.1729857449586,916.5460156364821,2074.20257537052
1929,2,6,1,62417.155795485225,120872.43310248606,9264.142186630535,42233.68589626335,1111.6786950677606,3665.100964040954,7042.830860552132,3932.567693385464,5750.34987789716,3639.992257093635,5112.743045057595,3361.883891776113,2601.8490407867716,2742.19902742448,2023.3229489116263
1929,2,7,1,67011.58927808933,134663.24761753491,35164.97360647136,42233.68589626335,12690.903081767212,3665.100964040954,8863.420550783687,13458.512835669795,21317.608139387627,21539.336291471824,13588.858806110227,19792.332197591055,8703.330259717704,5428.523721089243,1881.565839355726
1929,2,8,1,54069.994557216676,107892.84297067503,38346.042759143944,42233.68589626335,12317.758968775766,3665.100964040954,6666.218389260162,18769.766064818694,22740.404165031043,16694.425011669166,13525.716639977767,11251.539576493957,6343.4688581584805,4911.49552935934,1826.7648544028314
1929,2,9,1,39992.343217761896,69970.53672744113,84340.94842471577,42233.68589626335,26809.066593462994,3665.100964040954,3688.8480973481214,13722.502791010469,19727.0476858781,14167.23108746358,11661.361103115902,7387.512845305636,3952.1220760305887,2820.4013113221367,1781.7672656848767
1929,2,10,1,33548.126038177026,54742.232605293815,44290.27051029295,42233.68589626335,12520.660030780708,3665.100964040954,2441.467325686802,16266.27469502395,32593.68285207038,21606.7117959951,11519.56816864292,8592.801138264394,3706.664619352573,2659.3133198393784,1641.97083537579
1929,2,11,1,33669.213528718785,45757.92256093104,26504.327253040014,42233.68589626335,7104.276229160457,3665.100964040954,2441.467325686802,8121.261811526979,15012.995327288216,9498.231124924867,12413.528310203978,8167.3981388686825,3604.497772201323,2651.7980585734654,1602.8552843987745
1929,2,12,1,31524.094488951585,48884.381333931,20598.591263462087,9729.584876154775,5162.70479990269,3665.100964040954,1698.4571081496508,6279.10941191996,8688.660590080972,5927.69688794878,7893.103093761778,5814.770436881432,2575.632642272461,2015.6148548880776,1512.8601069627407
1929,2,13,1,30288.60830496487,57637.492429071426,18118.622053686147,9729.584876154775,4105.8494239767715,3665.100964040954,1657.8942869492219,6327.895397587589,7540.947000358545,4476.3060196022225,6528.567650917827,4923.957886422602,2308.3281868325466,1686.9038621261682,1571.484416447265
1929,2,14,1,40210.89137142358,73786.53622619365,15796.744007504254,9729.584876154775,3479.0263092679334,3665.100964040954,4670.053859817901,5395.665822771295,7035.98887892653,3752.0805964367532,5475.090458074369,4401.326843277734,2055.031512951731,1473.5357922717299,1564.7200730451038
1929,2,15,1,35659.77373909514,58907.05858883831,13725.337352686898,9729.584876154775,2996.319836730835,3665.100964040954,3648.1372366541973,3820.71298282494,6325.359252797231,3301.154719800794,5219.087745912331,3961.1335429626242,1752.9003712501487,1330.092327239442,1545.1132805754726
1929,2,16,1,29702.859875106606,51054.40655909326,14833.07526246375,9729.584876154775,2902.981134271715,3665.100964040954,2221.6286779397456,3401.5386586002473,5974.078469868262,4053.555353948615,5255.422185371122,3836.2646089708114,1793.124551323558,1223.0270834074518,1425.805948397239
1929,2,17,1,27517.378338491715,47014.50913056682,39223.10504065041,9729.584876154775,10126.722474706141,3665.100964040954,1711.336544078291,3417.1052395533748,6620.4197427234685,4419.833096720082,6659.1722366551885,5275.894309120136,2152.057889806174,1495.8637424096441,1549.034639069349
1929,2,18,1,25324.021192736207,41826.72919975878,27478.993644243492,9729.584876154775,7254.292383000011,3665.100964040954,1316.0266847657888,3861.4749576920453,6924.444744062829,4280.1820509810805,8097.816642907532,5734.757333546621,2635.904656503882,1636.584286693426,1553.9363371868192
1929,2,19,1,32614.866354974038,73315.21485953237,26447.964316454047,16135.218457166106,6213.6606641607095,3665.100964040954,2277.439566963676,3551.74814078783,6195.117708415686,3842.118770663271,6406.60357212504,4308.22068667026,1864.7056002082481,1325.408903551998,1167.6825255335127
1929,2,20,1,30004.10192474768,57693.46691151491,22433.82346692734,16135.218457166106,5012.688646063136,3665.100964040954,2533.251811614932,8536.745090783319,15586.724057700885,12063.032830746122,9106.429665077916,9475.49114641501,3321.514882355728,2000.8021660161016,1573.4450956942032
1929,2,21,1,36253.39777809467,75890.04105193006,29901.2252116637,16135.218457166106,9708.910630515344,3665.100964040954,2971.596751668118,12984.614757784973,19793.641199229587,10061.36784182138,11907.283223842853,8667.11633878564,3131.9600401568023,1794.9493574276275,1372.965642691407
1929,2,22,1,33234.08612368138,57145.07922844539,22033.78408774519,16135.218457166106,5396.156904473216,3665.100964040954,3451.6888288694277,6785.584973655241,11615.829695223465,6706.802722071144,9232.603221612848,7147.473535301804,2794.8737004361665,1678.5172662206985,1559.8183749277584
1929,2,23,1,32860.97914062885,50804.54944905602,17172.824483660537,16135.218457166106,4282.413380321661,3665.100964040954,3608.6106919077047,5140.662759527429,7941.91678940371,4760.140645020733,6904.540478731871,5350.936901489896,2167.736324211774,1418.6417099814819,1374.9263219383454
1929,2,24,1,30376.224456657554,47953.09574197371,16462.10160037112,16135.218457166106,3665.7037141862565,3665.100964040954,2783.1424765287707,4008.3143553435184,9661.053949460766,3806.34850280718,5958.737295503967,4712.408090484795,1903.1306156776898,1272.3664073707248,1390.6117559141003
1929,2,25,1,25820.18456861647,40652.88751721385,17960.530890091664,16135.218457166106,4473.094025300317,3665.100964040954,1924.0692961406298,3973.3296682527903,11014.56710832902,3324.7973968424603,5479.410711546804,4371.867473413791,1821.9111849863132,1159.637488381796,1264.442046371583
1929,2,26,1,23621.905167147674,33461.38335980702,16635.31452743964,5013.278243128886,3941.5058846581655,3665.100964040954,1450.8906632827047,2721.263022923289,6896.014436439612,2902.046731189031,4946.579449971698,3824.868803344282,1602.6701268226893,1083.2758989101505,1295.714880360721
1929,2,27,1,22077.30132437796,30088.312374302586,15204.245820468039,5013.278243128886,3414.131680921632,3665.100964040954,1149.7783336411649,3676.9227092775554,5525.3406414386545,2695.265182761452,4771.110693561263,3720.245609135426,1624.517125584588,1027.3906734674192,1438.5503635025866
1929,2,28,1,20509.070654185754,28817.123765768756,15539.674028442107,5013.278243128886,3115.995644850005,3665.100964040954,905.6464050219262,2809.04570108224,4906.020967270067,2330.4574509977933,4595.641937150829,3449.17091359577,1416.5851020740704,958.4572117977771,1421.884589903363
1929,3,1,1,6941.069671265197,13493.095166399495,7458.603627805621,10509.250596918695,1223.3901624354057,4617.755112295937,1100.0962796453075,8228.78355625533,5651.484123459924,2640.8747754737674,6993.825717158043,4699.799965110941,1962.3745358497006,1310.2694641901824,1644.5197183968346
1929,3,2,1,6999.546069136234,16706.354948406,11334.036665100311,10509.250596918695,2305.0234873662657,4617.755112295937,1503.7851742861594,7596.491505166281,8137.087009302724,3132.103453906325,7244.954297197676,4873.282920977183,1962.3745358497006,1202.6596362084758,1551.2894202034026
1929,3,3,1,7436.937711802206,21405.777800504842,11955.816085046072,10509.250596918695,2322.93271921508,4617.755112295937,1270.3713049912228,6925.202761586132,6821.608991714188,2660.1074194921857,7052.315302628089,5027.489992858386,1956.720018523107,1120.4274296030294,1528.6435749008674
1929,3,4,1,9415.782953580861,22988.476572202035,10281.286986138779,10509.250596918695,1952.9279892183408,4617.755112295937,1036.957435696418,8631.107457798591,6232.896720797664,2493.6286728612044,7043.785571413806,4641.487385256418,1929.9895729790912,1049.4898982624684,1462.1765484285909
1929,3,5,1,42240.82962750432,70227.69485692683,11039.024806775698,10509.250596918695,2366.1255724975194,4617.755112295937,1327.7662165949673,8022.085038031393,6888.458633963086,3370.1227362489535,7242.517231136325,5246.434939255893,2112.604780277241,1046.9630278078364,1529.4278465997177
1929,3,6,1,76013.41052619898,94102.02845562619,19116.658442986227,20817.720112153296,7013.465888844675,4617.755112295937,5460.288675759977,8597.406612436167,13165.02533178589,4915.594309093325,7015.759311709309,4471.762620607302,1885.0104578810315,1372.3520572565546,1454.824001252448
1929,3,7,1,43939.007848522866,77414.33166803392,14453.65646983734,20817.720112153296,4629.431084498341,4617.755112295937,3015.2684022307512,6779.165765014821,8189.465368842597,3440.3157618704067,6569.665446769029,4238.633533164059,1834.5053372138448,1016.5752322542922,1468.6467899436363
1929,3,8,1,30716.84455200431,55224.099888937475,12489.06445337853,20817.720112153296,3549.399055591564,4617.755112295937,1963.0036829134071,6227.113821931899,8087.654132084269,3050.8853457264822,6998.699849280447,4193.292774607647,1712.2906559045014,950.7459002379395,1422.4727936774689
1929,3,9,1,24763.868492585756,46115.67251393955,12370.014933663295,20817.720112153296,3085.233905439135,4617.755112295937,1855.82308966828,6939.485500811175,6926.23764634539,2939.409510970011,6417.348817940687,4233.420558249905,1758.6834003342096,914.0300368648386,1499.4294541210397
1929,3,10,1,36249.45997352403,80043.50989410927,12194.05259505392,20817.720112153296,2939.010294814629,4617.755112295937,1256.973730835615,8182.404773827748,6562.918805233656,2940.87952197782,6072.393194542756,5259.406760554304,1967.9005414189085,902.6373364530036,1574.8175711670349
1929,3,11,1,56480.915405491214,108704.06735391401,11598.530055322544,20817.720112153296,2734.6343548926925,4617.755112295937,1333.5101489401122,7633.883395497276,7134.214311119738,2801.8409808254646,6286.85500793332,4638.820281811763,1945.4109838699194,911.5031664102065,1706.9673524128632
1929,3,12,1,47663.18652105087,124117.33063543966,12421.291458898791,20817.720112153296,2581.0363546833755,4617.755112295937,1146.018130508085,6647.411507668556,6070.126806432949,2715.1103313665167,6152.816374564069,4577.9618304877395,1938.4713489690628,908.9654042725856,1921.7597639185824
1929,3,13,1,74691.29264166158,159811.20349791797,20168.308357331414,17979.126350182265,4557.794157103,4617.755112295937,1333.5101489401122,6748.995484404408,7228.597809850736,2577.54180122197,6411.256152787457,5668.685907308141,2212.329904037514,912.7666016375354,2065.96772253328
1929,3,14,1,77450.70919442283,133040.79885105925,25393.564990568004,17979.126350182265,4942.737293430076,4617.755112295937,1310.5492235088552,6983.938520646632,6477.115624569172,2843.123789960483,6286.85500793332,6097.483401997022,2216.5707920324594,893.7715064958007,2240.272107589027
1929,3,15,1,45795.68270350224,90857.13092267372,58134.932323849396,17979.126350182265,14729.816453544432,4617.755112295937,5093.002692554222,8736.221999286896,11823.422166651526,5387.590343507464,5934.6989620816275,6611.749438883972,2430.028821112185,867.1849083072065,2434.7714888885125
1929,3,16,1,35241.38200348163,63463.70594948713,31670.47153815022,17979.126350182265,9584.178098109416,4617.755112295937,4000.4712310233076,7534.2251813533285,9890.161248279546,3923.336878842935,7811.682932169925,6694.672109612541,2472.180677546948,907.7019690452568,2570.1563908918633
1929,3,17,1,29067.888888116722,53231.73280370511,23269.64457532188,17979.126350182265,7535.783368294535,4617.755112295937,3813.053232337896,7251.138080307516,9853.790944833843,3688.012616681052,9419.371102489195,7243.974187202146,2615.471287073632,882.3788060839912,2817.3000099725614
1929,3,18,1,23606.15394886579,45192.49916581476,23636.691016015102,17979.126350182265,8238.457347304247,4617.755112295937,3879.96708336932,7852.938890354131,8740.398627377144,4833.02869082311,9234.154081833654,7531.536431307935,2626.7803217268197,898.8361390880793,2954.3514893358597
1929,3,19,1,21588.029106496306,38763.54592865189,25752.36319663911,17979.126350182265,9764.745294514638,4617.755112295937,18197.014532708617,8999.730513979428,32378.534578165465,28910.216486306956,9770.419391040354,7604.033152208193,2666.1049194982857,898.8361390880793,3073.4627535893496
1929,3,20,1,22759.525966212834,41137.188474007366,22759.628734508642,11744.668885239635,8578.522055586687,4617.755112295937,12349.750621116256,8579.593308458672,18886.944902060157,11552.694009212404,9009.83322846799,7490.0750959435,2754.52100860529,931.7508050962304,2908.0794591073204
1929,3,21,1,33396.520562213496,47479.34070216256,18926.94904667302,11744.668885239635,6151.294397957745,4617.755112295937,8012.48954253433,13369.606795998881,11938.29597718293,8053.210304278756,9531.476141307177,9333.40727200855,3484.981837797891,931.7508050962304,3314.1361311550017
1929,3,22,1,29357.3175240472,43895.35137701645,18838.967877368334,11744.668885239635,5557.339991112629,4617.755112295937,6399.747301081897,14705.283633870838,13167.586620760696,8226.549102279392,11573.848276370822,9641.700183796405,3536.9005877968066,934.2885672338513,3683.7241692090843
1929,3,23,1,23881.800268799056,38608.602071453686,28778.090597258062,11744.668885239635,9197.760083865429,4617.755112295937,11521.321615868615,10773.357861349197,16145.085054263087,13787.478243787495,8896.509656619479,7355.3863719970395,3041.1022276587396,1026.7044974387984,3386.2891274435983
1929,3,24,1,21219.844379156413,35148.73007694272,27940.894783093325,11744.668885239635,9506.64165904626,4617.755112295937,11219.024970279776,9619.505108219437,15986.285137809453,9985.294772168869,7414.330388454881,6890.340516858179,2290.979099580446,1203.9666381677848,2969.7428214246233
1929,3,25,1,20100.523429998822,32765.35283898892,29261.987028434287,11744.668885239635,10361.438760348377,4617.755112295937,10212.652493926429,8664.968783377355,14826.021232109431,8896.751620908952,7393.615326934141,7036.667510380875,2663.277660834989,2024.3282012833618,2974.546485579722
1929,3,26,1,17621.67545288347,32581.204903993475,24810.689743924555,11744.668885239635,7980.353711835867,4617.755112295937,8173.2604324018885,8388.942811835785,13403.225206466017,8607.771956963288,7767.81574306739,6334.613144606794,2269.9031713630243,2549.6340720887956,2861.9054628411527
1929,3,27,1,16091.838377252983,26154.685339981617,19757.27133198584,5734.246229298298,5712.623566084227,4617.755112295937,5161.841057000288,8299.876291948969,10215.701077009302,6287.604583019801,6868.316815003372,6072.873311122977,2361.275030890873,1982.5041385860277,2834.3579194212725
1929,3,28,1,15406.660381990136,24972.731413603036,17675.96679562186,5734.246229298298,4702.542889810594,4617.755112295937,3820.7512859963285,7664.21415632359,9946.893799077112,5617.402064390242,6617.188234963738,5882.417878791493,2001.6991336211668,4028.2889553677987,2892.688127018681
1929,3,29,1,14058.946767744274,22626.67049727784,16148.668684723005,5734.246229298298,4131.133045410396,4617.755112295937,2871.670093601335,7559.099614835286,10551.486061638934,5547.209038768789,6158.909039717298,6115.668198209288,2199.735751810064,2723.1385821848125,2762.9891948315258
1929,3,30,1,12405.068848144047,29912.276683140797,17656.720914836318,5734.246229298298,3961.1006912692606,4617.755112295937,2043.241088353692,8563.545286857403,9715.737469078354,5591.309369002167,6406.382020665053,6670.062018738497,2432.8560797754817,1940.680075888668,3007.779998815798
1929,3,31,1,11644.088114899761,21718.099188051103,19949.730139839907,5734.246229298298,4308.750485981712,4617.755112295937,1622.3648085253742,8308.863184045556,12026.916575719637,7479.293506658724,7480.13117210898,6175.193097811436,2312.0550277977873,2143.2653795789456,3086.4032366193155
1929,4,1,1,17822.50348597796,60170.13495354078,16481.347481156216,9214.110180729369,5346.432448987106,3898.310462922971,7155.636954547687,8165.554351146536,10555.199930652925,4920.739347620478,6481.0448627234155,4995.605983499495,2036.6543316402203,2647.1146348859957,3440.4038746600154
1929,4,2,1,17254.47517668624,59043.344285222774,13322.686032540823,18263.90768032583,3429.3018537818234,3450.8203274650477,3670.0470816821953,6306.712009073984,8056.1502776910875,5517.808818613144,5608.242885603075,4048.6630287316857,1658.829764816551,1712.0636498425265,3613.0416823558153
1929,4,3,1,44763.97790603733,72271.98030268813,32434.807946484747,18263.90768032583,10106.916971249846,6164.7459606186285,13437.840897844306,15282.530970867518,22348.526951847543,16558.448993449507,6340.581237010955,14979.422800038785,3554.50669856376,1759.6603045267375,3495.1068256504136
1929,4,4,1,45227.65439421118,66247.01680837778,54575.81908432016,18263.90768032583,22869.035586721744,13593.43712538764,35504.3117098886,30024.24361377329,36563.68076340635,19790.02319221567,7683.95851541389,24453.70162670647,8869.11042679346,1608.7015782285112,3516.4782294424886
1929,4,5,1,36724.949875409126,56578.84460894508,40113.91437986027,18263.90768032583,17242.797727202396,9705.330502301527,21538.265899477483,18322.02626214391,23139.965245139934,14373.032628552563,7927.332794349496,15191.578755850256,7643.4937962498825,1432.4741473839883,3667.8426673085855
1929,4,6,1,30025.75984988551,55395.26823380068,24245.685672296004,18263.90768032583,8378.360052570368,6187.519748080892,9606.726847307562,10511.614629032889,13604.286391007865,7843.856236587689,8028.027932971573,8644.20349555803,4275.971704736684,1695.8350421813288,3761.661169276124
1929,4,7,1,25548.476053253187,51480.29936029344,19674.788985762865,18263.90768032583,5847.680243908874,5182.515465010273,5830.0913303540865,8670.906551369855,10448.906438188034,6142.440996001694,10548.618894691846,7174.750729620503,3454.396039531168,1575.2641114366213,3351.1929689228314
1929,4,8,1,25185.21358162659,55037.51828079331,19178.52020265346,18263.90768032583,5541.32703087138,4991.748024580369,4865.465991148603,8749.862817647896,10804.925605720658,5312.1297784416,14591.379163127684,6352.555476869656,3091.093301296302,1437.4843215612725,2900.8249458935493
1929,4,9,1,21647.0961750532,55529.12025703528,16462.10160037112,13770.918781009716,4607.307915743909,4554.609610696239,3574.857687405135,8027.5413653757505,9380.977000038709,4710.7727753429435,9813.178822842354,5730.877910354643,2823.9173576137737,1344.3604319617268,2642.701523029823
1929,4,10,1,21222.797732584393,53277.16136916622,17109.588018222654,13770.918781009716,5804.698087471719,4672.619236636522,3821.3434439700436,7733.060168992862,9420.676979151793,4356.990126137495,7582.044843761583,5758.761264547004,2602.7486230887152,1333.1419984777879,2566.6271682473493
1929,4,11,1,22250.564725478664,71325.28144744872,18125.495582538064,13770.918781009716,6006.1242715596645,4715.8007037726375,4329.859103910352,8259.756237945905,9371.628295279625,4290.594628952824,7315.075334323616,5365.484738459889,2361.789077920497,1381.8278214614315,2343.697937866762
1929,4,12,1,29914.51687076968,107081.61858743722,19333.861954707092,13770.918781009716,5426.707947038884,5542.459612301825,3964.94175259946,8000.259728653747,9927.171873969277,4155.7211189892005,7329.033076310867,5203.882516118987,2127.383632380898,1851.9128594867773,2301.935469906206
1929,4,13,1,26077.126316839876,81122.4383238163,18645.134363743626,13770.918781009716,4772.2835455983695,4337.667102858582,3343.916077650585,7969.768487611312,8665.480924856889,3979.932302642333,7302.225349637194,5474.593515734385,2266.9474009423416,1475.0606278909152,2312.1310019905086
1929,4,14,1,23674.081077706614,64499.63948688292,17537.12151281291,13770.918781009716,4406.092428501164,4819.17003777297,3033.4772599229614,8690.645617939253,9175.561624239168,4843.4412687948525,8118.088601507999,6319.095451838883,2822.5037282821254,1603.6914040512272,2236.9389528691327
1929,4,15,1,27084.219835738975,66740.24123338671,19331.112543166237,13770.918781009716,4318.23184401929,5257.491505551242,2887.8063983854095,8572.21121852219,9267.768027340995,4665.44743593645,7074.913551559913,5904.724562145443,2871.209684345425,1370.7183048074307,2508.983198386419
1929,4,16,1,41574.35620395132,67611.49622098485,24226.439791510464,11230.423461742683,6248.214946786712,5741.212666517108,5271.09420315342,11271.969892499852,11581.12422961145,6068.327941026202,6588.164993688703,5950.30778465126,2580.259065539726,1240.9983603477115,3078.266417744447
1929,4,17,1,32215.179191070387,55764.37532817447,22649.652272878,11230.423461742683,6349.770826211783,5635.625106465297,5612.621314501893,10707.400492568113,13357.12200491494,5866.078926539308,7011.66060969716,6028.381176389932,2771.2275370702996,1154.8451478643885,3559.2210370263897
1929,4,18,1,27337.2237793924,51205.29429437578,18119.996759456357,11230.423461742683,4605.200947291058,4880.540958531457,3376.928884686077,8604.146781508609,10383.593569323955,4735.0279569712575,12530.950584064638,5159.390381385941,2318.352103911553,1120.4274296030294,4294.671822565297
1929,4,19,1,26263.187582794486,49813.23325273843,16016.696930765973,11230.423461742683,3924.0180464999216,4537.603210968006,2635.54710157671,7991.112356341038,8731.946373759502,4334.817460103638,14774.159117721872,5177.2114816739495,2285.453094011238,1169.1132525866476,4224.087369674276
1929,4,20,1,24979.463292819466,47030.73361823183,15554.795791916144,11230.423461742683,3508.523867607177,4428.614370970442,2212.450229346893,7670.95432539603,8916.35917996348,4445.435788438947,10403.94579123724,5571.579095533837,2476.2930537844263,1273.4555756701322,4386.627679248144
1929,4,21,1,24709.7236797415,45369.34608136061,15486.060503396993,11230.423461742683,3347.972871503619,4480.81662404941,1872.8476314130598,7842.347196097439,8366.578501467793,4892.074132968916,9353.237991645114,6251.2055459791145,2672.40199561197,1469.941536883693,4156.345901691414
1929,4,22,1,25462.828803845172,44610.85128303233,16205.031621308972,11230.423461742683,3283.7103336931727,4588.622410152702,1550.7136937042267,7819.559005423508,9398.521829517698,4808.038503690892,10071.50782533575,6593.200946747449,2773.7977722188252,1658.3676526816241,4011.451705340238
1929,4,23,1,24972.572134820857,40778.627296615945,15442.06991874465,14887.507449558276,3158.345710751388,4399.03802361707,1544.792113966809,7268.790904068891,8551.119372120642,4508.401259938792,10499.323694816343,6165.3733078567875,2357.8052134404043,1658.3676526816241,3933.4166713108266
1929,4,24,1,25071.017249082783,40212.392677115626,14930.679372161207,14887.507449558276,3013.8076748890794,4293.4504635651265,1416.7527560972069,7094.188429047273,7877.62843612962,4124.8508878259245,11035.367452563056,5561.516841629785,2352.536231386049,1542.9158129441641,3807.1489278059375
1929,4,25,1,24258.84505642222,38916.05611270022,15237.238758956968,14887.507449558276,2907.827161713105,4199.1019155076465,1302.2590118765756,7171.700373381332,8549.838727632912,4344.862535323428,9603.03726292393,5643.954584459244,2224.7955445075786,1384.8774926997773,3849.8917353898387
1929,4,26,1,24595.527347197694,38761.11225550202,15421.449332188904,14887.507449558276,2824.180514136848,4257.071556320382,1238.2023230683353,7522.189165152432,12001.303685969293,4801.42345415593,8679.943104357842,6100.756665315338,2376.3109065093013,1264.3065619550953,3856.3619769048837
1929,4,27,1,24442.937420092163,40024.1886202045,16871.763919946043,14887.507449558276,2907.827161713105,4630.620823394677,1185.8111463426574,9296.137472954442,11110.743509342254,5419.440582009339,8927.637636765587,6537.434238362726,2401.24218744943,1240.0181088782424,3808.1292674294064
1929,4,28,1,26950.334480343303,40396.540612109915,18032.015590151666,14887.507449558276,3106.9356805029975,4993.966250631981,1090.7105757616678,10466.038247685248,12044.58946964782,6627.789630403193,9347.920756602436,7965.789364860375,2910.791305631744,1281.515421085762,4304.867354649476
1929,4,29,1,28802.087079610046,42373.49443406132,20146.313065005026,14887.507449558276,3399.3829017520097,5324.48193230683,989.7920530889172,10472.136495893868,13149.657597935422,8181.101261955464,9006.953059486663,9615.756541200182,3607.196519107153,1321.0522303543435,4013.314350624929
1929,4,30,1,29896.79675020248,42036.83631501755,20143.56365346461,15019.654181891094,3511.6843202863697,5114.341984360545,883.0407743748195,10959.35443170767,13304.615580926195,8809.040964111584,8942.592360323377,11112.001573557298,4473.365764138409,1352.4202773773568,3776.4642975907814
1929,5,1,1,50967.00455568134,25984.32821950132,45780.45156539138,27668.86232798252,3633.0457031678206,13635.139775156013,11761.293634722522,22942.251681143032,13143.254375497756,16175.021122254077,25658.98235313738,21818.118495653925,7436.3328432840035,1854.962530725123,65021.02552767611
1929,5,2,1,47193.60332602173,25428.639516983363,44096.43699666824,27668.86232798252,4702.121496120024,13635.139775156013,13514.673394935793,20435.550707028084,14466.160131113946,15917.769195892852,26582.851941814017,24760.41852282244,7657.1160425367425,1771.2054885004911,64274.98707420366
1929,5,3,1,43219.37406326762,25292.353820598895,41791.055419731034,27668.86232798252,6337.550409185582,13635.139775156013,19638.919198740066,19690.92250473015,14537.87622241569,14751.560463055353,25234.711307018373,28123.393502371626,7219.790532026129,1781.008003195183,7301.765583644741
1929,5,4,1,41056.53490293388,23353.527544660148,38653.97685171035,27668.86232798252,5122.672399299443,13635.139775156013,16185.157816962503,18124.63559644858,13181.67371012376,13854.853748310588,23052.429424892533,32134.95954683027,6721.293424982231,1821.416147103295,7367.4483384181685
1929,5,5,1,39372.13899791189,22361.400123959647,35861.94943205695,27668.86232798252,5512.040169377422,13635.139775156013,23091.200185583213,16783.020990584126,18935.60939258604,13129.648317806697,21518.1855636011,33788.56368241235,5984.4070079184785,2297.0559434556158,6917.962621050108
1929,5,6,1,38057.89672251576,22566.639892918683,34293.410148046605,27668.86232798252,5391.310877031826,13635.139775156013,19800.28224658134,16683.523256656517,17388.590851652458,13650.277216394723,21308.81943379293,31938.563747736116,5993.2743191806885,1942.74949565757,6933.157885214127
1929,5,7,1,37024.22302276554,23573.36935251723,34536.73306940492,24543.43844932017,4702.121496120024,13635.139775156013,16454.589695009476,16529.462249284465,14604.469735766848,14467.358334884893,22520.705920618257,25809.075104405052,6290.522014100154,1792.1175198491583,7133.441270292181
1929,5,8,1,36454.2258111885,27484.2821041088,34058.33546131041,24543.43844932017,4299.058431098849,13635.139775156013,14458.869284047438,18659.034715769907,14628.801981030116,15827.118517079862,24324.13480594872,21767.201066259102,6915.8602257206585,1741.9068612463543,7598.024217862013
1929,5,9,1,36626.504761147204,27476.16986027629,35339.56123931009,24543.43844932017,4098.47503439196,13635.139775156013,12408.818378995753,22728.812993846437,27462.140390546323,15904.294094988232,26182.951556307627,21118.610001349647,7254.874241802649,1793.5334386383804,8269.654893911937
1929,5,10,1,35709.98074736876,27177.63928724403,33306.37140490951,24543.43844932017,4040.1120082493294,13635.139775156013,12273.806360985474,23093.103084194663,21796.569177723333,16667.474809859745,25030.883963713164,22865.562757488908,7595.944446003378,1662.5064922193772,8476.702622392026
1929,5,11,1,35656.82038566716,28920.1492624403,32301.46148675751,24543.43844932017,3568.783165357374,13635.139775156013,11761.293634722522,23861.803318894392,16102.823786174546,17302.02956155083,27276.30801197176,26347.34507229238,7735.89374983706,1581.5812875732145,9203.82052113132
1929,5,12,1,36536.91970716855,29464.480823592974,34587.59718290918,24543.43844932017,4382.705078675105,13635.139775156013,21365.05969216164,25704.116198717533,16270.588214040654,17521.306203544427,26230.58512023233,29187.81024067155,7989.447447232727,2001.3467501658183,8926.09030579784
1929,5,13,1,34128.952212321994,28213.572824639825,33790.26783608529,24543.43844932017,4857.826464782108,13635.139775156013,22875.062525171943,26047.54386098439,15500.9208770364,18266.11178081887,26180.73604170656,26458.87848906183,8282.454254157248,1980.4347188171512,9340.185762758141
1929,5,14,1,33555.01719617498,29886.317502876325,33886.4972400121,25011.58617549153,4042.0082798568947,13635.139775156013,18208.857692183192,26174.323231634222,15712.227217478452,18933.741780184762,28643.28052087676,23418.380562346232,8944.932363673013,1673.6160088733527,9934.761744401996
1929,5,15,1,31885.388058292865,30805.434729085435,32957.19613923161,25011.58617549153,3560.987382081993,13635.139775156013,15403.509291639564,26906.113016651096,17350.17151702678,19270.619302800762,30426.76977479704,21294.396364736283,9213.907471959428,1552.2826603190776,10602.37302799567
1929,5,16,1,36051.585293857526,33975.699618780694,34748.437758044085,25011.58617549153,3323.5320374511343,13635.139775156013,13406.90064371695,27857.76069760499,36256.32608639994,20204.07629273986,28709.74595891112,18700.03210509877,8796.372772091974,1550.8667415298557,10024.952989762773
1929,5,17,1,36785.985846251344,32096.903947201106,35684.61238767692,25011.58617549153,3346.919387277194,13635.139775156013,13164.11587448783,28692.2578208699,31995.621876394765,20368.22752194187,28073.893268383177,17130.07803209377,9154.92057530227,1366.7972989295542,10268.077216387099
1929,5,18,1,37130.543746168085,30446.062327311105,34861.16363121602,25011.58617549153,3050.8903196584183,13635.139775156013,12624.511920926801,31343.390989395837,32721.747300823077,20118.32565061951,30680.44619662802,16984.59966239444,8437.696457124292,1394.680007394469,10059.26487658469
1929,5,19,1,35481.588082281145,31898.96519769052,37918.50926455413,25011.58617549153,2904.8774058791973,13635.139775156013,10358.619434450708,31208.587607945483,32721.747300823077,20536.053778663223,31235.432604214384,17852.62060160021,8859.729068501545,1382.1545719512462,10466.10582033122
1929,5,20,1,35699.15178480017,27860.690217931042,35122.357727589224,25011.58617549153,2840.6148680687506,13635.139775156013,10034.857062314091,28969.88859457136,32721.747300823077,19258.369211069257,33720.13222939614,20913.727964023325,8361.231961457566,1391.8481698159997,10193.5714050022
1929,5,21,1,31500.46766152909,27257.139276802114,32964.069668083524,15421.216345258943,2745.379894002065,13635.139775156013,9063.717985397607,29165.674458106583,32721.747300823077,22020.764896519286,27782.553098332886,24670.706861507835,8153.428449704515,1373.7679760457765,9276.169585344536
1929,5,22,1,34739.31192074606,25757.185392194635,32279.466194431116,15421.216345258943,2612.851578320755,13635.139775156013,8713.160464949773,30995.148920648884,42513.55505246055,17807.95835006112,33512.981614189324,28666.512749248857,7711.862051198956,1285.8720942833913,9006.870290773039
1929,5,23,1,30466.79396177886,24546.83861240286,27109.19779200985,15421.216345258943,2505.817580918355,13635.139775156013,8092.726947974614,23470.231591823944,44274.441222811314,11938.449397836985,22290.292402099363,33069.65807214818,5925.42011126132,1269.2078193024408,7316.960847808761
1929,5,24,1,28450.638021694693,25357.251771257786,24365.28507431941,15421.216345258943,2441.555043107825,13635.139775156013,8038.692532871831,19934.852433069183,42826.03230741755,12512.243694539757,19631.674880727685,35404.58590582228,5912.311912004165,1309.6159632105532,7742.820380250818
1929,5,25,1,26945.41222463001,27653.828000205045,24755.701513109238,15421.216345258943,2794.0508652617495,13635.139775156013,9036.774797592894,19987.810904353304,42464.89056193466,13555.951510062392,21047.38871085822,33518.21637872121,6493.956126100873,1418.4238763216056,7081.2872023228265
1929,5,26,1,24606.356309766936,28425.302388664408,24145.332151057693,15421.216345258943,3140.436478902574,13635.139775156013,7849.942178745493,19471.06460879313,41065.14613706679,13782.578207094857,25644.581508229854,31513.039516365552,6889.643827206349,1433.781149343272,7030.799711713295
1929,5,27,1,23838.48441852339,29720.82772869576,22793.996378768214,15421.216345258943,2768.5565469828393,13635.139775156013,7795.907763642709,19326.632414381926,41317.43310110965,11675.317427444701,25714.370218165812,30013.39998871497,6513.618424986566,1287.2880130726387,7284.903742120774
1929,5,28,1,22836.313155337582,41004.14767515567,20627.460084640392,9881.604838001458,3339.123604001896,13635.139775156013,15564.872339480838,16736.48172794064,39931.775765604514,8768.615661397549,21599.051846542687,30999.015943428003,5009.259792592501,1270.5148212617248,6525.826771655862
1929,5,29,1,20830.986177822004,49602.31491309674,18979.187865947486,9881.604838001458,4966.756733792074,13635.139775156013,17911.298310384074,14786.80758360505,38420.6152703218,8066.807906100811,19484.343159751737,32139.808825820164,4696.590686782289,1270.5148212617248,5975.36607306874
1929,5,30,1,20264.926770816255,41944.35673532837,19250.004902713466,9881.604838001458,3267.0652829159853,13635.139775156013,11815.328049825306,13972.049526909757,35120.394425962535,9355.517556253168,18455.2366275209,33080.568949875604,4956.82699556388,1405.7895240484445,5770.082955910971
1929,5,31,1,20442.12797648759,36281.19931594337,18394.937913533395,9881.604838001458,2932.2679957656733,13635.139775156013,10466.540225162915,14753.267218458526,30503.671048424738,11168.408631595812,20081.424344759842,34234.697349490125,5601.827506070159,1440.7518264594944,5911.447929617508
1929,6,1,1,17430.69193121557,22658.30824822495,10969.189753640208,4499.545016269207,2135.623223760901,8226.956779838833,8571.486669734999,7691.656273261715,15763.452996979793,9165.641134415035,14530.45251159599,24817.39755095479,4746.9672956920895,770.7608387604471,8270.243097686041
1929,6,2,1,17577.3751514658,22589.354175649234,11322.076724897926,4499.545016269207,2108.02193702914,8226.956779838833,8780.51843446155,9978.017910791285,13044.644749958261,9555.43905331091,17631.065195895797,26626.178614216296,5072.359065487219,806.5618007620619,8673.162682938573
1929,6,3,1,17614.784294884863,23571.74690375027,11480.717770800582,4499.545016269207,2073.0884000817086,8226.956779838833,8780.51843446155,10931.591354337523,15283.21131415668,8724.270329329654,18459.66765672333,29304.192936430896,6149.544616207142,828.3233833842571,9314.794966509817
1929,6,4,1,16692.353574251123,20834.675834704787,10012.119596297312,9403.520497073327,2080.441719981949,8226.956779838833,8780.51843446155,10034.025506179718,13312.299447851594,7585.134299218833,18105.18532054028,30765.038232161696,4732.188443588433,767.9507845479808,8780.411837747812
1929,6,5,1,17108.77640757867,20399.04834090629,10678.714424357453,9403.520497073327,2109.918208636706,8226.956779838833,6411.146342076248,9748.691682109536,19221.193113304646,9154.983554608776,16522.20013802361,31248.75381141193,4420.1618965653115,732.8577819409896,8588.461339469372
1929,6,6,1,17038.880376453184,19699.772922555418,10751.986241918901,9403.520497073327,2120.8744445912794,8226.956779838833,10557.436474130338,10485.456353822849,16583.065468997334,11915.419225381786,18135.094767655857,30300.71976887135,5105.1295636300665,783.3951910336082,8759.628637729968
1929,6,7,1,17208.20597298325,19058.094435413834,13673.373474566299,9403.520497073327,2091.4611649901503,8226.956779838833,12508.745037062668,16094.560863890742,16287.236592378524,12370.142630454526,25310.038803457293,29953.996321087972,5605.811370550251,883.0758737956007,9380.477721283369
1929,6,8,1,14246.976935984854,18152.76802371987,13786.924171199827,9403.520497073327,1971.996053716265,8226.956779838833,13379.809416418877,14969.755029859214,17971.284093477603,12370.142630454526,22094.219359898183,28715.005539148733,5097.675881699586,807.2697601566601,9224.897823036155
1929,6,9,1,3149.456095466726,18623.278165998247,12693.07078970374,9403.520497073327,1771.686562908289,8226.956779838833,11672.4699386631,13407.640607193918,20959.02768287987,10967.507127199291,20432.583409040995,26952.29262629216,5194.188211524242,770.7608387604471,9148.725434291435
1929,6,10,1,18852.23938115755,19596.74742588387,12901.888596225548,9403.520497073327,1593.4159621166316,8226.956779838833,14599.358763314782,12573.303964145125,26378.715154097663,11410.347943292658,21042.95768165579,26312.187799615174,5286.331141596568,815.6890311111215,9307.834555183037
1929,6,11,1,14717.544582156652,19664.890274075533,13837.788284704086,10205.7228698626,1374.7126367156438,8226.956779838833,17351.70902520969,14202.178156671669,28010.256231207997,11040.27267208441,21942.45660972011,24287.613821299627,6136.179393435134,1043.82622310553,9437.631521332565
1929,6,12,1,19281.46007933965,20848.46664921993,12757.8194314892,10205.7228698626,1220.3350581788138,8226.956779838833,18048.975039276203,14146.331041499356,31364.264144043413,10915.934241009787,21453.93564016781,19205.569439803843,5880.698019678112,953.2727706925716,8770.02023773889
1929,6,13,1,19652.598160106863,20601.043212332555,15800.868124815315,10205.7228698626,1075.1438620961626,8226.956779838833,17560.444710949385,13624.288898810726,30953.177263546917,11188.866284787346,21453.93564016781,17583.485617656395,5219.50502773661,870.4415215224398,8738.845437712123
1929,6,14,1,18763.638778321554,19480.742339081236,15881.975765268087,10205.7228698626,1032.857005248407,8226.956779838833,19860.978438888622,14713.307644671364,31374.50929994362,13776.453161229105,19531.976723676442,19400.75291915037,5593.859777109892,836.7535460217073,8363.571429841846
1929,6,15,1,18228.09735673691,24301.848848665355,16115.675746233635,10205.7228698626,1025.5247550326533,8226.956779838833,19791.399876975345,16125.052104933178,32427.19906869167,15960.644516953113,26237.231664035528,23300.78554683957,7032.163366188556,892.911063539284,9954.368536871752
1929,6,16,1,16400.956036035328,19561.05355302108,15750.004011311055,10205.7228698626,992.4242806391603,8226.956779838833,20244.40072687845,15553.100615064734,30639.419364102832,15982.694682069712,29073.090353498734,26985.02525947442,7922.1072863430645,975.0343533147922,11746.429368603303
1929,6,17,1,16242.459402073846,17221.482431762575,15068.149949199505,10205.7228698626,904.2265812048294,8226.956779838833,19825.448960464906,10841.240992722405,29032.21053225544,13982.254702318085,28822.737203569355,30071.59133659494,7454.067465808343,933.6241745712333,12275.812765285467
1929,6,18,1,15336.764350863998,18413.982275122384,13898.275338601114,8876.162839670515,808.6544921856876,8226.956779838833,2891.951504201549,13599.093504896748,28680.033298185026,13922.22925283386,24607.720674894987,34104.97913650842,7147.952459626667,883.7838331902243,11668.982538347875
1929,6,19,1,15657.695423358242,16371.319278129185,13331.621620048047,8876.162839670515,746.1618078755521,8226.956779838833,1811.8553601189217,12882.067899753058,28543.004338019527,14139.05587648105,25897.1501727603,39298.556934773645,7192.546039452489,887.9880228259353,11725.842236510078
1929,6,20,1,12814.600523473631,15786.426497813985,12999.492705923005,8876.162839670515,696.5427008120428,8226.956779838833,1811.8553601189217,12372.703694129368,26185.33783648088,14139.05587648105,25140.551936469794,38930.01173153544,7336.7362312811165,869.0364944162066,11924.85118007767
1929,6,21,1,14307.028455684405,14281.605266907918,13556.24854292944,8876.162839670515,645.0905311945949,8226.956779838833,557.487124367602,12343.817255247259,26433.782867061538,14828.736040963722,27505.61377319012,38561.46652829721,7162.85982348779,847.9828711886096,11375.860990925752
1929,6,22,1,14037.288842607093,14819.447032993905,14313.436481257746,8876.162839670515,599.1375492389625,8226.956779838833,1219.5197389972577,13259.517367814362,26583.61827210205,13272.974391065045,28334.21623401735,35539.15339779419,6736.457812358125,802.3576111263257,11531.734991059957
1929,6,23,1,12569.472188961476,14103.135902595113,14133.350025337311,8876.162839670515,560.5378871836541,8226.956779838833,34.8425751742458,13748.98202665253,22664.846140267084,12044.290190396914,29129.5859758277,30303.1444083663,6267.004362491754,747.5942290319935,10729.817179048772
1929,6,24,1,12814.600523473631,13997.676732773702,13005.541411312443,8876.162839670515,534.8118023748884,8226.956779838833,209.06137262519798,11655.838569201796,21042.26957456922,11859.313805251597,27976.410625933,26564.35030709405,6119.858400242363,712.5012264250023,10259.254159775752
1929,6,25,1,12060.510948227304,13194.564593368375,12406.169695424314,7437.607365135694,501.7323976658822,8226.956779838833,209.06137262519798,12018.844817821937,18427.19353103745,12012.43995189504,27388.19149932946,23552.94805431814,6473.5227566706235,702.6769283643331,10840.595556502649
1929,6,26,1,11702.170732313998,12317.631035087605,12362.17911077197,7437.607365135694,481.5055005190155,8226.956779838833,383.2742484963341,12201.150343212057,15454.817675485325,11947.26946388366,27361.605324115775,25153.210121010754,6524.02787733781,701.2719012580999,11187.635783216569
1929,6,27,1,11737.610973448396,14195.61548228429,11397.685542269432,7437.607365135694,446.5930332560708,8226.956779838833,383.2742484963341,11747.954213192921,13988.479737265965,11660.61731736679,26569.558854207025,24557.96112499107,6531.3530475109865,703.3739960759681,10416.108499533426
1929,6,28,1,10753.159830829134,10975.054680828185,11337.885841257506,7437.607365135694,428.22026834762926,8226.956779838833,383.2742484963341,10756.346958451863,24030.013163971817,12071.607894958282,25716.585732767177,19963.269281987792,6711.1409961457575,691.4367115144166,10471.98785807216
1929,6,29,1,9779.636095893315,10738.177160923186,11442.91336211505,7437.607365135694,398.80698874649994,8226.956779838833,383.2742484963341,10129.67171492307,22918.413748797677,12324.817291048032,24515.776818947477,18086.59831286652,6901.338397131855,675.9923050287891,10621.979820465425
1929,6,30,1,10206.7894466759,11237.080156614755,10549.217140786968,7437.607365135694,362.0614589296168,8226.956779838833,69.68663074342602,11760.47167004196,20865.540635290316,11700.062612742226,29705.619772125083,18559.40301438934,6917.659390324627,666.16800696812,10406.30510329861
1929,7,1,1,9975.44342816031,16287.763166655419,6218.4815523405,7425.621963831167,327.71787314889997,3319.205581742152,1962.8556434199124,7290.776693662438,12054.578496650283,6916.034288844953,15094.300977586912,19227.391195258682,3764.494910192936,351.25677655970026,7533.321802711931
1929,7,2,1,9557.642363232653,14960.600075678105,6102.318914742608,7425.621963831167,319.37427807577774,3192.1751698590165,0.0,7141.8510532029395,9180.428073291692,7098.928158395992,15883.024175593766,19860.22210345082,3829.3933476916213,350.11314984532373,7695.175874549446
1929,7,3,1,10320.985779219709,11856.044361025784,5702.966888445556,7425.621963831167,340.2332657585834,3300.1288376992406,2321.5553360065296,7251.619520955437,9074.518774173088,6802.843441245977,18172.75851587517,19445.608749807674,3648.834328512211,338.2521070647443,7558.124395186148
1929,7,4,1,9258.17232564784,13942.513474714277,5336.47033006094,7425.621963831167,331.88967068546117,3030.096786362078,2448.2771423846607,7212.462348248438,8826.457936939045,6329.499896741466,14790.775477230462,16944.593110727037,3416.099535819112,316.0548571227709,7379.310447862418
1929,7,5,1,9485.9743200496,12569.921818274706,5217.283339768329,5531.621239721357,323.5460756123389,3028.470087257668,4157.837212541937,6972.062984661635,8254.265979911519,6124.9233648256,14542.637841902448,16254.783174402854,3296.5836014156803,302.6689787230313,6781.499345460916
1929,7,6,1,9306.016651179341,13998.487957157755,5190.476577245772,5531.621239721357,315.2024805393003,2839.920872879376,2005.0468990481245,7494.586567998406,9374.189584254756,6076.903005238183,14679.999747173295,15638.924742675657,3111.2696472117,284.68681009975757,6652.192549123248
1929,7,7,1,10293.421147225927,13135.345213392126,4923.096304905752,5531.621239721357,302.66601824504653,3122.670753578348,4495.515297061129,7042.674279707134,10995.357441016018,6542.651492869313,14617.965338341368,16395.412265112285,3022.982069862081,275.1130207479564,6203.197001566798
1929,7,8,1,8980.163322971805,11907.15149716953,4736.823673018504,5531.621239721357,290.15062563544683,2702.5387394224485,1667.3688145289325,6800.991074392468,12906.335145305033,6411.575511342471,14284.530390869337,20148.754203354227,3116.795652780908,270.5276222074364,6272.310945022615
1929,7,9,1,8207.762956473076,11252.49341989571,4453.084402010732,5531.621239721357,277.6141633412768,2712.890460996241,1646.199166968013,6480.993523663581,13832.241109787788,6355.960094881493,14922.59859599835,19982.666397947683,3211.5088180016774,264.7877052695512,6790.616503959378
1929,7,10,1,7855.4278925299195,11261.416888111122,4372.52664386613,5531.621239721357,267.18466949987396,2465.336433647741,1793.942581413569,5476.547851641464,15762.172352492064,5730.837913823733,15791.080319646553,18234.501322060798,2948.316738799242,252.15335299639028,6649.643666102078
1929,7,11,1,7894.412157777496,11237.89138099766,4535.704218811085,5531.621239721357,258.84107442675173,2376.607391587361,1815.1122289743566,3800.8134360391978,14662.098737705857,4932.13193293082,13748.375857392632,14778.177721954735,2631.2782332366173,235.70691167529085,6073.89020522913
1929,7,12,1,7261.606963301986,10756.835321738059,4328.673529790719,3223.4583149744426,248.3905109008622,1986.7911334687044,2026.0685071155494,3112.5137895617154,11380.319173967016,4765.285683548064,11138.499657246186,13649.50803703762,2591.9536354651514,228.81247634004043,5503.528612285259
1929,7,13,1,6905.629430130799,9949.667060415908,3928.634150608564,3223.4583149744426,244.2187133643011,1579.3769486747456,1709.5600701571445,3559.1302307245332,11772.964773843083,4595.62191306695,11779.891134277095,13396.133209811418,2488.5016707396385,218.10595195682617,5703.223793589205
1929,7,14,1,7850.407191702426,10433.96801720828,3742.3615187213168,3223.4583149744426,240.04691582782363,1396.402875772553,1287.4402585839719,3706.772029455948,11444.863656138523,4209.989025359806,12470.02393253324,12491.742678180517,2396.230228909927,211.9848261141573,5340.302064974912
1929,7,15,1,7174.876817637108,10975.054680828185,3244.0306769566014,3223.4583149744426,229.61742198642082,1530.5759755415297,1899.4947402309128,3427.215493162146,10346.967136980835,3930.8094347992383,10750.341499125983,12211.696816509582,2372.070018514356,200.50499223836155,5331.18490647645
1929,7,16,1,6586.076589236667,8934.825356984853,3520.48400738122,3223.4583149744426,223.3597256815791,855.5697880671551,1899.4947402309128,3543.5636497711844,9396.216669440308,4114.683311688698,10937.552482922601,12211.696816509582,2372.070018514356,200.50499223836155,5331.18490647645
1929,7,17,1,5783.355127544579,9957.779304248412,3314.828024131502,3223.4583149744426,217.08095969225073,855.5697880671551,1751.7513257853566,3693.773131958988,9396.216669440308,4114.683311688698,11188.348735771955,12822.70596924658,2334.4160735893906,192.0857212839256,5153.645400663306
1929,7,18,1,7045.2246021540195,9690.075257779206,2920.8373503387847,3223.4583149744426,204.5634601141689,922.6785202122096,1751.7513257853566,2862.967053662427,9396.216669440308,3989.364873275656,10983.745962356494,12822.70596924658,2334.4160735893906,192.0857212839256,5153.645400663306
1929,7,19,1,7178.6177319786875,10077.029288583819,3113.021217038538,1589.3461644523827,202.47545437740618,933.0598181332039,1793.942581413569,3022.323908162718,11349.327577368666,3536.723983797193,10970.67442620949,12917.266909551083,2171.463165177014,181.74951412253168,5339.027623464328
1929,7,20,1,5948.250693933665,9444.274269657646,2942.420230933939,1589.3461644523827,196.2135441356839,869.958681054638,928.6517423012843,3286.1533832872715,8386.04429767821,3398.175446314226,10834.531053969464,11290.212576439184,2010.1809096111383,164.14855440406703,4716.315894626361
1929,7,21,1,6247.6222864036245,9428.861006376692,2923.0368795714685,1589.3461644523827,192.03963963064064,847.5841742817747,1097.4907845608807,2772.9376524793283,8533.318413743913,3655.5498735927094,11453.102730608562,12355.962866461285,1882.5687344900539,153.82323892566185,4859.935649466953
1929,7,22,1,4790.733040441449,10497.243519101357,2686.86242821893,1589.3461644523827,185.77772938891835,905.1101698842413,1055.2847249833453,2523.3909165800396,8896.25306150936,3681.0300643941373,12176.468247881588,11532.797757912816,1741.3343130821088,154.96686564003835,4709.845653111316
1929,7,23,1,5504.066338383937,9630.04465342005,2539.3564990566233,1589.3461644523827,183.6897236522393,788.475844095899,1181.9177076654062,2268.7088137681944,8516.54197095717,2995.514931100199,12176.468247881588,11544.678491438155,1574.526051947025,145.78517687600961,4974.8314533394505
1929,7,24,1,6328.15038986995,11374.988301765037,2925.2364088041513,1589.3461644523827,179.51371217879756,770.8927055942638,1181.9177076654062,2147.22529024682,7165.3339721666325,2760.8031735249624,10085.908670243272,10664.898050681599,1434.0627010836379,145.78517687600961,4682.396143653807
1929,7,25,1,3169.1451183192416,11374.988301765037,2925.2364088041513,1589.3461644523827,175.3398076737543,784.4830372032088,1266.3446307699314,2434.645357125026,5307.75914300748,2409.9605463351327,10085.908670243272,10664.898050681599,1435.604842172672,146.16638578079332,4696.807136118977
1929,7,26,1,4959.369521172113,9475.912020604757,2434.328978199081,3038.760207690729,166.9898916952693,759.7128462945999,1203.028139428901,2635.727067788706,6669.3403621470925,2035.7202439383304,8890.749318656528,9635.396121109477,1315.3178372247635,132.00719788847218,4186.344294170091
1929,7,27,1,4836.017793002431,7997.049969960871,2422.369037996696,3038.760207690729,156.55407694858744,743.7268305500407,1667.3688145289325,2455.5077852068307,5112.716987557012,2040.375278796273,8013.073209413783,8063.866032432598,1161.1936865472592,124.36123642661777,4186.344294170091
1929,7,28,1,4531.625499704326,8985.9324931286,2569.8749671590026,3038.760207690729,150.29216670686515,659.0497480771496,886.430878774426,4849.712127896772,5112.716987557012,2040.375278796273,6811.9319684041,7699.563948310617,1119.465918912072,123.58792693403625,3596.2778747942193
1929,7,29,1,4018.332673942719,8139.825461410885,2175.884293366727,3038.760207690729,146.11615523333973,763.70565318729,991.9682336423148,1968.2898493928078,5013.210910876074,1818.771119373703,6836.856507666986,7417.335911093835,1075.3221302372224,115.94196547218182,3173.3593612225704
1929,7,30,1,3500.019147353619,8929.95801068512,2534.9574405912567,3038.760207690729,144.03025646514286,666.2515886576588,802.0187596192235,1618.2824982696288,5101.063122720535,1657.5599121873113,6222.051205849761,7373.571168209305,1021.5528109313839,110.96446634386402,3096.402700778875
1929,7,31,1,4839.857152458211,6570.106279844782,2181.108175294129,3038.760207690729,144.03025646514286,691.8055527711389,759.7978960923651,1776.3555110418358,3721.5528807556484,1595.3294461913713,6222.051205849761,6754.803169088352,943.7132394602658,106.75592003496776,2931.901711958068
1929,8,1,1,6325.689262013631,8689.8355932462,953.097257666062,1612.3950131150098,70.78149820345767,355.37460162545835,5.680423402493996,1124.0194809727568,1675.9794408273963,1781.7758423444966,4921.1010320585465,5271.893653953305,911.0969554263621,82.8846184167793,2696.816270246239
1929,8,2,1,5511.843502410352,6433.98282833827,923.1149248141169,1612.3950131150098,68.75880848876697,176.45248831062332,90.88588620294338,1091.008700538991,1655.8733223732766,1781.7758423444966,3340.220588412949,4623.060125094446,852.4955940414418,86.02469062397472,2470.749953070501
1929,8,3,1,5023.2604003281,10863.10571594123,577.8438235239246,444.09497210021544,64.7134290593856,57.71824186028018,0.0,1042.9930199080788,1087.7538148161893,1600.7194865532185,3538.176818025214,4603.178081235446,816.0882131634833,87.90895178196646,2826.1230665839075
1929,8,4,1,5325.585346226689,10261.177223579261,591.0409989195837,444.09497210021544,64.7134290593856,48.64865494434114,0.0,1045.9939999475523,1287.8160966578903,1365.8852280605456,3464.510957537093,4153.164990965689,853.3823251676062,81.00144642710927,2573.9797154234925
1929,8,5,1,5664.236539287479,10455.871075555928,1078.965318002706,444.09497210021544,62.690739344694926,34.63094511616811,14.200836446994813,943.9446305851695,1842.9754820012581,1358.5351730216787,4347.504301822814,4660.520805292051,821.408599920793,79.11718526911753,2475.945753074962
1929,8,6,1,4922.944828895711,8531.646838515231,1403.849532717806,444.09497210021544,62.690739344694926,38.75388793724065,22.72110145200224,1163.0482695070814,1313.8131797545213,1358.5351730216787,3687.61327787223,4666.339940079868,792.107919228333,74.09394107225206,2474.671311564378
1929,8,7,1,4956.809948201594,10223.049677566605,1075.3773359416375,444.09497210021544,58.64746688376632,217.68191652139475,0.0,1289.1054791848098,1487.8527656097522,1211.0440685746,3687.61327787223,4834.6099210322545,764.5807007882825,71.58231897381935,1903.7215148464018
1929,8,8,1,4338.869965979508,7835.616317697128,1047.8007381879947,444.09497210021544,58.64746688376632,164.08957511695075,62.48450938794062,1523.2140183038678,1582.4923932378408,1211.0440685746,2859.897022885247,4837.034560527203,729.0600510365692,63.105322099499915,2154.590424496357
1929,8,9,1,4655.666343674718,8744.187626923866,1074.1813419215755,444.09497210021544,56.62477716907555,125.33125072766084,0.0,1044.48548591712,897.1939150719584,1211.0440685746,3268.4379153359127,4281.792116174928,678.4392697876949,70.01282745435712,2414.5764926447746
1929,8,10,1,5106.741857222401,8493.519292502575,853.5823069479653,1007.5932242058242,56.62477716907555,183.87615149639888,17.040826089001715,804.3749867191151,1233.3502866032832,1220.5256395748613,3970.9775953585035,4837.034560527203,726.3998576579144,62.79164162926674,2225.0768434250067
1929,8,11,1,3458.475309135522,9197.662057153182,788.8474122202404,1007.5932242058242,56.62477716907555,150.8985241972748,17.040826089001715,847.8972213017335,1404.9950672666857,864.5869742248173,3806.0325333034307,4837.034560527203,726.3998576579144,62.79164162926674,2225.0768434250067
1929,8,12,1,5034.187808011544,9453.197737874203,1078.965318002706,1007.5932242058242,62.690739344694926,172.32658785493126,17.040826089001715,667.8063228925341,1291.4019012230103,864.5869742248173,3677.9757893574147,4837.034560527203,726.3998576579144,62.79164162926674,2225.0768434250067
1929,8,13,1,5666.5992220302505,9037.85085365525,1100.5481985974188,1007.5932242058242,62.690739344694926,153.3681492013549,17.040826089001715,591.27330787615,1113.8021236924985,941.4562998398616,2701.7092803636633,4837.034560527203,726.3998576579144,62.79164162926674,2225.0768434250067
1929,8,14,1,3477.8689966447832,9673.850770114197,1213.2465776538784,1007.5932242058242,58.64746688376632,352.90497662137824,17.040826089001715,760.8527521367179,1438.1637594935564,943.5633156176974,4985.129404031554,3889.000517986622,547.0102954710784,61.84951105027087,1820.0985449631667
1929,8,15,1,3853.9293331252893,8859.381489343594,1219.2402948128083,1007.5932242058242,58.64746688376632,403.19955529600196,51.12247826700514,0.0,1230.981094301294,943.5633156176974,4985.129404031554,3881.969063451181,547.0102954710784,61.84951105027087,1820.0985449631667
1929,8,16,1,4298.901249589274,7444.768409852501,1137.7202426287972,1007.5932242058242,54.60208745438486,404.0276930218738,36.9225300569709,997.9622712950282,1543.4327363684592,943.5633156176974,3637.2103206961947,3635.383226811018,547.0102954710784,61.84951105027087,1820.0985449631667
1929,8,17,1,4102.995472208079,5739.818123601198,834.4051614511138,1055.6372687517162,52.57939773969418,368.5656525451343,36.9225300569709,1287.5969651543776,742.1334805221536,840.356292779884,3641.0874712483574,3881.969063451181,531.9230151496153,61.53583058006307,2035.675228167611
1929,8,18,1,4331.585027524096,7941.075487517393,640.186730210643,1055.6372687517162,52.57939773969418,291.8889720312903,0.0,859.9011414596273,1096.0395846505287,677.1360705495342,2879.2827756451697,3326.726619098906,428.02125927313045,51.48934218630679,1638.441612731276
1929,8,19,1,3551.604387226701,7184.2842603944855,953.097257666062,1055.6372687517162,52.57939773969418,234.1707301710226,48.28308078297196,805.8835007497684,1246.3616345966807,440.19479627920373,2030.1868047571859,3026.31378566986,395.16080290007216,52.74515323551046,1482.9597484464348
1929,8,20,1,4334.046155380417,8543.003979880508,995.0532777781295,1055.6372687517162,58.64746688376632,204.49086560171884,31.242254693970242,762.36126616715,1874.8635297403998,440.19479627920373,2045.6954069652425,2947.997929981483,363.1999288289572,51.48934218630679,1727.2603826190973
1929,8,21,1,4677.422713926098,10444.513934190652,1119.7253440947115,1055.6372687517162,64.7134290593856,230.04482971519894,36.9225300569709,661.8043628138083,1161.1475503965446,590.7851739342287,2045.6954069652425,2611.336736102457,343.6661417006504,53.68728381450633,1321.0076426466724
1929,8,22,1,4835.8209027740295,9638.156897252553,1124.5230672331381,1055.6372687517162,64.7134290593856,208.6167660575425,36.9225300569709,759.3602861276765,1403.8424872278276,590.7851739342287,2045.6954069652425,2611.336736102457,343.6661417006504,53.68728381450633,1321.0076426466724
1929,8,23,1,3672.494987540717,7726.750005466135,1043.0030150491268,1055.6372687517162,60.670156598457005,212.7278783396993,39.761927541003956,1124.0194809727568,622.5853176113692,590.7851739342287,2635.686945249577,2611.336736102457,343.6661417006504,53.68728381450633,1321.0076426466724
1929,8,24,1,4386.025175710954,8918.600869319844,710.9153420972978,985.3024265657615,56.62477716907555,209.43011560974742,39.761927541003956,913.934830190877,1074.7424668227918,588.6781581563929,2254.286106662862,2185.9337367067455,293.93209157794024,46.77977845964914,1156.3105859011216
1929,8,25,1,4146.606657826347,6161.97929263817,673.7570451236568,985.3024265657615,56.62477716907555,223.44930425529515,39.761927541003956,814.8864408679676,777.6457521614994,355.9386653500439,2066.078141295704,2038.6368873861306,285.05192914003226,52.43147276527728,1262.1872652375291
1929,8,26,1,3977.281061295625,8426.18766869382,1288.7729126789598,985.3024265657615,54.60208745438486,303.43853567275795,39.761927541003956,714.3295375146259,1355.3060611504898,397.0132229256167,2032.0699921682703,2261.8249528998726,274.39830444963354,45.210286940186904,1017.7885971026196
1929,8,27,1,4712.469174603694,6504.883839433418,1325.9312096526007,985.3024265657615,54.60208745438486,375.1759661785734,39.761927541003956,1020.4776456015535,1064.0875046867889,366.4737442390445,1804.0935397107285,2253.7024105916594,274.39830444963354,45.210286940186904,1017.7885971026196
1929,8,28,1,4446.470475867962,8565.71826261106,1248.012886586954,985.3024265657615,52.57939773969418,309.2059234066583,2036.4312716558327,891.4194558843518,1232.1592872299914,404.38777814804195,2466.864732642638,1943.9547151067752,252.19147276689276,44.58183683142421,1226.8950387920183
1929,8,29,1,4629.086162823593,9520.529361682959,1119.7253440947115,985.3024265657615,52.57939773969418,230.8729674410707,2036.4312716558327,769.855692254917,987.1463838760725,404.38777814804195,1706.0570186099897,2044.456022174248,251.30474164072857,57.45471696216811,1135.429351920906
1929,8,30,1,4610.972261799592,6717.667995156123,1156.8973881256486,985.3024265657615,50.55881499345625,215.21229151744626,2036.4312716558327,759.3602861276765,1306.7696350731521,404.38777814804195,1861.2538164199564,2044.456022174248,245.98435488341877,67.18752488569122,1199.4455293345097
1929,8,31,1,4708.925150489863,7416.7811686313335,716.9090592562276,251.52952447289502,48.53612527876557,203.66272787584703,0.0,840.3867471923544,1014.3728856807537,379.11583890588093,2652.192529028173,2026.8773858356444,250.41801051448323,36.41960959565968,948.5864230808043
1929,9,1,1,4708.826705375662,9225.243686183467,690.0610555604591,778.938401539059,42.278428973941196,160.74744786599823,192.14045852581202,273.4422400635707,655.754009838565,301.83001017194545,1036.018937786262,1307.2443837229603,254.23480970993398,39.45621081442396,1015.6318499309377
1929,9,2,1,4290.434969762802,8548.682550563146,815.9291158971029,778.938401539059,42.278428973941196,168.89573156184582,136.6374916481977,242.3090781570944,152.69124224794072,341.9980609595953,786.2861319455028,1278.6336376820843,242.03904393050115,33.70213468863564,1001.907095202121
1929,9,3,1,4538.319767473881,9699.809950378669,799.363911363732,778.938401539059,40.51700334739809,176.34897109495515,290.34985846887366,223.3884606892482,472.28888055538164,232.45774069658435,951.1425734164026,1232.9291832014144,242.03904393050115,33.70213468863564,1037.9835933463573
1929,9,4,1,4538.319767473881,7659.012769465353,934.0713298038803,778.938401539059,38.753470752402116,181.77623083425408,149.44586861995484,219.1196869434292,220.16840029578088,305.4927875997779,899.4435401990224,1174.5923569521005,224.74136138135478,36.16910088679167,921.1173068306715
1929,9,5,1,4538.319767473881,8390.493795832175,1043.3741856071533,778.938401539059,38.753470752402116,179.06999505150384,213.4877534787406,223.3884606892482,414.28849171500735,254.3731548042363,989.1940366912868,1027.0530436820811,230.84566985892016,33.70213468863564,1182.4856538481704
1929,9,6,1,4538.319767473881,7532.218398366277,1098.5823693458292,778.938401539059,36.99204512585901,184.49725479080274,192.14045852581202,234.99118030706052,751.623056174704,290.87842816405373,869.2017658931635,1213.5320672415241,222.7108756140927,36.16910088679167,1245.129355788818
1929,9,7,1,4426.289227444443,9209.019198519603,792.7515766083858,778.938401539059,35.23061949931581,188.5640025519589,222.0296322497766,206.90714250488006,0.0,180.12534881961818,814.5782534022215,2312.621150319845,221.69563273046165,33.70213468863564,1099.6469556636605
1929,9,8,1,3950.602435330299,8062.596900127002,777.2861366913565,608.7559469465347,35.23061949931581,213.65953328137084,222.0296322497766,209.34644178826974,202.40586125377055,296.96672375455694,844.8200277077837,0.0,203.39555847338218,33.70213468863564,1099.6469556636605
1929,9,9,1,3588.2259697321583,9095.44778486569,819.2421568034241,608.7559469465347,35.23061949931581,37.98342408868298,222.0296322497766,234.99118030706052,308.942676171209,147.27060279592507,892.6197552274774,0.0,204.41080135701324,35.34677882074812,1032.6897593795245
1929,9,10,1,3745.6397074374313,8491.085619353855,968.3015034865225,608.7559469465347,33.46919387277269,56.297098369946355,128.09709327210743,254.52162259572447,43.79548018447593,377.29057523798815,879.9359341357505,1089.9603153794021,196.27600711218577,37.81265585060782,1154.840076465918
1929,9,11,1,4171.217936391501,8721.473344193311,1157.1035939912679,608.7559469465347,33.46919387277269,182.45648682345703,132.36655226261382,267.9377686543779,722.0401685129533,367.5640024032112,852.6186391037502,1088.8207348167489,209.48701577524963,36.99033378453888,951.9293811968238
1929,9,12,1,4819.675904034693,8133.33566634534,951.7362989531516,608.7559469465347,33.46919387277269,242.8218117718074,123.82763428151748,254.52162259572447,0.0,423.5469216159628,755.0695312155192,1195.1775462645248,205.4260442406443,45.210286940186904,869.061272823565
1929,9,13,1,4109.197514406632,7889.643861620026,768.4605256455895,608.7559469465347,33.46919387277269,173.64273531207337,277.5444422869811,230.70635853950319,446.24057167874713,282.36461441070134,802.8692587349161,1199.7601149099269,225.76945544076497,40.27853288046751,910.490425312132
1929,9,14,1,4665.904635557452,8641.973354635227,602.8359744295615,608.7559469465347,35.23061949931581,143.1184660259563,162.2512848018474,258.18057152085197,105.34581554403778,359.03793855799023,864.3276337707587,1176.8836412748014,218.64990407948733,41.92317701257999,778.7523867081657
1929,9,15,1,5388.294884011615,8907.243727954567,821.4554330938448,735.0329058197342,35.23061949931581,141.08361332810367,187.87692111495556,243.5287277987299,571.7053121218817,387.02939816445524,963.8263945081296,1200.8996954725799,213.56083848555298,43.56673197639614,735.1958972366658
1929,9,16,1,4270.155276224431,9226.866134950425,428.3858121676547,735.0329058197342,35.23061949931581,138.36998345832262,200.68233729684803,258.7903963416697,0.0,310.35607401716635,929.6853145045843,933.2679880159735,190.17169863453915,41.92317701257999,891.3738026541106
1929,9,17,1,3283.0461155204484,8822.06516771499,473.65487318615504,735.0329058197342,35.23061949931581,213.65953328137084,136.6374916481977,252.69214813305018,1251.138438535092,277.4890779014443,928.7104880798659,942.4210021093825,187.11311880786687,41.92317701257999,891.3738026541106
1929,9,18,1,4004.255022603552,8139.825461410885,866.7244941126747,735.0329058197342,35.23061949931581,158.04121208311642,153.70940603081132,254.52162259572447,22.48939784547587,243.42157279634463,701.4097675756432,866.9419746303934,173.902110144803,43.56673197639614,769.1940753790927
1929,9,19,1,3845.75838864142,5297.1329776683215,1053.3133083269993,735.0329058197342,36.99204512585901,326.2566876560225,29.889173723998347,201.4187191172536,423.7524544780439,254.3731548042363,926.7608352310227,788.0199590686551,170.84353031813072,41.10085494651107,682.071293039968
1929,9,20,1,4699.2775292923325,5899.953816852748,810.4165457576571,735.0329058197342,35.23061949931581,286.23988968672495,217.76609483892014,207.51696732572768,577.6346960991514,221.5061586886927,826.2761704961713,917.2653673489514,165.7673158998943,36.16910088679167,703.3250560771719
1929,9,21,1,2778.8102402711684,10045.391537637855,791.6380649343067,735.0329058197342,36.99204512585901,313.36140020981577,162.2512848018474,232.5358330019564,182.28693635470862,228.80721336062047,799.9447794616514,943.5605826720355,169.82828743449969,35.34677882074812,596.0170808904345
1929,9,22,1,3142.368047240369,10612.437381521086,533.2758624479352,839.7976059414596,38.753470752402116,220.4473049989441,51.23942946681671,258.7903963416697,432.038224312383,149.69612095875928,888.7093719564355,1017.9121527860672,162.7087360733032,34.524456754679186,709.6972636298457
1929,9,23,1,3106.6324707633694,10687.881249162345,612.7750971494074,839.7976059414596,38.753470752402116,139.04876063011943,128.09709327210743,263.6689949084327,28.40853666682942,232.45774069658435,899.4435401990224,844.065500995268,157.63252165506682,35.34677882074812,690.5708375755747
1929,9,24,1,4509.770684338092,12257.600430728447,612.7750971494074,839.7976059414596,36.99204512585901,185.84297859541022,106.74683752928905,245.9680270822219,356.2881028749583,296.96672375455694,906.2784027433291,853.206391891282,153.5586989447635,31.23625765877594,669.3268779346205
1929,9,25,1,1955.0215241271042,8390.493795832175,910.8800434574258,839.7976059414596,33.46919387277269,105.81234029174398,123.82763428151748,216.68038766003977,377.5852207026952,300.6172510905208,866.2772866198987,826.9111765681978,136.2738675713151,38.634977916651366,683.1398632295593
1929,9,26,1,3961.332952785341,1792.0757850103137,905.3674733184213,839.7976059414596,33.46919387277269,89.53351870839866,136.6374916481977,203.85801840064303,72.20401685130541,73.02524682973456,776.5267901273373,900.0989197244859,684.4150665077934,41.10085494651107,516.3350762935748
1929,9,27,1,3224.6681627629578,2907.103699772167,660.2574344582168,839.7976059414596,31.70776824622949,113.95175108341655,157.9877473909909,216.0705628391922,543.300617388503,293.31619641859305,784.3364790963627,1001.8974089216498,146.43914758348586,36.99033378453888,628.9564922395198
1929,9,28,1,3132.818871157039,5690.73904841529,503.4722413461345,839.7976059414596,31.70776824622949,123.44723740124527,51.23942946681671,226.43758479355796,777.6713650510133,251.935386549697,815.5530798266433,1170.0219115040936,139.31959622228942,41.10085494651107,593.8897439075016
1929,9,29,1,2723.976311626856,9595.973229324218,365.45178199938795,1601.2291264297874,31.70776824622949,158.04121208311642,328.7809109638743,190.4258243203992,376.4070277739978,180.12534881961818,862.3779809216185,1171.1614920667466,129.15431621011865,35.34677882074812,620.456947703913
1929,9,30,1,3478.55811244484,9849.886461277134,388.6430683457983,1601.2291264297874,33.46919387277269,158.04121208311642,328.7809109638743,254.52162259572447,0.0,222.73116786180736,696.5356354532383,984.7430844945794,111.86434436645601,36.99033378453888,620.456947703913
1929,10,1,1,2131.3367237699827,12230.018801698163,754.727214999497,483.09362403739635,14.067385571983252,591.0833018588895,123.99787969896475,1310.1123394609028,383.4889917901258,0.0,3746.878293452827,647.3060059768578,283.95957920188863,35.32390628644892,627.3781454456947
1929,10,2,1,2892.120566786519,8782.315172935376,482.123060731633,483.09362403739635,12.308909701274043,184.89653548007175,123.99787969896475,1164.3802553000014,245.98619316434187,0.0,2137.4177114524678,634.0674743342515,265.9679331626972,32.739309911958614,519.4623596924762
1929,10,3,1,3735.7951960108467,3041.604702512866,895.744532925652,222.24212077215319,14.067385571983252,158.69189172498565,123.99787969896475,1244.8289875870857,466.7436899240726,0.0,1294.3036299877188,741.1516776305418,240.26558167809162,31.877777787120053,491.9540298574696
1929,10,4,1,2808.146884321214,2683.773627065946,1420.895884270661,222.24212077215319,14.067385571983252,327.57283511316456,0.0,1059.634818308554,297.7114240155899,0.0,957.5121778949131,779.6428296133413,231.2826098341939,224.8696870961609,978.624029144356
1929,10,5,1,2827.3436816020744,7917.549980403932,1044.8038796083092,222.24212077215319,14.067385571983252,305.73070259270384,51.66578320790195,1059.634818308554,73.16578086143872,0.0,1408.7349591367624,712.2742212451706,226.14213953730524,208.49948755603342,1116.1166613381406
1929,10,6,1,3200.549109768806,8522.723370299818,1420.895884270661,222.24212077215319,14.067385571983252,313.006484041679,56.832361528692104,938.1833908304042,417.5413287135194,0.0,562.4194590728731,866.2751987694552,233.8528449826382,121.4858321161681,899.275340019486
1929,10,7,1,3381.786565124976,10274.968038094405,1547.0938739921191,222.24212077215319,14.067385571983252,272.250277388511,46.499204887111816,821.289601486996,494.49525596883007,0.0,453.3829079776216,1020.2761762934396,223.57190438877973,99.08055102901073,815.6915837209998
1929,10,8,1,3024.1354650117264,11258.171990578348,985.7190255974039,222.24212077215319,12.308909701274043,321.74629468459665,56.832361528692104,481.23202375646713,239.68542228570502,0.0,372.42800445186276,844.6231680790493,205.58025834958832,88.74107636270242,812.5152833409749
1929,10,9,1,2143.3470277102847,11499.105632400177,1016.6086642578089,222.24212077215319,14.067385571983252,256.2346852966182,309.99469924740333,485.7896618912091,0.0,0.0,741.6102800135378,814.5455151437488,208.15049349803263,78.40269086471584,771.2625919846523
1929,10,10,1,3292.9890720612334,1274.1901387513944,777.5610778456627,228.81872559057797,12.308909701274043,321.74629468459665,619.9893984948067,441.76993863905767,534.8611702157795,0.0,501.9580656078667,674.9711426146046,204.29514077532556,69.78736961638099,820.9854176878328
1929,10,11,1,2833.348833572226,2137.7384947090504,1048.8317675156497,228.81872559057797,12.308909701274043,330.48610532751434,61.998939849482376,352.18988206087744,393.58047035161917,0.0,479.2933512379864,596.7643957039858,204.29514077532556,67.20277324189068,903.5006037966028
1929,10,12,1,2287.372229875142,6047.515532162942,597.6120925021592,228.81872559057797,14.067385571983252,273.6995184089182,98.16498809501378,507.0372424912626,0.0,17.218728937776763,652.0148695432055,625.641852089357,204.29514077532556,62.89402344942692,861.1891456470632
1929,10,13,1,2754.19896170536,5154.438608656713,1167.015222595639,228.81872559057797,12.308909701274043,232.94331175575022,0.0,415.9647199042622,430.1556769157114,0.0,798.8259445880595,679.7840520123166,196.5844353299926,58.58636282525949,864.3556426308385
1929,10,14,1,3835.4216516438323,8556.794794395651,957.5238102464623,228.81872559057797,12.308909701274043,278.0768178172105,0.0,718.0526785262019,369.60680554512464,0.0,428.558066871969,625.641852089357,204.29514077532556,51.69410582657639,827.3282150518821
1929,10,15,1,2475.697733458323,8988.366166278465,1129.4170197757262,228.81872559057797,14.067385571983252,326.10880591922205,67.16551817027252,355.23900616518716,18.921522303223398,0.0,361.62737077151695,711.061901497546,203.01002320114398,54.27870220109207,768.0862916046274
1929,10,16,1,2277.7246086776117,7914.467327747971,1223.4194003548187,228.81872559057797,14.067385571983252,177.6207540310966,67.16551817027252,575.3536704477773,186.69235339180403,0.0,446.9136053424728,808.5202859987127,223.57190438877973,50.83257370173783,782.89922331541
1929,10,17,1,3333.745349365073,8856.947816193728,774.8804015930539,1170.1644367733354,15.825861442692457,65.51456702265266,20.666313283160836,575.3536704477773,311.5808038155163,286.02739183835536,546.2240473387354,743.5520707303999,212.0058462207397,48.247977327247526,789.2420206794595
1929,10,18,1,1485.6352193263656,8822.876392097898,672.8084981419848,1170.1644367733354,17.584337313401747,171.7942136025287,118.83130137817449,680.0991074392248,145.0714075471502,209.50106879170465,645.534489334998,587.138576908862,212.0058462207397,49.97104157692465,680.2772715290245
1929,10,19,1,3049.3374142627376,9014.325346541791,437.802546694798,1170.1644367733354,105.50644527402005,363.96653053157564,46.499204887111816,452.39372893897394,879.2392793568454,775.7983093549725,421.0031620821079,445.16381127985966,201.72490562688122,48.247977327247526,705.6680677772231
1929,10,20,1,1000.8914767005473,8687.401920097482,726.5319996485554,1170.1644367733354,270.78758555420717,171.7942136025287,0.0,277.8073019391885,18.921522303223398,1699.8227286609283,356.232592717725,631.6549580366978,196.5844353299926,49.10950945208609,698.2567002237071
1929,10,21,1,3388.973058466187,8018.709660993302,530.4577156183941,1170.1644367733354,353.44395795766576,93.17584588497748,87.83183145343335,374.9620247129753,200.5745396366054,563.4307190979689,440.43322513396845,519.7699685403909,197.86955290417416,49.10950945208609,686.6200688929493
1929,10,22,1,2694.1474420058075,8134.146890728246,295.451764171338,1170.1644367733354,172.32473581782088,40.765079557276025,0.0,362.82972038240575,402.404110870954,369.2422649702873,482.5280025557093,389.82141480667065,191.44396503302275,47.386445202408964,696.1391666370238
1929,10,23,1,3261.7819708400707,9407.76917241195,409.59358428647914,1170.1644367733354,109.02297562175711,59.690984228756,98.16498809501378,587.5020227999589,363.3060346664884,269.75927001893524,666.0501545415709,316.4275772934636,195.29931775572985,49.10950945208609,583.9981171064392
1929,10,24,1,13535.218759870879,10999.3914123257,641.932606539317,1662.4878442086613,94.95474726241045,66.96972331244295,0.0,493.38037610864876,148.84930878535744,244.8915838039752,544.0639206026663,285.14972780812343,192.7290826072855,41.3557203285898,516.2860593123266
1929,10,25,1,7650.465164636398,7066.575602387632,624.4738432552238,1662.4878442086613,93.1954286043427,59.690984228756,253.16233771859632,388.63493911720127,148.84930878535744,529.9512183957787,792.3455643795552,231.0075278850299,192.7290826072855,46.52491307759578,679.2185047356828
1929,10,26,1,3267.787122809569,9695.753828461844,526.429827711495,1662.4878442086613,154.74208407913565,72.79330610633947,604.4896635324167,447.8360908042319,360.7831650261151,1059.9146868832477,879.7808481138183,233.40792098506853,227.42725711148677,46.52491307759578,564.9501182221653
1929,10,27,1,2318.480885982104,9445.0854940417,384.0790451881171,1662.4878442086613,249.69683134162977,101.91122007582233,361.6604824551941,235.31214073908149,0.0,721.2731510581613,581.8495221250306,227.39481503749707,246.691169549243,46.52491307759578,576.5965529491726
1929,10,28,1,2280.0872914197307,8275.299933412447,409.59358428647914,1662.4878442086613,186.39296417716753,74.24994121349751,1229.645640347976,277.8073019391885,582.7956933838489,464.90323130147857,430.71819360803823,472.84107111500157,221.00166924033542,49.10950945208609,576.5965529491726
1929,10,29,1,4231.466346320109,8886.96311837388,439.13601129207217,1662.4878442086613,128.3649460185101,55.322557724649776,904.1512061381828,261.117359473877,105.96308618702608,400.8107513623972,732.9697730689643,908.3911867974329,200.43978805269967,43.9403167030801,570.2439521889982
1929,10,30,1,3068.534211543598,8989.17739066137,310.2161041452826,1662.4878442086613,103.74712661595231,62.602775625704325,464.99204887103906,355.23900616518716,479.35803812626466,358.7194361729768,447.98812992382955,1875.7011133230517,214.57608136918398,43.9403167030801,469.7395339892959
1929,10,31,1,3883.462867403736,11704.345401359213,816.5064923203072,633.3106537216116,89.67889825660565,61.14614051854629,201.49655451080557,112.33936081305059,315.3715114985985,358.7194361729768,505.20379449835133,2644.554297183826,259.54234529154576,41.3557203285898,511.0020287417434
1929,11,1,1,2936.125532861588,5689.035477209925,1458.2878812249546,318.2482584018664,136.67272262793807,571.5333362582431,155.97441028027941,626.1135627725901,30.384571111084803,459.32943956374424,1566.9227016583463,1148.49111278854,67.60875046268534,108.51819434338913,109.89607179272507
1929,11,2,1,2567.5470250648946,3346.3005808570542,1781.4812078427713,318.2482584018664,140.5790421394316,574.1212666516582,131.60859005632355,647.5537196317678,1181.189636626392,506.0635395194175,1444.4047442149958,1121.6139839865841,62.90522014100219,102.34261008575115,97.75750657472764
1929,11,3,1,2474.811727429865,3531.3408626738087,1638.6492782996966,318.2482584018664,152.29378673703167,471.7427402876653,77.99016593004846,601.6242818091026,491.2168060808042,473.00054193611834,1495.250804311304,1118.8377717647732,58.79027366831652,101.46038376323143,109.89607179272507
1929,11,4,1,2419.485573215203,4404.218299037756,1694.3248620005604,253.2300173075653,148.3874672255381,605.2355840674392,146.23045082262476,486.8167352737204,495.00751376398654,422.8609164789972,1340.3863336913191,1114.1945871317948,56.43850850747496,99.69593111819201,81.7838527496548
1929,11,5,1,2521.966937161311,4708.1840754374425,1797.1528536254198,253.2300173075653,142.53009492669625,583.2012052891773,87.73856657257093,540.3850313786614,1186.260988796978,319.13938978859335,1482.8439225448587,1078.976698467311,59.966156248737306,95.28479950556807,85.61796101710664
1929,11,6,1,2569.220592006957,5844.22270172334,1384.4661813553353,253.2300173075653,140.5790421394316,505.4449880968613,219.35011741873407,277.0851409670861,474.76052441607663,327.11419950579665,1642.804076747236,974.2322722836027,59.966156248737306,95.28479950556807,106.70016462016235
1929,11,7,1,3236.284686245805,9772.820144870062,2562.0391442681193,253.2300173075653,171.81695642065452,530.0672972686699,219.35011741873407,489.86585937803017,491.2168060808042,518.5953833606859,1323.7699741827296,676.6805134587341,59.966156248737306,99.69593111819201,142.48256087737698
1929,11,8,1,3220.0412423929197,5903.19871438552,2299.332871547331,253.2300173075653,232.33541129055664,563.7547569041991,155.97441028027941,491.40646945168663,1188.7838584373512,662.2032087287967,1522.2800824452609,1638.8138346626838,52.910860766212586,96.16702582808779,5386.868197090442
1929,11,9,1,2474.811727429865,5909.526264574255,1557.5416378469238,253.2300173075653,271.3986064054921,541.7203781259374,185.22701418255923,664.3880942915882,487.4132919530274,633.7094953614313,1574.233899842102,1303.2437285561298,59.377572399739826,122.62945883054456,6584.941250952121
1929,11,10,1,2459.355844491238,7751.4112267172695,1726.9053887586904,253.2300173075653,206.96119021345464,554.6896064404784,190.09751351645426,200.53607792918487,491.2168060808042,617.7598759270246,2558.2547099395847,1258.7515938230842,57.02580723889826,121.74723250802485,2049.1058810093123
1929,11,11,1,4337.787069722649,6287.881316917079,1638.6492782996966,710.3245400534754,206.96119021345464,588.3770660760077,165.7302128975243,730.2170788997745,488.68112999551124,584.6968783437255,2817.026815353252,1242.9914371057673,55.26262592705417,122.62945883054456,1217.7778802936812
1929,11,12,1,3333.942239594127,4874.2417066857015,2162.6871179710674,710.3245400534754,205.01013742610635,563.7547569041991,199.85331613369917,1552.2769854237094,1188.7838584373512,560.7724491921156,2283.9740023181575,922.320740696068,52.323562034789376,161.45830870452755,748.8422247956099
1929,11,13,1,3428.2526590570183,4411.519318487353,1253.77290376479,710.3245400534754,195.2464456158546,600.0449351069419,141.35699069873337,563.3497502901046,488.68112999551124,597.2409722768626,1493.146065440232,1056.7306311006382,52.323562034789376,142.93155593156285,615.3003612843261
1929,11,14,1,3071.0937845147705,4072.1841589784976,1050.467667382425,710.3245400534754,177.67432871949637,602.6328655003572,146.23045082262476,381.1886570942705,491.2168060808042,566.4687418472863,940.3862500279951,1042.8253235967934,49.38321302495024,127.04059044316851,553.3232902876573
1929,11,15,1,3029.648391410222,4160.2020045599675,1113.3879504932302,710.3245400534754,169.8659036333899,557.2775368338936,248.58791737155903,338.3243913973062,491.2168060808042,649.6713648875281,707.6242860319246,997.3997026583143,51.147679454368586,115.57164825038686,451.7306951058644
1929,11,16,1,2565.085897208575,4916.912109244468,1589.0223999887119,710.3245400534754,165.95958412189634,505.4449880968613,272.9700219399438,762.36126616715,493.752482166097,680.4435953171045,631.7761436619141,1199.4812813680362,50.55909560537102,115.57164825038686,405.0861358203372
1929,11,17,1,3594.23112170231,6633.625149053074,2317.61645829346,710.3245400534754,169.8659036333899,533.9565869456919,1213.7165908546885,310.76993830811796,3303.038262231494,673.6080441308283,603.716651238242,780.4914534367085,1062.9207456458912,107.63596802086941,405.0861358203372
1929,11,18,1,3443.7085419956456,4860.6131370473695,1549.0184620704963,1458.5311433758093,199.15276512734815,505.4449880968613,1213.7165908546885,240.3512195217444,3297.9156842815555,583.5576198127985,597.4799776361399,519.0910694820575,1062.9207456458912,123.51168515308966,362.2747044628134
1929,11,19,1,3050.814090976399,4241.81117751315,1861.35161310227,1458.5311433758093,220.62066669295658,594.8690743201116,1082.1094811933392,759.2960940412281,1887.669974615735,770.4817695434441,629.6935599366626,1167.0396049250635,266.3149149076791,126.1583641206488,362.2747044628134
1929,11,20,1,3204.5853594536397,5995.7594165131,1848.0169671296785,1458.5311433758093,185.48486077400133,543.0217374095441,828.6362605382984,635.3090791501346,1871.149660726735,979.0640814555358,555.9169237185482,647.9364122456107,282.7772710336156,109.3960639927235,373.13686749097076
1929,11,21,1,3087.435673481856,10146.79458554244,1952.0821939478117,1458.5311433758093,175.72327593214806,566.3574754714127,1023.6190773381026,509.78145418516345,1887.669974615735,953.9881436811302,602.6753593757647,1269.0563116768417,750.1616816054684,109.3960639927235,331.6096810401566
1929,11,22,1,5153.798621839646,7629.88981410766,2978.3000515406525,1458.5311433758093,193.2953928285063,612.9993752478161,3261.0139613284496,982.8129389033733,6827.62802080557,801.2539999730205,614.1074147177884,1294.030098475144,2376.3109065093013,103.22483640827086,320.1102972566447
1929,11,23,1,12425.74232213922,23463.854060780144,2324.7649282992393,1458.5311433758093,271.3986064054921,745.1908597441148,2378.6985804715173,794.5054534345255,4741.202021725376,1187.646393367449,610.9946167031183,1189.2856722917363,750.1616816054684,103.22483640827086,336.71725047849543
1929,11,24,1,8673.999017617436,14279.982818140958,4643.618621786414,1458.5311433758093,408.05658025430625,576.7239852187403,1091.8652838104522,1612.0237698451092,2609.313143337808,801.2539999730205,591.243304033741,732.2896202764185,439.75438272581243,100.57815744071172,281.13199382687515
1929,11,25,1,5456.418903080837,11840.631097743682,3763.8069287395383,9034.636479142508,468.5897839033323,561.166826510784,550.8105432137827,1040.9870172078924,2624.4247482905344,711.2158257465024,669.1851077020617,1040.970474383321,328.63026608214153,106.7537416983497,334.8055882126808
1929,11,26,1,5170.140510807385,13162.115618038359,2513.6495011504085,9034.636479142508,294.82809560069217,677.801152299258,550.8105432137827,593.9693755052147,1931.9802738842513,884.4566230132624,758.5478891390505,946.4216572762131,328.63026608214153,105.87151537583,243.43793530381524
1929,11,27,1,6521.3981491664235,12515.56978459819,2739.926070955872,9034.636479142508,257.72438114678255,679.1025115827332,365.5835290312234,734.8068130777407,1201.4494324188963,951.7096266190975,669.1851077020617,1309.7902551927616,225.16545018084932,104.10706273079057,256.21176059791173
1929,11,28,1,5707.0601639914885,10826.600618695535,2683.013252061734,9034.636479142508,324.11495709465044,646.7016230570124,331.4604257950486,451.60737588064416,1914.1793155075227,796.6969658487769,613.0661228550142,1091.9485197654221,200.47834157987478,98.81370479564691,253.66287757686715
1929,11,29,1,6327.756609413149,14137.207326690945,2744.737541152477,9034.636479142508,290.9091342784732,600.0449351069419,428.94443222022323,1160.3842979212411,1918.0212489703833,662.2032087287967,661.9071422371854,578.4219979243817,184.0159854540195,104.10706273079057,264.52504060502446
1929,11,30,1,18375.7650281298,35085.45457504964,6457.680356387757,9034.636479142508,439.30292240937405,576.7239852187403,292.4668232249788,719.4970004701858,1925.577051446584,631.4309782993987,562.153597320947,560.8069919932921,165.79301825145265,145.57823489912198,263.8780164535448
1929,12,1,1,4782.562095958232,7916.576511144216,3007.0314021420277,3638.030272921031,2702.1870407195415,1007.6661543323684,157.06990253163977,2467.8647618397486,1844.5122553860772,636.3065148084773,2164.4469895864245,816.3639947650355,175.6113165185603,63.23820063203367,384.25391882136955
1929,12,2,1,3423.1335131153246,6403.075179336807,3112.471334730367,3638.030272921031,5149.430898650064,1098.4359643600947,131.50644280585513,4642.211208592673,1923.143826920322,627.1801964684784,2129.6634103484394,937.2807663801993,172.4370761102003,66.32381442425998,525.2659702634182
1929,12,3,1,3956.60758730045,9935.876245900765,3186.705446331225,3638.030272921031,4092.1541290335754,1004.5902142075514,131.50644280585513,1652.625264496315,2066.063751728333,746.7410917678994,2049.572557517108,836.9128144849741,160.39552443963026,65.16711769027671,378.61696598629754
1929,12,4,1,4272.911739424005,17752.02317840011,4067.067021686272,1103.0666773332139,1687.829218486747,1156.893614904233,149.77155550545882,1697.3992447637927,2022.0095813575574,778.1503269673242,1777.5073644967472,852.7214639924724,153.41733601159865,62.08150389805039,291.89612289278523
1929,12,5,1,22336.211974886686,13710.503301107861,4895.46471892116,1103.0666773332139,1864.582801992352,1339.9712050222251,3811.8689163903337,1891.9012665709324,2455.6358048344377,1068.9430044893686,2717.107106841726,1916.4350568386712,206.67260828765075,85.21761691413063,390.5967161852944
1929,12,6,1,12530.094143257096,11533.988280880058,8549.707597760857,1103.0666773332139,2393.3054655387105,1603.038026557549,1532.3567965185214,1684.560827482733,3712.7164337917193,1457.0259105429202,2779.2522914036495,1764.7738564272688,409.554119731409,161.94843443924944,490.0129574029061
1929,12,7,1,9855.340388760551,26227.695534473012,8026.219640398098,1103.0666773332139,1550.8973387390206,1650.803827533425,836.5267655383265,1845.6829643592498,2372.265848696215,1013.2173372028232,1281.342869571007,1259.7214496210038,271.3397246229612,108.73929550817992,417.38939809507383
1929,12,8,1,10214.665055816517,46602.407143881785,5810.881291420885,1103.0666773332139,1133.7175850840792,1766.151582211959,473.06020126307646,2010.0147055561972,2272.2475142204466,944.3228213049821,2135.3129725813956,1011.5717205066545,232.04082920297236,90.61662417429811,406.8213369539074
1929,12,9,1,21752.43244731374,102214.27228800792,5930.755634598599,1103.0666773332139,888.5085965468962,2380.0086715329808,803.6471940470069,1336.8162474053129,2236.517533018444,1136.8330128652308,2401.7286033688,1511.035333276812,274.5139650313213,133.0310160899217,584.4882869181737
1929,12,10,1,52256.635552512314,98158.15037181762,8886.922923236369,1103.0666773332139,721.3206498169837,2676.807317224966,7077.620141508771,1108.6936203435894,3455.434956247461,1310.1473106823098,6513.169824440061,7192.450597933659,1915.210720875516,766.1863319029413,1042.7872575014555
1929,12,11,1,41767.30862790454,52520.28901960491,11491.577946386624,790.421850139324,606.659426615431,2675.3284998573567,3145.247077464317,1052.8625531928894,2821.515934920978,1294.9571969353663,8089.176135962957,6529.311696054513,4028.3295481824625,2540.702892033635,3950.474580759538
1929,12,12,1,36228.78649952886,45175.46345376685,8970.367563498756,790.421850139324,585.9689964089372,2352.206905020687,8337.880349098597,1536.2289638224397,2628.5228106508107,1207.7610439905884,3938.1879792615964,3768.8596310098537,1447.9419708853509,915.0320717002854,2208.9012396375174
1929,12,13,1,29441.980322311912,43872.6370942859,7911.569179147786,790.421850139324,643.2996080097134,2316.863169933414,4290.3325591638595,1579.3018538001404,2631.98055076706,1045.6433300160954,2091.0026805585885,2716.202394260718,879.958556602759,481.2272297282875,1530.016050373824
1929,12,14,1,19757.934432367398,31852.725407846505,9901.455781781131,790.421850139324,507.94795460166694,2404.5570398363234,2655.6804726834293,1667.0684839374796,5271.26077511323,1287.8521437310153,2352.7657306835767,2357.476980977148,647.9177273997054,349.35073203573097,1135.8214877702685
1929,12,15,1,14919.357066393795,25165.80281681389,17292.423885683944,790.421850139324,445.8345246130445,3479.9530296082817,1914.1506500806988,1585.6729183759444,7841.258132683916,1235.1767492856557,2178.626283033663,2087.9783011090735,528.1062159541644,277.6289995195999,971.5655838552041
1929,12,16,1,12409.00665271468,22767.012315579133,12142.776069818423,790.421850139324,402.85236817589004,2452.3228408121995,1634.6520864802987,1780.3675164422084,9080.53780326447,1122.6474066402661,2501.5375361503325,1933.0438373793556,453.92922956963434,237.52582273532474,816.4562486273505
1929,12,17,1,10088.655309561458,19690.038229955953,10895.093112616281,790.421850139324,496.8020914862947,2424.5210742999056,1470.3134448209923,1737.1983383348352,9658.364596037087,4220.034100579596,1799.2194075880266,1801.8708407006154,420.32340500349545,211.30954176852526,715.6283183519085
1929,12,18,1,8208.058291815676,17366.691596362456,37000.205809936175,12961.648094630074,1380.5278696454288,6381.392704982814,1152.5022603204402,3383.5648744068517,19595.14130366287,10767.46312922411,2674.7907779597003,1762.34921693232,381.02450958350664,192.4124717737656,712.8147436324974
1929,12,19,1,7353.456254907905,15384.059203728415,55632.967821747065,12961.648094630074,1039.7678617735908,9321.281631916903,637.4432547704838,2971.933120334762,23084.89753217606,12763.370575035231,3159.6561484198255,1669.1218283499936,358.20082146515216,173.13419287419683,629.6133197872491
1929,12,20,1,0.0,17631.150745297742,38500.00980542737,12961.648094630074,835.960803333966,7155.257833486096,482.1942380079597,2405.598438026796,16440.913930881892,6044.930265819051,3358.2770324123503,1607.4147532026018,332.2028929385189,165.0416724095755,589.4291986206424
1929,12,21,1,0.0,16482.457018632085,20945.01711759957,12961.648094630074,730.8652169081892,4569.10202089939,12533.319592972386,3110.748507185711,8914.822406578334,3686.052602004033,3159.6561484198255,1697.4901104411645,320.7910488793417,152.30929498949044,658.5235352838364
1929,12,22,1,9334.762624543533,14668.559297712532,17395.526818463106,12961.648094630074,1477.6591153195966,3829.101810115772,11937.756710893933,6498.967307856977,6879.7502514480275,3272.7345069837475,5265.724328266495,3332.666985861575,682.7958183643278,313.1141027143634,1073.0797518671243
1929,12,23,1,9803.755148887469,17038.145721151188,14613.122339202031,12961.648094630074,2772.138393352602,3379.9849755535697,4127.785195375154,5426.959464893673,6846.453494772286,2435.808239888513,4387.2727889131975,2336.1401534214187,661.231545468678,304.62948166196963,843.9547750661075
1929,12,24,1,7043.157254754502,14400.855251243325,12491.813864919386,12961.648094630074,3095.3473540125688,3022.998462997237,2847.5396561718385,3123.4264442506496,4806.51489058913,2155.158638320315,3561.6612727972865,2053.912116204638,453.92922956963434,214.0106791510535,660.6410688706443
1929,12,25,1,7647.019585637421,15119.600054791981,11521.546532181275,37761.18486242517,1953.7497069149945,2979.9648775979213,2326.8847577701,3423.363967977894,5509.5887142419015,2924.096896305631,3194.43972765781,1959.957335773797,401.3036649048938,192.4124717737656,692.3648590865181
1929,12,26,1,18267.47540244194,18117.88537524113,14320.310010109662,37761.18486242517,3813.612899573044,3407.6388603290634,2483.9546603018716,6069.843210239634,6890.5076651433865,2683.015091029948,3108.8100883238144,2144.8360972665682,389.26211323432386,182.0000228313997,629.6133197872491
1929,12,27,1,33492.01232304745,25419.716048766808,12323.824819778267,37761.18486242517,2483.9051090092075,2841.547571983786,3921.418141530322,2577.954190024268,5479.749697682735,2038.66026595377,5634.718285086765,4369.564065893394,1416.3280785592178,642.0320374531859,1412.277261593166
1929,12,28,1,36005.31609015454,58884.344306107756,12045.034489544032,37761.18486242517,1499.950841550257,3013.8297953177166,2989.953648853824,5307.401703964423,5509.5887142419015,7024.6926025032435,0.0,2705.170284558446,831.1369399576902,428.40256720691605,1316.3020124539457
1929,12,29,1,52098.13891855083,118438.75995277257,32922.82849497159,37761.18486242517,1136.8991074478422,7399.854226099245,2778.109133752058,4589.5736977405695,18958.660993361576,9813.058482424089,5080.174980420676,2457.0084322464013,632.0722277093827,313.1141027143634,909.5198890849124
1929,12,30,1,102382.91883239729,156566.30596496552,18654.757304136398,37761.18486242517,929.9105266444544,3910.732528811443,5488.564219005612,4575.130478299405,7525.579266508403,3599.9344571317315,8411.201183239082,4622.453965220784,917.9980367999623,357.45414418334104,1075.2364990388062
1929,12,31,1,202796.93537955606,255535.68072002212,13646.97912377454,37761.18486242517,785.0143061452025,3273.8058885545565,6120.544816468355,36902.42567206801,6127.883872820502,2513.8413242182214,6449.141452467054,3855.055565056739,1061.2757951508675,428.40256720691605,1269.833914300663
1930,1,1,1,2317.5518824196847,17410.840500065064,1103.1082447280883,2168.667795870007,1192.8975668727405,823.5685255024019,30.841335242564973,349.80162779237776,2924.4941284338734,840.3392890967136,766.8787676316757,754.5787286574418,627.6033869226442,60.76767841987046,806.3120079390563
1930,1,2,1,1286.1638932039423,50885.47078754884,1779.9738662069576,2518.456488198901,697.0095841612575,790.4998540203661,40.754196716617756,477.44987327798236,1811.8875250064327,717.7170171247407,952.3869151457142,679.8693107975959,528.1257216476143,63.06108551379738,806.3120079390563
1930,1,3,1,2136.3823450480004,34188.763201672264,1779.9738662069576,2518.456488198901,438.2157948967205,856.6252717512633,24.231967865889388,597.7425344397651,1045.8263996626338,773.0419341616414,834.0682201241646,621.5956624608494,367.20372905376206,60.76767841987046,806.3120079390563
1930,1,4,1,1579.0912653711548,21320.368140099,7352.708336117179,2518.456488198901,328.3833486861114,507.35904370773056,37.44951302828,441.8630896881312,1712.424832926285,711.739077869964,762.4932676138832,700.7806900527544,352.56614884716237,59.62156022438528,705.0878442848992
1930,1,5,1,1310.4330208674126,18367.68525437118,4030.8830397307293,2518.456488198901,284.89132455535673,1126.3263443213236,25.333529095335305,506.90904989369625,931.1665489122962,834.3447904534268,501.0246675717705,579.7577836472024,254.5507184314918,57.32815313045013,746.2595606123934
1930,1,6,1,1466.4345739953828,18908.185852169812,2810.2602762820566,2518.456488198901,300.11585381352387,912.4234375876074,26.43509032478123,231.97720110325548,2258.014732966554,734.1604899226119,312.59784257137323,575.2670536118134,333.55709567563247,61.91496731831221,737.6806395657383
1930,1,7,1,1138.8512870167726,18951.12717772881,2004.4761144253407,2518.456488198901,287.0612841371245,792.5629193526125,17.62379008017436,509.3650045928444,1587.699675171582,741.6453335324654,693.8369925899606,642.5070417160078,313.0705760316425,60.76767841987046,747.9824495182521
1930,1,8,1,1193.4817924979207,18192.185923825917,2588.874511715222,2518.456488198901,276.18827810444304,773.9595556627974,25.333529095335305,763.4335182144797,1648.1444228852013,831.3641005201855,825.2972200883794,633.5407019485599,542.7633018542141,60.76767841987046,749.6875766827917
1930,1,9,1,964.6428944934928,16301.834092147441,2052.3776223999503,2315.6099818451594,263.14531248999384,602.4270022560246,34.14601893090273,412.4039130724173,1611.6394986642529,668.3700393426166,845.7578976461089,708.265240111736,138.9808538970535,57.32815313045013,749.6875766827917
1930,1,10,1,5351.891951011412,14267.72217055334,1796.595112347628,2315.6099818451594,252.2723064573124,551.7924623668474,36.34914138979463,1242.0990890685239,1603.9681740091355,749.1136177539166,869.1222851134885,606.6568029495462,313.0705760316425,56.18203493496495,749.6875766827917
1930,1,11,1,3026.5499782307807,12663.023504551484,2068.9988685403687,2315.6099818451594,241.39930042463098,568.3327607244161,8.811776080991118,843.2152066146026,1621.6915792469504,641.4610330017586,872.0409625996474,608.1385926580125,313.0705760316425,59.62156022438528,698.2318121441027
1930,1,12,1,2722.336962335397,13370.62186919874,1809.061046953068,2315.6099818451594,233.78703579556185,576.5969472866498,51.769809011077086,644.3811141756728,976.5331757520578,601.0892437960546,981.6036251625202,614.1262327051977,465.21915946943267,57.32815313045013,602.1585534661253
1930,1,13,1,2782.1608613905087,8846.379818715437,1574.055094576647,2315.6099818451594,228.34473074826047,585.8986291315573,255.53603423026502,378.03282705851757,1654.4931053584344,584.6457709982913,999.1306576571822,648.4946817631932,399.3881275725326,55.03474603652321,787.4312769398875
1930,1,14,1,3901.9364143181638,10986.44479359067,1381.756510755671,2315.6099818451594,228.34473074826047,388.5360207554096,185.05276981921406,479.90582797713057,1680.9459489966853,496.41734897713775,845.7578976461089,481.14316650860525,378.9016079285426,58.47427132593531,758.2664977294469
1930,1,15,1,7082.690232517206,10744.666460551893,1340.2033954043727,2315.6099818451594,228.34473074826047,484.62954935334926,87.0161995804368,459.04249280832494,1764.007878021091,584.6457709982913,923.1702051291081,548.3831546127997,364.2792593350437,52.74250964555285,672.4950490040603
1930,1,16,1,4982.661642487341,9992.259756189476,1265.2923624512682,1614.7068030280868,227.26555298833722,401.96383326488336,78.2048993357974,492.18560147265066,2284.4675766048053,578.6678317434066,1035.6365776012312,600.6691629023609,305.759401734893,52.74250964555285,672.4950490040603
1930,1,17,1,7529.921317605262,8234.372578790759,1226.8557307512667,1614.7068030280868,222.91402976288038,459.83698966664844,115.65441236408633,537.5962038588738,965.1849058311891,614.5520266607926,1343.848920154812,570.7914438797544,335.01933053499164,55.03474603652321,349.9773505249807
1930,1,18,1,7857.504604583873,8250.522251229306,1488.8712081061828,1614.7068030280868,218.56250653742356,491.8681658659372,512.1902839635102,330.1662699731462,1620.3689370648774,599.5988988294879,2137.0706230476603,724.7010096348356,370.12819877243396,51.59522074711111,1058.4932108802782
1930,1,19,1,9013.733785483413,8191.244551815688,1433.697904945046,1614.7068030280868,217.47172471557903,413.3285804421105,1579.5388773847355,482.36178267616833,1635.5793221569238,598.1085538629213,2750.591598245371,980.2038922487764,370.12819877243396,61.91496731831221,1111.6718643248257
1930,1,20,1,5377.059935255125,7242.708010498176,1167.5271160548994,1614.7068030280868,213.12020149012218,458.79949438397443,3010.3788847039286,363.3093786374719,307.44817518616236,627.9982501370205,3071.945473275621,5204.408343931975,298.44822743814353,684.4983122760799,1101.387816113631
1930,1,21,1,5753.181477560287,8068.301669725967,1164.4106324036022,1614.7068030280868,203.33797727928527,547.6663317023545,2040.981210972292,457.81451545875086,1629.2306396836907,625.0175602038873,2933.046360081274,1825.9278082893559,279.4239426535128,317.60000536587864,2120.396676089713
1930,1,22,1,5887.510599812158,8127.579369138822,1329.8151165665479,1614.7068030280868,194.63493082837158,388.5360207554096,3363.925318171905,578.0948968470213,1649.3348008488972,680.342477240788,3958.4750502691036,2986.864684079868,310.1461063129241,556.0839048575066,1681.2376225101893
1930,1,23,1,12880.614793177125,6255.6176268849185,1627.1507419701686,3008.116464320626,192.46497124660382,410.22801982711695,1177.469028636951,834.6193651678047,1302.8819077178741,623.5272152373207,1551.2396650276878,1872.1959359256484,254.5507184314918,411.61915989031445,1008.742573506129
1930,1,24,1,12891.600818045217,5449.814317697679,1611.5683237134317,3008.116464320626,196.81649447206067,379.234338910502,576.071318543696,1027.3258506324867,1437.7120517423239,907.6200846432756,1200.6990151342488,1337.330332328237,273.5750032161226,233.89474389785275,977.8549053898297
1930,1,25,1,8443.459221871657,5221.851889403387,1523.1525282712057,3008.116464320626,193.55575306844835,242.83352231801163,518.7925137944486,1029.7818053315245,593.4827734472791,1324.80075956419,1516.215535191981,1419.5091799437346,257.4751881501636,200.64677990216526,995.0127474832169
1930,1,26,1,6550.567137083684,6705.194635347577,1917.2145721872614,3008.116464320626,256.62382968276927,276.927763849547,559.5479001020301,735.2023189483399,1888.7330357756057,1296.3848488682552,2129.736510389692,1444.911289234282,269.18829863809157,186.89102015042178,1820.2232481627611
1930,1,27,1,6194.320312494524,6790.423831511596,4142.15304861622,3008.116464320626,411.02747778402744,235.59490580535055,396.5263548717038,419.7717771697515,747.2002478295262,1163.3136027416979,2075.7035579509807,1302.9618832702415,257.4751881501636,171.98797150024475,1351.8461301489942
1930,1,28,1,5408.220296699298,5155.479536201836,2805.0661368631445,3008.116464320626,308.81890026443756,199.4375989414956,298.5040597244701,616.149914909533,1464.1648953807635,879.2041739472328,2201.2815277463565,1141.5828877595088,260.39965786888206,159.3677936173691,958.9919361319797
1930,1,29,1,6448.29723285623,5395.017452256113,2595.1074790178163,3008.116464320626,262.0545306681493,174.63311402169327,256.6423538235768,578.0948968470213,971.4939090388525,855.275857539508,1716.3320377145226,932.3934936912741,260.39965786888206,151.3484783578508,910.9641876636889
1930,1,30,1,6240.261871034093,5238.001561841934,2252.9868292908836,1889.3671596704692,257.70300744269247,253.16077421249176,269.8587093949757,758.5216088162937,1309.1776845038694,823.8792569103321,1285.4304676981083,1107.2144387015135,269.18829863809157,137.59271860610733,986.4338264365617
1930,1,31,1,5083.233706507669,4776.755714912017,4038.1548349172567,1889.3671596704692,238.1385590210187,184.96036591624656,180.63938735563548,349.80162779237776,1706.076150453052,805.9454391458942,1262.0511126540198,881.5892751101791,263.3393592007013,134.15085191078205,922.9711247807423
1930,2,1,1,16130.480695092241,39846.74959762445,3163.1154808079573,4110.624790521194,2887.2066499378593,995.3753592712384,540.895113840981,2089.526257992215,1880.1358615931692,1828.8188678708607,476.7472579163719,2610.0667296035103,399.6318333824258,533.8990838110835,2093.3988293175653
1930,2,2,1,22294.639375675808,42753.690636560554,3412.895874198364,4110.624790521194,2675.7806414901534,966.885977312938,2352.6540426297797,2571.875760894982,1912.6728592682764,1643.9001762961661,218.4068814365373,2756.4312640870585,1142.690847741112,410.77625376084404,1790.205905370089
1930,2,3,1,65718.40076146771,74986.75651113891,4602.700077094706,4110.624790521194,2404.4776734601537,1007.5867980010051,12401.485763470626,2690.8667660662272,1880.1358615931692,1540.254963565206,1004.1148607491151,2567.729880785931,738.489530423212,362.1452529023583,1800.3300979096446
1930,2,4,1,37717.0208315372,53183.76521203815,4724.012088856877,4110.624790521194,2211.502123488435,994.3617144548402,2988.847288318408,2354.892163229711,1197.8508920519557,1493.0275875133602,2495.6937644414934,2499.8397196462347,609.3254511807938,318.6887591164425,1854.6810262798565
1930,2,5,1,28480.770105996336,57729.944678839995,3615.0056102548388,28270.35078746881,2051.0179469334525,945.5040343027448,1643.1819937727964,2684.4812838485523,1204.358291586902,1493.0275875133602,2820.639857916585,1860.250896437938,498.4088444539776,300.06287506110857,1739.425087000673
1930,2,6,1,37360.47438808796,66151.11202381342,3429.517120339034,28270.35078746881,2090.8198793689867,1007.5867980010051,4440.029301062569,2828.768622420582,1179.6248827851002,1493.0275875133602,2780.6764277194707,2285.7362270545595,495.36252183035924,289.71386091596855,1739.425087000673
1930,2,7,1,40109.97679373428,73742.3915770023,3283.3886646864476,28270.35078746881,1972.1103257784423,3734.148251409079,5587.746659776861,2925.6560352999354,1183.5266772218474,1385.441240315243,2578.165112900568,2350.6023275643884,656.4368305554063,290.74407951865464,1614.0804786645726
1930,2,8,1,32363.830532132102,59088.19747641647,3708.269269154834,28270.35078746881,1999.9600744214008,4219.624492315041,4202.586945341864,2533.93126079386,1174.4136725883257,1117.7918437071596,2450.3420065775163,2391.2759430354627,220.32528375487743,294.88836798853856,1966.4023790408048
1930,2,9,1,23937.549458236106,38389.54504984674,4112.488741268036,28270.35078746881,1842.841075827438,7916.2082593504965,2325.5313687297976,2585.506309474978,2613.144158810964,1113.8672686285124,2435.6737812615797,2352.114357879322,592.616371590102,283.5091352407207,1734.3452289896152
1930,2,10,1,20080.455999970545,30034.65670736683,6937.869734525221,28270.35078746881,1718.21345065027,3719.9572239790677,1539.0927847269238,2447.604453120623,2631.3966209213445,1113.8672686285124,2355.7469208675507,2282.712166424691,376.8453401575512,270.0577582579567,1595.4661737848025
1930,2,11,1,20153.363255913926,25104.805831765225,16916.73496085373,28270.35078746881,1618.6505992517414,2461.9643806196,1539.0927847269238,2145.2764296616647,2631.3966209213445,1123.041169867163,4205.5897441093575,2386.7398520908523,638.2045896529053,255.5644556429328,1443.0171482287947
1930,2,12,1,18868.997075870084,26820.591839974993,20653.05258287099,6512.63235840599,1535.1013533229238,2327.686255525009,1070.7865112971135,2061.0371834826483,2631.3966209213445,1301.4685811430488,3305.289996411249,1882.7801481301872,601.7401078479029,225.559338839781,1488.7536320697136
1930,2,13,1,18129.93722110139,31623.48575305425,48272.02325312988,6512.63235840599,1458.166422696788,1986.7438402093633,1045.1389301881893,2407.572391525391,22491.53030347817,1352.6370916621597,2959.0899438052766,2431.9495585067298,504.4862580881602,225.559338839781,1485.3611394819532
1930,2,14,1,24068.383027120748,40483.40142439235,26131.138290036393,6512.63235840599,1391.9072290504405,1750.5049718147088,2944.118668202713,2227.4281143465705,10444.773046370741,1272.6055669571224,3256.04666856546,2201.2137324509717,607.8175214820855,212.10796185701702,1437.9372902177367
1930,2,15,1,21343.848859811424,32319.88203277367,17047.165572929112,6512.63235840599,1342.822047067263,1646.7554435444622,2299.8362039824924,2186.4136708715687,8088.089206633168,1272.6055669571224,5113.822307539375,2423.0285796486955,547.0281535272985,216.252250326901,1402.378284140253
1930,2,16,1,17779.383154852992,28011.74687070209,12739.492614829735,6512.63235840599,1313.6958516115171,1640.6735746458546,1400.624396921805,2266.3549963272408,5559.5941474646825,5372.528010612464,5326.810926155233,2732.238779048497,496.8856831421684,218.32439456184704,1481.9864086354348
1930,2,17,1,16471.047466005763,25794.667561943406,9684.299808614789,6512.63235840599,1432.9856082987912,3034.0178140820376,1078.8519380095145,2009.4621348016406,5559.5941474646825,3476.643619245782,4005.772593123986,2596.4584567692955,509.04051041048706,399.3853139834523,1678.4490291265029
1930,2,18,1,15157.718129491286,22948.404483036138,8292.38586966197,6512.63235840599,1415.1153529195626,2379.561019660096,829.6564235987261,1940.9409986968417,5559.5941474646825,4538.100423216486,4005.772593123986,3219.5661495450786,477.1302809278581,274.19033969826677,1458.274484003288
1930,2,19,1,19522.166190760094,40224.8199639603,6938.79313708869,10800.140186330444,1292.4604182712692,2298.11167735141,1435.836289353379,1964.1497706032949,4408.630920761655,4105.238007369494,3748.7792985609176,2708.046294009935,571.3378080639823,239.01071582254494,1422.6977161845623
1930,2,20,1,17959.154470877635,31654.29148660733,7089.076904276507,10800.140186330444,1248.713104777986,2261.5012116284583,1597.0258645044232,1834.598160225823,5288.717028608375,5455.159359314792,4304.076399800935,4266.647142622742,265.91350181768075,214.1801060919549,1431.170066783381
1930,2,21,1,21700.395303260666,41637.21617202361,9556.870254870488,10800.140186330444,1197.6552322659052,2466.0189598853385,1873.3678446343847,1859.8944936266075,4825.263208065191,4615.432767593172,5715.668572791851,4013.0796588115945,1806.7739480818593,201.75894771187703,1375.2738669203459
1930,2,22,1,19892.69484767785,31352.768700616274,17731.637723023658,10800.140186330444,1151.1925682799463,1751.5782427968334,2175.999784991854,2008.3569551869687,12042.260273688642,4021.116313700599,4152.305170513272,3595.1544797696433,1559.1079187797807,188.319277758687,1317.6903016340132
1930,2,23,1,19668.979432180462,27874.52133032846,10947.745365939623,10800.140186330444,1113.3981385590794,2000.9348676394472,2274.9737529075146,1879.9105244241682,6403.30759530883,2974.2317716252487,5249.578229594536,3171.3323824993336,2552.818358611714,162.4467423958452,1177.12388100598
1930,2,24,1,18181.871156841804,26309.96346865288,7862.311125774419,10800.140186330444,1062.9900935153426,1894.084778754207,1754.6466667739585,2018.9175603931956,5024.453120661676,2558.425525951222,4621.089677543918,3006.8234842367683,2131.9688881556185,175.89811937860915,956.931574141446
1930,2,25,1,15454.340800932057,22304.284599649676,7300.536091287126,10800.140186330444,1018.5697444298438,2130.204394817482,1213.0259024470804,1668.2072293620113,4904.621738980133,2295.959217949101,5064.578979693587,2880.115343846979,1638.007674732122,168.65146807110128,1624.2579564280077
1930,2,26,1,14139.014005350762,18359.283690675304,25332.39507272527,3355.6954997177577,991.3814273171796,2023.354305932315,914.6764895474222,1907.2944193191738,19958.67052510927,2037.4671631911576,4974.025139733918,2671.9087694834707,785.6009097978246,161.41652379315912,1475.20142345976
1930,2,27,1,13214.190457356583,16508.139156246543,19780.4371604907,3355.6954997177577,982.7596092998017,1865.5834715627325,724.8534599765518,4629.720203268848,11434.241662661927,2669.870210673945,4956.66275058465,2590.410335509559,1218.6661339747352,174.8679007759231,1487.066266646493
1930,2,28,1,12275.384695893501,15810.809369449807,13965.309517697067,3355.6954997177577,975.4606543429543,1776.9789893733143,570.9441815038155,12546.244580340139,9564.554674305831,3062.162124653111,5551.923282021782,3135.0436549414912,951.2294708451985,190.37971496405913,1412.5380001623691
1930,3,1,1,5253.517091964624,10636.379639576702,6176.062619748814,10393.342345156852,697.6245994438086,1570.076194489573,786.4504799124691,5791.755169146907,7260.90878606314,1906.151212247546,5905.307771517237,3122.94741242221,700.3343395621048,474.6732211863725,2518.2596811525864
1930,3,2,1,5297.7608102974555,13169.917847564318,9385.001952764018,10393.342345156852,1314.392095327604,2077.256359700271,1075.0452469358072,5129.1385913303075,6030.190235790416,1842.0663786848581,6559.390879986003,2711.9775728286486,730.5995548279778,392.267440001274,1984.874589990177
1930,3,3,1,5628.73977768993,16874.073930576473,9900.029732481104,10393.342345156852,1324.6036698299913,2001.8888862901922,908.1813229029876,6037.350639056646,7143.0613676544235,1748.34023967594,5872.678453978091,2564.252211061544,769.5010947318656,378.53509430868655,1859.4766964301195
1930,3,4,1,7126.534459036595,18121.239385945042,8513.42535826741,10393.342345156852,1113.6418238597157,1794.032072755633,741.317398870168,4050.851680691545,6437.034970947633,1658.4227600259894,5608.949749830994,2515.4136318899023,694.5615581902654,721.0242445530331,1658.1473588235124
1930,3,5,1,31970.33109594417,55359.770209392474,9140.76197475392,10393.342345156852,1349.3203217506161,2062.1113136194417,949.21031513148,3854.375304763775,5773.994445153402,1809.9411649610172,5229.521676611736,3897.2581366892923,845.8724029065768,439.4818902810685,1558.3796579557377
1930,3,6,1,57531.81477560481,74237.15032800921,15829.428442491058,20588.47846351735,3999.4559863654295,3415.74452671768,3903.5237778659034,4760.131397790966,6995.719028588934,2035.480036569069,5346.418451832377,3691.924419924082,2115.3664298567724,395.6975996670254,1601.38083363685
1930,3,7,1,33255.69600552162,61024.291154885905,11967.29722121525,20588.47846351735,2639.924090112368,2716.8066127040697,2155.5388204708597,4217.365409290369,6369.051162797274,1468.6852863926642,3873.908241050438,3059.2909361643674,1498.653646313632,331.32064402889216,1852.5496173241238
1930,3,8,1,23248.42608014101,43533.16904616676,10341.53158309016,20588.47846351735,2023.9804826259385,2556.412227044866,1403.2414970349607,3623.1471698436662,5806.928235483074,1296.1861362060247,5119.360310974923,3430.343175444129,1096.6152180585223,315.879072018216,1706.3172012222005
1930,3,9,1,18743.15715465268,36352.63260702068,10242.842934130575,20588.47846351735,1759.4078705179782,2484.264566581088,1326.7507982732475,3768.171294825441,5200.629059292808,1492.0837023678466,3724.2324725221656,3018.0125085672034,1036.084787526776,334.76251072421735,1405.291209713018
1930,3,10,1,27436.09901398521,63097.61037372896,10097.291605080061,20588.47846351735,1675.9746652084891,2428.2159708488825,898.6051156707427,3949.052358414006,5710.639884639637,1492.0837023678466,4304.974454412246,2737.0772760562477,1047.6151186572608,290.9782201101742,1874.929411358967
1930,3,11,1,42748.62022116492,85666.07747627537,9604.079210922559,20588.47846351735,1559.4698833855052,2445.5075588939603,953.3144039452887,4168.246315308399,5343.342150721514,1424.3226845542727,3382.971720277601,2747.510285229216,1366.0776857327553,256.65320939349675,1451.7381632058475
1930,3,12,1,36075.10947851051,98018.24312406185,10285.319452045342,20588.47846351735,1471.859215779581,2366.920272537509,819.2712945133441,4047.290546377835,5269.670981188864,1365.1891081584042,5810.113982733132,3019.3733358505674,1441.017222274309,264.3681418840437,1381.2240502549541
1930,3,13,1,56531.08778306683,126023.45544522269,16699.735358463055,17781.10933146483,2599.0777921027325,2814.8320290697015,953.3144039452887,3359.5004328955742,5023.791799570734,1726.150659062543,3688.908991149489,2573.0219868882004,1227.7441753931869,462.65010181187375,1468.9315287817958
1930,3,14,1,58620.42996708829,104552.79266566606,21027.030621033937,17781.10933146483,2818.510603285265,3050.713140470363,936.8980486900537,4758.903420441393,5023.791799570734,1773.013728566948,3168.1869924393227,3208.5283282462137,1118.2288770732334,403.4242391871544,1319.2888583507931
1930,3,15,1,34660.90845911562,71712.01368371825,48138.12988144206,17781.10933146483,8399.484190711863,7207.253149503847,3640.8620937820688,4140.739622678491,5553.1132007734495,1294.9607414557295,4837.969866141587,3223.346225332414,1067.7817744257602,342.4891502443465,1572.1450074612878
1930,3,16,1,26673.06965041352,50027.57778344395,26224.632799577063,17781.10933146483,5465.28108993903,5336.780332355938,2859.8956281975584,3908.2835104089186,5261.73512809737,1826.0037718229376,3041.7109680328363,3346.123086903297,1008.7135787533264,323.60571153833695,1413.905654242311
1930,3,17,1,22001.012892835464,41962.076634949175,19267.94873782284,17781.10933146483,4297.216215606242,4175.978139042737,2725.947686042449,4352.811310945576,7927.255917312271,2026.8691545399813,4481.591861275631,3449.5459604433695,1020.2286782707102,337.33805723092433,1568.6992296495703
1930,3,18,1,17866.27262426489,35625.430593748184,19571.517330529306,17781.10933146483,4697.9044742066035,3790.4353518039693,2773.7692426555504,4631.930562498081,6549.195027974247,1972.5543602026353,4345.686263451785,3081.517781793476,1060.5772214208564,341.62283005572,1321.0117472566517
1930,3,19,1,16339.215167587512,30557.42067069563,21323.673694515015,17781.10933146483,5568.209119298578,5168.87304982201,13008.177153338242,3403.8304152142605,5056.725589900406,2393.990797972617,4022.0872518936594,3359.277750643186,1109.5773208221178,351.92501608255606,1379.5011613490956
1930,3,20,1,17226.086993309786,32428.16885374886,18845.492065083214,11616.166491302336,4891.808349133096,4333.152711755567,8828.787231726628,3867.514662403942,6075.556862630179,2450.623906702472,4102.313463824858,3715.512092836747,1103.8197710634258,343.3437634033908,1238.455173706067
1930,3,21,1,25276.84576262079,37427.09925307594,15672.450006719038,11616.166491302336,3507.675841578767,3471.6738701185777,5728.11839311876,3363.1843649441857,4972.87007556687,2615.7210102217014,3872.561159133672,3276.5696924172885,1057.698446541487,338.19267038996867,1420.7794481244264
1930,3,22,1,22219.73466066561,34602.30683694855,15599.732054854014,11616.166491302336,3169.0693143283183,3141.106407629891,4575.047875082132,3866.4094827892704,4590.891013429643,2676.1627783105237,3427.874450836123,3072.5968029354417,1077.880333923134,312.4372053228825,1393.2487491133265
1930,3,23,1,18076.005826293767,30435.131243559877,23828.40314764371,11616.166491302336,5244.919953801754,3695.7490007160172,8236.489892481368,3669.8103091265984,5021.543307861341,3210.865433540108,4705.955838299554,3121.435382107276,958.2664761058065,294.42008680549947,1374.3324946315968
1930,3,24,1,16060.569627749284,27707.423563478314,23135.851225119633,11616.166491302336,5421.069613968374,3453.4282634227557,8020.46017405001,3611.1129918181714,4848.144917812355,18910.82168696692,4689.641179530082,3437.7521239870375,907.834605071434,282.3969674310007,1348.5424462676744
1930,3,25,1,15213.64698336573,25828.27381672844,24230.08326270769,11616.166491302336,5908.556255839244,4181.344493953213,7300.995561124654,7247.522317037017,10669.754481514721,13429.995275449965,4483.088618960881,3091.799587934874,899.1982804334194,272.0947814041728,1376.0553835374553
1930,3,26,1,13338.032919506779,25683.580219736257,20544.552781675655,11616.166491302336,4550.648928257015,4103.830478578959,5842.913920809453,5255.006269659058,8736.448404208295,6612.826210572025,3623.650356071197,3359.277750643186,953.955929593373,243.77547685995367,1967.8233183446266
1930,3,27,1,12179.506660680336,20617.437310838344,16360.384916426276,5671.084515869741,3257.6083068890152,3479.3060193246088,3690.111159547774,4669.138276189347,8736.448404208295,5385.609927541359,3574.7063797623787,3462.851827214636,1008.7135787533264,221.45017145861883,1778.4831561137537
1930,3,28,1,11661.166032808609,19685.797247620623,14637.084882545494,5671.084515869741,2681.5826724574486,3047.49332752399,2731.4198044608847,6995.90975811442,9676.979259768634,4854.55033778564,3769.135203080687,3722.9210413798473,1053.372668415906,224.025717965334,2924.1154697993607
1930,3,29,1,10640.464449601264,17836.519727346506,13372.023370734903,5671.084515869741,2355.740613334991,3039.861178317959,2052.996079673617,6029.000393079764,9803.952909232541,4037.6757022181505,3470.083017561113,3402.2194115866614,917.917932955707,265.234462072662,3187.3444758276446
1930,3,30,1,9388.856598255357,23579.455267339363,14620.925337686684,5671.084515869741,2258.730655562066,3438.2832173419265,1460.6987404283568,4933.890192752112,7659.8176681288605,3218.3171583729404,3605.9886153847583,3785.065487322756,822.8117406456073,290.1236069511299,2461.4221090008027
1930,3,31,1,8812.989149255807,17120.51979900261,16518.51760540244,5671.084515869741,2457.044074023708,3850.777031464599,1159.8392906019735,6738.280110179075,8549.426799685336,4037.6757022181505,3208.898801479062,3557.353721896674,772.3798696112349,290.1236069511299,2380.6061860973955
1930,4,1,1,18112.958819032454,27611.272334509045,16654.71948349881,6891.699005083235,1775.1893947489746,2677.811100354183,4898.140779960669,3673.3714434401977,9616.005455182261,4049.598461950683,7015.303270923333,6784.026413922097,1249.1445918242532,298.2834065655681,1862.8514272766377
1930,4,2,1,19123.673106904924,27094.10941364493,16844.017008988703,8807.471565090766,1307.5456987862074,2370.4978424778747,2512.1781904361687,3949.78914482364,10661.950892641415,3941.6312488167227,6322.154786868563,5751.460911867686,1249.1445918242532,266.5105282964415,1711.6102001288552
1930,4,3,1,16945.44399440474,33164.70593779532,14915.25990475922,8807.471565090766,1038.5519390811755,4234.76953839587,9198.393143161687,4049.623703341971,9295.264726067784,7161.4387521563385,6411.960247985607,6637.964285501497,1500.1920392385882,276.7658862049737,1767.0445947182138
1930,4,4,1,16301.263445315608,30400.591481696756,14585.143488356118,8807.471565090766,1001.2332758996309,9337.696048984088,24303.34332352089,3351.518580123508,9685.57643395107,4831.863975516614,7193.8664627778235,5782.911142417778,1500.1920392385882,309.55727604720425,1671.3088091249883
1930,4,5,1,15733.98507030389,25963.632342947432,14171.920841250167,8807.471565090766,926.5727414126701,6666.920836179183,14743.790364743883,3340.466783977562,9347.112299598779,5423.530927246364,6333.230793739659,5472.793724829131,1714.775004847875,335.18396378895255,1871.199445686455
1930,4,6,1,15194.671122229583,25420.331223916837,13552.086870591118,8807.471565090766,813.5027619223202,4250.391593802071,6575.939870684763,3956.2974247763273,9266.96018337471,4617.41989421526,6468.6873642578485,5461.907106561644,1714.775004847875,323.91009430731646,1763.687625613014
1930,4,7,1,13858.371006445324,23623.330099975676,12555.966355360826,8807.471565090766,724.5692312558368,3560.0398476452365,3990.7207952723643,7710.960968756674,7977.913112879569,4650.041889594623,5592.036387987381,5144.985552555794,1421.0638090894547,324.94031291000255,2098.016882054947
1930,4,8,1,12524.068349727884,25256.033978299412,11259.855432356979,8807.471565090766,655.4090221258706,3428.9815354970187,3330.4978121811587,9541.629601464081,7553.344972484727,4576.021422921492,6589.326033691817,4866.469568548809,1421.0638090894547,328.0075546588965,1933.3655402275313
1930,4,9,1,10902.131587370555,25481.942691023753,9974.82534011374,9162.121502669992,602.7149768810374,3128.704165170063,2447.107564895431,6115.081605283086,6676.036413219965,3682.808006288468,6863.831393172639,4580.998245093242,1421.0638090894547,302.3808669171481,2008.852940741723
1930,4,10,1,11866.904316703844,24448.550356372845,9939.505192065037,9162.121502669992,569.7826491107423,3209.795750484683,2615.7915630978646,5098.070764386801,6146.450483580872,3524.5002520612315,6834.345266772681,4751.706467646924,1714.775004847875,283.9305883054559,1783.811678503046
1930,4,11,1,10670.4263356055,32730.62514681723,9645.747751594321,9162.121502669992,646.6247472413922,3239.4895809896616,2963.865878147405,4487.8888193959665,7220.832727951104,4364.558031553272,7009.166564413845,5138.181416138782,1910.958181810411,268.55925847223153,1948.463020330385
1930,4,12,1,10841.209085828867,49321.84643295057,9547.520803916344,9162.121502669992,1012.2107184897196,3807.3691828549813,2714.051776437223,3902.6348146009886,7003.7871458986165,4262.552198285578,6384.868933882008,5475.515379396052,2105.770513592286,256.2551703879176,2024.128038257535
1930,4,13,1,9466.757501865983,37357.08622227315,9507.929919011944,9162.121502669992,4103.7765031571225,2979.7580033200156,2289.010926241719,6967.543481339866,6737.274746242527,4169.322840932074,6629.888166962872,5099.927049171487,2350.6948525330895,263.4315795179737,2344.905086089514
1930,4,14,1,9217.77422917152,29598.70890223411,9178.96775581299,9162.121502669992,2311.9932998417075,3310.4447181399364,2076.4310215959176,5455.9033640452935,6362.305687669475,4326.140250192635,7126.0633396342855,4861.026259415162,2537.891377755872,320.8428525584143,2528.0286388662253
1930,4,15,1,8702.429789900605,30626.5001944211,9018.757411069208,9162.121502669992,1371.251998806922,3611.5568547863304,1976.7432991039555,4870.649359250316,7348.203170069575,3696.0555171023575,6872.512587747374,4526.413950724813,2804.139975062144,300.3321367413581,2867.277897647576
1930,4,16,1,12622.942573541475,31026.041223536067,9284.697349318425,10755.72608199793,1064.904763734553,3943.7938499138213,3608.148342367625,4678.3481063109875,7205.490078640869,3418.023383893838,7319.444432572999,4240.942627269054,1944.467730670493,254.20644021211933,2774.9168429007927
1930,4,17,1,19149.640074775518,25589.296004921624,11646.414830445829,10755.72608199793,943.0389052978032,3871.288432455977,3841.9029661107224,6203.864367655471,8291.64383843006,3212.355778506674,7521.357044317761,3952.749649246568,1702.589714353308,401.8203761352475,2568.3477916114107
1930,4,18,1,19971.594480822077,23497.306644530647,12115.041631353844,10755.72608199793,937.5501840027588,3352.540791104816,2311.4941953956663,10597.444526606134,7883.608725308958,3249.4488087858454,7715.78586763607,4154.908102350532,1424.1101317131195,447.94607266447804,2574.919635891489
1930,4,19,1,17699.48479217516,22858.787803608106,12020.392868608771,10755.72608199793,982.5623402469083,3117.01743669822,1804.014691635763,8592.034717058032,8343.491411961053,3673.86593648896,7793.467591502223,4616.530957493618,1255.222005458436,294.18594621398813,2373.5014895783647
1930,4,20,1,20406.041827881945,21581.750121763016,13565.937909041633,10755.72608199793,1039.6543249649415,3042.126972613514,1514.4682518440711,6787.276406426143,7719.601094751538,4326.140250192635,7788.528291140815,5287.11640215768,1138.0756689662887,279.83312795387593,2250.7678572129917
1930,4,21,1,19712.92353165321,20819.074839550085,12969.189002466777,10755.72608199793,1104.428198683658,3078.021924348334,1282.0221781574783,5939.480844297634,8771.63068624736,5521.23131949946,8901.517305917612,6379.709507714169,1074.1638203222858,281.8818581296659,2529.6271955830052
1930,4,22,1,16326.231683652602,20471.810206768074,11343.192513700757,10755.72608199793,1113.2124735681364,3152.0776221136753,1061.460118166589,5711.07705728149,7387.088850217916,6068.353516117207,7891.954247194,8208.661376633585,1089.3802018273702,277.7843977780777,2035.8507875138705
1930,4,23,1,16887.517681463087,18713.08287299931,11377.358408545315,8548.720738358435,1140.656080043358,3021.854076284823,1057.4630925392107,5844.189801972672,7010.929413680979,6547.58221981319,7347.733152824878,8208.661376633585,1089.3802018273702,261.38284934217546,2032.476056667352
1930,4,24,1,17601.609297895175,18452.634398412614,12911.476342256417,8548.720738358435,1229.56640258597,2949.3486588269784,969.7902387485733,6000.511318570198,6528.561809936287,5185.40692036494,7421.523306709418,8007.863750812984,1089.3802018273702,270.60798864802155,2237.446551239954
1930,4,25,1,17074.280104222176,17857.990390126382,11701.818984247893,8548.720738358435,1204.385588187973,2884.594642906618,891.4080903596015,5083.335036192133,5907.052248653975,4611.624108234096,7461.037709600877,7374.020642801284,1551.949060614226,259.33411916638545,2168.53099500584
1930,4,26,1,15129.75370255387,17787.043852246272,10977.871374569417,8548.720738358435,1837.735288576259,2924.305669244563,847.5716634642828,5111.087324291955,6644.1607366358,5086.381777030379,7654.269126770905,7232.040996230969,1659.941197622324,268.55925847223153,2252.5440313427302
1930,4,27,1,14916.025582391358,18366.75174729386,10721.396312594556,8548.720738358435,2347.1536075034346,3180.9366862992156,811.7054960044567,5179.485662661852,6608.713926160359,5592.105502354358,7806.938410669879,7845.320491959872,1489.529910055831,281.8818581296659,2549.8755806621157
1930,4,28,1,14011.17662506654,18537.583542453285,10988.490504047917,8548.720738358435,1685.141874136775,3430.531815804516,746.5991827349334,5202.571636833403,6487.295373860555,6445.5763865454965,7507.73654938162,8469.48660595607,1303.917472597354,294.18594621398813,3068.8736613735823
1930,4,29,1,13042.408977599223,19444.952421659167,9721.582187110644,8548.720738358435,1445.866117046169,3657.588254685569,677.5196356572224,5031.51439204121,6344.582282431848,7355.183597810861,6127.57628778177,9241.226878687803,1303.917472597354,296.23467638977814,3196.402963889295
1930,4,30,1,12419.201748713445,19289.990246814938,9811.383086397946,10275.12569929711,1240.5902614238016,3513.2929337580126,604.4549588618016,4816.986749075088,6122.9074527427665,8152.352561042566,6932.831922464257,10535.978437348258,1303.917472597354,268.55925847223153,3517.357629134233
1930,5,1,1,30975.596480607037,25753.593250539052,30271.444533525926,22831.280249454572,1788.4180253543666,6963.859141228461,5985.783795168481,11374.140200195792,7783.616976356246,4819.610028013661,15925.501771415677,13853.977760394278,1665.8815267384591,1061.4646646215976,3672.0623958350516
1930,5,2,1,28681.51474222394,25203.757581966456,29157.590191466374,22831.280249454572,2314.5461934673117,6963.859141228461,6878.095974658056,10131.0587292475,8567.414733359528,4925.921302295951,16498.759964879304,14556.920653797662,1661.4643589341797,1013.5829136559664,3617.356232638923
1930,5,3,1,26266.58673029068,25067.46554867015,27632.821708709158,22831.280249454572,3119.6360104870973,6963.859141228461,9994.586373040884,9762.051535708048,8609.607018962577,5725.5741738052675,15662.072418805952,14188.741272116198,1938.2227692920146,1019.1671667636978,4009.890715312581
1930,5,4,1,24952.2586642426,23146.3079834386,25558.628700749876,22831.280249454572,2521.562658379867,6963.859141228461,8237.20364705767,8985.724255323315,7806.101893448844,6022.815197694158,14308.255092467074,13616.589000952888,2207.517689221952,1042.3119642353467,4293.012871593983
1930,5,5,1,23928.560892434834,22163.325030966007,23712.97782722299,22831.280249454572,2713.2617615387985,6963.859141228461,11751.85013992807,8320.406127337765,11214.154003591106,7725.61711894705,13355.718501552676,12689.109605785054,3090.1896694221227,1314.4652807873977,4404.023754703019
1930,5,6,1,23129.577265657666,22366.829573833147,22675.304196641147,22831.280249454572,2653.8489644338474,6963.859141228461,10076.906067509182,8270.795842416075,10297.827499960003,6020.000101646127,13225.650258701548,12955.982956367277,2895.5296537713957,1111.7463566502863,4985.89839960755
1930,5,7,1,22501.37638910465,23363.815132466298,22836.899645230256,20251.505781393815,2314.5461934673117,6963.859141228461,8374.482443902236,8194.661246744026,8648.757227547294,5184.413357053895,13978.070347093406,13756.451805082374,2400.806859692018,1025.547497882587,4996.0225921471065
1930,5,8,1,22154.81724098989,27240.67002479252,22520.634267277426,20251.505781393815,2116.232775005699,6963.859141228461,7358.571763614076,9250.598969620984,8663.835348421153,5804.562457033621,15097.79477145403,14940.522744691032,2131.3596236308854,996.8184473032151,4904.016772226316
1930,5,9,1,22259.683842004328,27232.26846109588,23367.856119165226,20251.505781393815,2017.4822079425855,6963.859141228461,6315.181532137783,11268.165754929702,16263.208268836583,10252.414212829954,16251.794946807537,15787.108518011237,3325.975040491978,1026.3435758937537,4978.971320501555
1930,5,10,1,21702.392762327483,26936.346717569508,22023.151136264478,20251.505781393815,1988.704134344883,6963.859141228461,6246.542133715462,11448.555627578437,12908.458638625387,6485.153325102279,15536.34477324209,16254.325885319347,2806.272400898686,951.3249303710832,5045.577850366978
1930,5,11,1,21670.43341725643,28663.334810707875,21358.301290641433,20251.505781393815,1756.7389362730166,6963.859141228461,5985.783795168481,11829.228605938566,9536.514660049132,5391.074525752103,16929.82617824091,16800.168829003072,2298.2981034064705,905.0353354277848,5094.9554911738915
1930,5,12,1,22204.75371766349,29202.901901428424,22870.372988152278,20251.505781393815,2157.427194873378,6963.859141228461,10873.218256484477,12742.720956267909,9635.845087911091,5642.280449562316,16280.2333428279,17185.736559306086,2156.3394691447525,1145.2635823262315,4946.644951340192
1930,5,13,1,20741.614951128224,27963.204502678414,22342.879273829756,20251.505781393815,2391.2490428547612,6963.859141228461,11641.931935175538,12913.409807855285,9179.93032780465,7108.283115015139,16250.298189122284,18219.96529470681,2438.8858924875276,1133.2872910700366,4591.587742804154
1930,5,14,1,20393.058343947036,29621.11307209131,22406.3632000611,20638.19574448632,1989.6324592996273,6963.859141228461,9266.91358248791,12976.036652682238,9304.78774977754,8848.343660432412,17778.48778579667,19591.376790333426,2945.337028667934,957.7169685195466,4410.773216396056
1930,5,15,1,19378.34913794015,30532.21597960647,21792.300495423035,20638.19574448632,1752.909595834625,6963.859141228461,7839.166511666049,13338.28997079909,10275.210318649219,11043.45620231018,18884.591715221155,20061.618218271597,3721.2354009094734,888.2825761045991,4344.344303943592
1930,5,16,1,21910.12850528954,33674.40080204087,22976.56428293907,20638.19574448632,1636.0566921535976,6963.859141228461,6823.136872281862,13811.061250375398,21471.773181221073,22535.671833444172,17820.397000984492,18473.986387612284,6515.627143576029,887.4747910638587,4400.649023856502
1930,5,17,1,22356.560606751103,31812.054182683514,23595.244000393974,20638.19574448632,1647.5447134688013,6963.859141228461,6699.657330579375,14224.889617173365,18948.17189812575,13543.095899024356,17425.252972069702,19618.593336001853,5082.636981415002,782.1349389394828,4328.891589014822
1930,5,18,1,22566.293808779974,30175.616276050503,23050.43648800849,20638.19574448632,1501.7976955707427,6963.859141228461,6425.099736890242,15538.825381190592,19378.030607248318,11395.17761442152,19043.24802986113,19757.70012497387,4543.894825423932,798.0916202514936,3811.8472998459747
1930,5,19,1,21563.569357175173,31616.017696434934,25072.68810177865,20638.19574448632,1429.9685521958152,6963.859141228461,5271.791300661489,15472.514604314916,19378.030607248318,11395.17761442152,19387.502297476396,18912.475178937224,5157.271885694212,790.9152111214376,3871.5267506054793
1930,5,20,1,21696.400385126635,27613.139348663684,23223.574468639323,20638.19574448632,1398.289463114465,6963.859141228461,5107.151911724888,14361.195102973328,19378.030607248318,11395.17761442152,20929.16271331844,18847.45787539602,5458.8578254347185,796.4994642291689,4195.856146696935
1930,5,21,1,19143.64769757467,27014.761312068174,21796.917508239876,12724.309442679352,1351.4090528988481,6963.859141228461,4612.876867626861,14459.433290937159,19378.030607248318,11395.17761442152,17244.145292150562,18676.598449810765,5542.17474919134,786.127036024881,4634.3935393309885
1930,5,22,1,21112.14360804598,25528.618044892028,21344.45025219092,12724.309442679352,1286.194224826602,6963.859141228461,4434.438223548108,15366.908552253753,25177.81657494903,15326.210854587067,20800.44155238408,16041.129610916709,6053.043053176026,735.8453439961844,5113.78293694918
1930,5,23,1,18515.446821021265,24329.061450469053,17925.552261330387,12724.309442679352,1233.5117836437191,6963.859141228461,4118.601823528762,11635.576577914762,26220.058614298716,15350.718749592974,13835.129988148961,12608.21598393723,6498.110788490108,726.2689938030547,5437.934715627678
1930,5,24,1,17291.004412985505,25132.811044086342,16111.066224317477,12724.309442679352,1201.832694562369,6963.859141228461,4091.122272340702,9882.884506903709,25362.98648041735,15234.306248315028,12184.804964355355,12912.285280266142,6468.866091303155,749.4137912747041,5101.882570279887
1930,5,25,1,16376.168160326199,27408.70129871922,16369.618942059702,12724.309442679352,1375.3134204840285,6963.859141228461,4599.077612484782,9909.286019918945,25148.71844694701,16150.371621102287,13063.252049848243,14118.280659441152,6651.797764852807,811.6600675300215,4663.345177645833
1930,5,26,1,14954.976034196476,28173.24359508756,15965.63032058743,12724.309442679352,1545.8931309220695,6963.859141228461,3995.1222818263473,9652.761551598272,24319.421798885774,16776.31650706318,15916.521225303975,15165.664058581764,7012.025415098457,820.4403397119846,4323.740684038565
1930,5,27,1,14487.570612531948,29457.749333551204,15072.23834053149,12724.309442679352,1362.8970742140518,6963.859141228461,3967.6427306382143,9581.661663059424,24468.88036544228,17521.48899034994,15959.927198177247,14781.457155562306,7029.54177018438,736.6414220073509,4083.2467068710403
1930,5,28,1,13878.345597114685,40640.23061339046,13639.810114110804,8153.855044617498,1643.7153730304096,6963.859141228461,7921.486206134349,8297.19735543131,23648.84221265443,15907.776579321164,13406.30891131523,11457.560914287924,6793.90871524572,727.0650718142214,4247.009961633587
1930,5,29,1,12659.895566279773,49162.21672271974,12550.195089339843,8153.855044617498,2444.8598089924176,6963.859141228461,9115.835530501263,7330.656383601471,22753.413455497473,13158.255709878025,12093.80209709023,10724.982226712526,6012.070013888046,727.0650718142214,4037.0661794976872
1930,5,30,1,12315.333877232224,41571.87067660818,12729.104335991658,8153.855044617498,1608.2069435106393,6963.859141228461,6013.144387260515,6926.77463333489,20798.548310625956,11504.303984751734,11454.387213937003,11045.683856505519,4956.671540927397,804.4836583999654,4144.702331760283
1930,5,31,1,12424.195396380688,35959.62612744695,12163.520265930527,8153.855044617498,1443.3132234205646,6963.859141228461,5326.750403037755,7314.078689382498,18064.64692060594,12427.489894601516,12464.099948429299,12451.720846343662,5146.914388773845,824.4324367973829,4035.4676227809073
1930,6,1,1,8019.997899679881,18419.961650704136,9428.63272388293,4283.530445446827,975.0429081133252,3270.4951871393782,5607.2559515295015,3906.073151179796,12336.812687601245,4430.96117950836,13463.185703355957,21357.428198152273,2883.1920471456806,469.28798758143074,5845.033826165238
1930,6,2,1,8182.59106772886,18363.9512260619,9731.970465948469,4283.530445446827,938.5017170814033,3358.8611646661097,5743.939952893793,3848.2354180160155,10209.210473771496,4443.215127011313,16335.613377183376,22914.819422513287,2858.821466156547,464.82760931299333,5684.822919662245
1930,6,3,1,7750.141179735812,19162.099777215273,9868.403194685769,4283.530445446827,874.5749398838951,3381.161350627597,5743.939952893793,4188.139548371058,11960.6532510645,4889.987429213035,17103.450069733797,25219.15362244138,2872.529917962923,480.4330797377372,5397.08271064354
1930,6,4,1,7827.742464486356,16937.552411837267,8605.996465244867,8952.20409413393,808.3505584233691,3662.9546095961186,5743.939952893793,4431.77025452159,10418.584731168867,6787.030977775971,16775.660136656687,26475.650814134347,2975.8002549043513,506.0714745090595,5410.759251442572
1930,6,5,1,10070.18988598912,16582.81972243594,9178.96775581299,8952.20409413393,762.6769706489254,3719.9572239790677,4194.0218904260955,5493.60226867639,15043.732177110256,6909.239265035081,15308.837605078981,26891.459150735467,3901.425384097896,475.97270146929986,5536.512379828546
1930,6,6,1,12120.581618205468,16015.247419394267,9241.874555442262,8952.20409413393,720.4381852071446,3951.4259991198523,6906.527198614615,5251.07674214053,12978.558674266762,5946.476416628518,16802.6017749918,26076.474810997308,3548.8135404113846,421.34770146792977,5546.991807194019
1930,6,7,1,12202.47743995012,15493.416963142792,11752.60612523287,8952.20409413393,661.0602002879865,5097.44090334629,8182.958299257705,5089.106529735075,12746.96402821336,7580.060093878289,23451.199413020906,25778.60483895932,3954.583713880443,412.4386519606288,5881.090160999113
1930,6,8,1,12034.690878327177,14756.879879096337,11850.717647590383,8952.20409413393,637.0862083311915,4676.0031643727025,8752.772369349092,5867.521371614028,14064.976962492517,8927.166349775664,20471.154861621722,24712.623466945366,4519.981192828337,401.2935598043305,6151.60148095931
1930,6,9,1,11654.174926074546,15139.617780818784,10910.462987443518,8952.20409413393,893.9769314384973,5454.124626399517,7635.86541651239,6590.554435028348,16403.40834011971,10189.985318119041,18932.48796115018,23194.545030772257,4994.141309198174,373.4191223839944,7000.790332390399
1930,6,10,1,11622.215581003491,15931.231782430918,11089.833935377445,8952.20409413393,883.707336626388,5440.768365288871,9550.51206747699,7465.365498846934,20645.12181752361,9984.980088272503,19496.7656085021,22642.653965828795,5128.027188507261,351.12893807138954,7719.252767872371
1930,6,11,1,11911.847145710199,15986.308699995832,11894.579269350226,9715.861529818507,751.2585737053362,5991.952640765939,11351.195904423294,7996.8340957316705,21921.47152307247,9904.832647847894,20330.459639204953,20900.795043048507,5187.278163537092,325.4905433000673,7845.005896258346
1930,6,12,1,12638.922246077196,16948.754496765865,10965.982566566048,9715.861529818507,687.3201924459066,5735.917885367964,11807.166119592488,8069.284759355107,24545.593611993263,11154.23851149217,19876.942060563983,16528.003372318773,5590.002014382485,323.2545006510617,8215.338202310197
1930,6,13,1,11969.773458651462,16748.050475131444,13582.097453900444,9715.861529818507,632.52581199092,6310.594870120023,11487.998864883682,9027.966676147782,24224.191561787844,12425.171580209008,19876.942060563983,15132.399391653596,6208.557823112972,314.345451143769,8932.024463662352
1930,6,14,1,11766.032633823434,15836.947567616286,13651.352646153027,9715.861529818507,601.6938194307785,6146.265157526462,12992.712470851435,10579.270461832768,24554.852107266834,13445.064319000841,18097.297172762075,16695.838737274156,6919.874155733279,300.96431633845685,9676.063806612574
1930,6,15,1,11268.665326154673,19756.743785500737,13853.346956889038,9715.861529818507,581.1430257446962,6005.428154207891,12946.31842339101,10564.534733638211,25378.858186600337,13324.180782823305,24310.33832437362,20052.54603638199,6848.437890208882,297.6278129093133,11102.509250210891
1930,6,16,1,10650.451744936137,15902.293063031719,13538.2358321406,9715.861529818507,541.1786364420616,6003.162359912335,13242.526572561615,10922.612928766619,23979.50275813341,11520.863373269285,26937.148062046035,23221.761576440687,6120.366783158534,288.70705637243856,10030.943397735653
1930,6,17,1,10221.99677507673,14000.739146425405,12951.875204403568,9715.861529818507,627.9538115886986,5333.4412670782585,12970.11024260146,9810.925034220103,22721.670043131497,11337.550942380729,26705.150620827175,25879.910870058564,5807.357133579341,282.0223424845776,9092.235370165345
1930,6,18,1,10228.987881811181,14969.71949273744,11946.5206635396,8450.170039193197,691.892192848128,5044.969877554451,1891.9254636185256,9696.477545242227,22445.237827111087,11307.578449164077,22800.10981992264,29350.02044278473,5903.011663961677,275.32592156713457,9400.579199089156
1930,6,19,1,10289.91038335287,13309.010402092586,11459.19496072355,8450.170039193197,566.3014305303942,6963.6206365657745,1185.2727453380364,9364.55526765914,22338.103810375822,11609.124914067459,23994.522452778918,33819.582053668906,6056.546324193229,273.10158594770286,9441.786438899211
1930,6,20,1,10323.867187491132,12833.855299710149,11173.748143323295,8450.170039193197,487.5214540566626,7008.340260820203,1185.2727453380364,9618.37818581086,20493.017966603336,12797.261040196865,23294.03985606618,33502.05568753716,6430.482426245257,251.92356944480974,9658.834917554064
1930,6,21,1,9562.136172312346,11610.027521275335,11652.186096466814,8450.170039193197,439.5734701430439,6746.700645849067,364.6929007680415,9922.056984354296,20687.44636734504,12681.842102230072,25485.29310732124,33186.04135172015,6624.990125764788,245.22714852737494,9838.050887245381
1930,6,22,1,9333.327236194355,12047.842340562695,12303.184903639589,8450.170039193197,419.0226764569328,6817.178773673969,797.7753858566828,9893.69070757974,20805.161521535378,12775.56824123899,26253.129799871658,30583.837179754264,6352.953515473575,245.22714852737494,10266.996939578832
1930,6,23,1,8326.308247595443,11465.33392428315,12148.514974275862,8450.170039193197,404.16947718070946,6083.657683570276,22.793752394614977,9441.549447475834,17737.95430167261,11034.679726395883,26989.534581031014,26077.986841312053,5731.35138411947,216.252250326901,9307.507674690461
1930,6,24,1,7697.707879228594,11379.451273164395,11179.057708062423,8450.170039193197,389.32788196640746,5422.880515587114,136.7672727315309,8497.603258877718,16468.217807033547,9564.040432158043,25920.8495937386,22860.386331176236,5088.424994399895,214.0162076778953,8494.375158093168
1930,6,25,1,6781.0739134088035,10726.929826081292,10663.79907770466,7080.624672765737,367.63989021070887,5890.230402128561,136.7672727315309,7191.0353589577135,14422.090351609755,8745.178669968462,25376.029796295534,20270.27840172962,4752.567925143425,193.95035898472221,7758.861450965724
1930,6,26,1,7363.333231422643,10013.730418969357,10626.054997927196,7080.624672765737,348.2262945941853,6482.795236582303,250.7300867497497,5381.3651389276365,12095.165960965332,8754.617521423494,25352.081673330922,21646.22598830085,4678.085336995363,190.61385555557874,7712.325688766376
1930,6,27,1,8001.022038543735,11540.947997549862,9797.070346665821,7080.624672765737,325.3895007069779,5694.537326391216,250.7300867497497,6125.887805959117,10947.906132371581,9263.984312221228,24617.173649856817,21133.647711545094,4652.191594694374,206.2193259803144,7343.591939431228
1930,6,28,1,7034.950960817149,8922.367294813535,9745.590653758305,7080.624672765737,304.8387070208668,5265.2289335488385,250.7300867497497,10720.979047970748,18806.64918466055,12695.420800814381,23826.885592027236,17179.68843804635,4483.577637475831,197.29856944343962,6997.415601543881
1930,6,29,1,5969.4064215568105,8729.784784751644,9835.853254327218,7080.624672765737,287.7227156673898,5593.888358735962,250.7300867497497,9193.375225132046,17936.350628959965,8871.526804356852,22714.79463186155,15564.840061718802,3722.1492976965965,190.61385555557874,6320.338023285077
1930,6,30,1,6808.439102626057,9134.92685633129,9067.697746927499,7080.624672765737,271.732318321579,5474.278270396829,45.58750478922989,7323.656912709065,16329.340377932305,7812.222720893447,27523.87707467732,15971.576216430509,3849.7902156271584,177.23272075026654,6427.263705895763
1930,7,1,1,7530.8201741855055,14335.868187201495,1878.893365807725,4769.323521937741,148.72926181524187,598.1219930944255,661.0200090347471,2063.124744976869,5853.749768722908,3685.954290106703,11525.483203988013,8646.242949769488,1485.097510638404,56.503978248309494,4076.1420103520873
1930,7,2,1,6464.976016065086,13168.05083340968,1371.7145078792416,3178.370530928145,144.94633762456436,567.6291719695321,0.0,1877.8229629299476,5664.347408272556,3138.00412406323,9771.283196835766,7574.818268621693,1418.1088761445344,56.503978248309494,3615.047206270232
1930,7,3,1,6995.401271291868,10435.67561794152,1288.1465758945326,3178.370530928145,154.41525216317945,564.1112281948194,781.8586588048883,1753.4288574206869,5708.126864493867,2863.9462440987804,8819.944012069647,7115.009849856681,1244.3923285313824,56.503978248309494,3211.145209166232
1930,7,4,1,5190.796877262838,12272.817546209717,1363.6347354497107,3178.370530928145,150.6323279725019,539.48562177205,824.5054947396551,1586.423937882033,4756.618078823702,2581.4430759905613,7966.642455689651,6598.953903376735,1240.9804471928776,56.503978248309494,3038.501083754993
1930,7,5,1,6223.083723058435,11063.925881012785,1720.8761021517719,3178.370530928145,146.8377997199031,594.604049319786,1400.2675196336543,1530.3053730076563,4528.330038225009,2463.374635860839,7312.11031991503,6341.455140746873,1187.6241064398332,35.45356836779766,2950.758081745591
1930,7,6,1,5592.086403811325,12321.359914232631,1767.854207562913,3178.370530928145,143.04327146730427,585.2308160760506,675.2356210130272,1548.602235515924,3461.7513827280836,2342.491099683302,7221.556479955561,6304.712804094513,1091.1166057228243,42.100819761015444,2850.404243414984
1930,7,7,1,5960.717474615621,11561.485153252423,1667.087902835712,3178.370530928145,137.36888518131687,535.9676779974104,1513.9924154598214,2688.656406837104,4443.81320280053,2369.3173090816085,6725.980010358088,6129.468490596029,995.73624437663,37.669709066525186,2872.073567797839
1930,7,8,1,560.6867600903222,10480.483957655153,1543.4673846652465,3178.370530928145,131.6828948333793,558.2559387257967,561.5107251868603,2688.656406837104,4323.585028464423,2331.396309376495,5982.390792309249,5935.777407255581,911.7186664165778,37.669709066525186,2694.811389649296
1930,7,9,1,562.3146892301359,9903.576583839527,2019.8276820411475,1569.0773873831026,125.9969044854417,612.2056934263045,554.4088671525544,1419.296220608477,3130.694044594533,2135.995524870196,5945.271201714351,5523.900349473175,928.7476098827603,37.669709066525186,2580.6033931066986
1930,7,10,1,5024.10891812647,9911.978147535405,1674.0134220608443,1569.0773873831026,121.26244721614859,547.7021074017317,604.1575611217003,1758.3407668188727,3269.1746810412096,1915.424469817366,5611.344562127555,5119.281037202298,825.431578101936,56.503978248309494,2582.2019498234786
1930,7,11,1,5053.471566410543,9891.440991833608,2314.046823793471,1569.0773873831026,117.46791896354976,517.2092862767652,611.2713150656014,1799.8464012335937,3893.726319341855,1817.061702023538,5238.801574260411,5488.367637072799,842.460521568072,55.396493250424015,2623.942041872486
1930,7,12,1,4274.5624032561,9468.562285784124,2170.919426471968,1569.0773873831026,112.73346169422778,574.6769847519856,682.3493749570014,1762.0246988674846,2649.781347250101,1701.808357941847,5385.783178955352,5745.715196670898,786.8346704603914,55.396493250424015,2976.8678414527926
1930,7,13,1,4548.414041334195,8757.696646365488,1828.5679261041055,1569.0773873831026,110.83851838032129,565.2918262751489,575.7263371651402,1722.975019151912,3269.1746810412096,1867.5678370018084,5179.529969923323,5522.690725221189,727.7817064011052,55.396493250424015,2699.429442386601
1930,7,14,1,4632.606941005748,9184.0293286009,1948.7256846621303,1569.0773873831026,108.9435750664148,569.9784428970166,433.5702173824134,1443.7329698645046,3269.1746810412096,1689.057628783372,5274.424407170258,5580.299080219487,695.9933298233764,55.396493250424015,2543.6589712079544
1930,7,15,1,4598.2506450544315,9659.931236645347,2145.756706620158,1569.0773873831026,104.20679698471433,640.3492436237866,639.7025390221613,1991.2880700282751,3269.1746810412096,1557.0296241333895,5719.709818542147,5147.556004091143,682.3762676956985,68.6909960368678,2583.8005065401817
1930,7,16,1,4346.470929666266,7864.423724028203,1136.974033739739,856.2862542722395,101.36496221694922,602.8205349494677,639.7025390221613,1824.160352754719,3269.1746810412096,1361.6950771812387,5093.466403019406,4993.026505907028,632.4165766680115,53.18035255169649,2392.6841701796475
1930,7,17,1,4076.0149720020363,8764.417897322037,1857.1934055686072,856.2862542722395,98.5231274491841,253.32772747635013,589.9419491434203,1265.6762541799046,3269.1746810412096,2140.1353719995836,4413.639062363808,5586.347201479032,658.5235615525995,15.510643485171308,2902.801380242422
1930,7,18,1,4298.332166152768,8528.987412409188,2149.1040409123857,856.2862542722395,92.83945791362501,199.3779727758423,589.9419491434203,1636.4026160086496,2201.5379117987763,1499.419511481108,5169.052666126367,5064.091930707971,722.1155463211115,12.187017788558308,2606.8907702269353
1930,7,19,1,4202.653876846322,8869.997547773306,2644.971217439576,856.2862542722395,91.89140605357714,201.72724370332685,604.1575611217003,820.6327031563932,2060.941047861085,1318.1438853801708,5516.45012488062,4957.493793506652,677.8372469864726,7.755438812882264,2255.3859099503734
1930,7,20,1,3867.5801183668477,8312.413770458805,2265.9144651781835,856.2862542722395,89.04957128581202,431.58611237103435,312.74346352194067,703.5696224239296,1908.17587584987,827.7044756579179,4977.61735817856,4546.826359976039,674.4253656480143,6.647485533814578,2229.276150243095
1930,7,21,1,3958.26476000605,8298.877917836908,1744.9999941196481,856.2862542722395,87.15462797187668,682.5645689198999,369.60591143498755,1194.9815981664094,2041.6304720051976,927.4747914757614,4717.92989978176,4095.636514005921,958.2664761058065,5.539649325042657,1994.8211651166966
1930,7,22,1,3741.740197149445,9239.479648997201,2068.9988685403687,856.2862542722395,84.31279320411156,664.9748500464827,355.3902994567075,1273.044118277239,2202.5960255442837,938.7186162790518,4529.488107204654,3684.9690804755005,684.6457780503348,8.863392091945306,1760.543797403334
1930,7,23,1,4541.023442786302,8476.150911829534,1842.303539234157,637.6627974243514,83.36590175025293,666.143522893711,398.03713539154757,873.0673359821579,1019.7835751006161,782.7291764444323,4605.2240460801,3262.054201394228,618.7842829271864,5.539649325042657,1851.4839128462966
1930,7,24,1,3457.3020260167013,10011.863404814718,2198.3906527320714,637.6627974243514,81.47095843634644,452.70570025226556,398.03713539154757,991.3461142906834,1230.6656445852964,685.7739566745119,3763.5971996451394,3105.105454706141,610.848612492603,15.510643485171308,1581.7185860205716
1930,7,25,1,4342.376138578878,10011.863404814718,2298.002704255126,637.6627974243514,79.5760151224111,708.3707734229989,426.4683593481075,1121.8187076802533,1425.2792152324232,768.686814981513,3812.690851722443,3063.524621046029,624.4656746202808,5.539649325042657,1336.5887943745008
1930,7,26,1,4109.472411373498,8340.885736318583,2030.100535558759,637.6627974243514,75.78728890078736,626.277468525009,405.1389934258534,1030.371234459342,1812.4165818791867,711.0601429407216,3263.5304569919135,3458.164533238456,515.4682511464085,5.539649325042657,1442.963863004915
1930,7,27,1,3584.7399144878705,7038.923415507686,2805.181562183609,637.6627974243514,71.05051081911574,691.9497273968099,561.5107251868603,1665.628476927961,1010.6044383581883,577.5583527127908,3457.959280310222,3215.483667694795,473.4594621663591,4.43169604597497,1603.299101696986
1930,7,28,1,3480.172932333515,7909.1387130338,2831.6139605597796,637.6627974243514,68.20867605132177,625.0968704446794,298.5278515436607,2068.0366543750547,1045.2444371024537,612.6973751468935,3503.9097412485394,2953.146408057375,423.49977113862565,24.374035577116615,1461.471597436848
1930,7,29,1,3275.832869784936,7164.760169537402,2655.2440709571874,637.6627974243514,66.31373273741528,603.9892077966227,334.0609335345265,0.0,1385.467685556764,583.1885448087452,3630.0864141178554,2624.5822206265707,431.4506731863564,34.346083369912186,1276.465300082639
1930,7,30,1,3339.5518140207146,7860.409643595576,1598.4098371854532,463.144092938304,65.36684128355665,691.9497273968099,270.09662758710067,1034.0183271875273,527.7210041624096,446.87165853278316,4042.742507950399,2519.1937076772374,405.3284566886211,40.993334763138186,1197.8518331000862
1930,7,31,1,3993.4200395842504,5782.982993611854,2690.6796443261046,463.144092938304,65.36684128355665,697.816942098934,255.8810156088207,1648.5595917692676,927.0663581482664,539.6207936191671,3949.195152620229,2357.4064639813996,362.19252833785066,44.316960459742965,1102.2581414371812
1930,8,1,1,4602.844800908233,8562.687017902259,647.9862063094448,1473.6202079225588,57.694235532415874,171.30597397718805,2.728445827059593,359.3430117984083,279.17008533679797,290.15360560328253,1954.6158612115576,1861.3093176583534,348.81917202006605,0.0,1141.7957775653344
1930,8,2,1,4010.6980605132685,6340.006666679657,627.6136372551714,1473.6202079225588,53.78250625427036,85.05672533184199,43.65560906933765,306.3557891653628,634.3524168686341,441.20834765980845,2447.79751851247,1861.3093176583534,333.55709567563247,1.6489351157722256,1241.2082436071923
1930,8,3,1,3655.1503465976307,10704.525656224856,392.87316311566883,405.86978526179547,52.80544423940477,27.82276142612547,0.0,332.85554036869695,11.795852035197836,441.20834765980845,2561.551102593925,1493.780109012392,318.27978771805135,0.0,1024.8347111216115
1930,8,4,1,3875.1704628210728,10110.815155015947,401.83016798043207,405.86978526179547,50.84899939723739,23.449778435700647,0.0,314.42360035190444,437.75488294849237,393.351714844251,1830.834000638603,1741.5565167171462,286.5675692059665,1.6489351157722256,1226.5903305193342
1930,8,5,1,4121.557038728553,10303.117612954491,733.5740814015364,405.86978526179547,50.84899939723739,16.692941341687238,6.82123352674503,315.57789906051516,753.6150624118535,393.351714844251,1887.71079267933,1950.3679032067434,275.99682970190713,2.4733441385104524,1181.2623667282892
1930,8,6,1,3582.1432177008887,8406.697985273437,954.4635170905223,405.86978526179547,48.893714961259256,18.680877705210033,10.913902267334413,330.54694295147556,48.4933529577607,384.3765262678309,835.849361769677,2093.859580091994,298.326374533197,4.946688277020905,1143.2522403517169
1930,8,7,1,3606.8118371774112,10073.47487192087,731.1270646085337,405.86978526179547,46.93727011909187,104.9289338271857,0.0,405.4044421800106,758.8659518740094,326.0543599091788,1491.1598115403401,1809.7490839197912,270.132658651416,3.2977531612486874,1247.0518564940412
1930,8,8,1,3157.1838012087055,7721.03703694396,712.3819925722635,405.86978526179547,44.981985683113734,79.09410876461418,30.013379934039687,400.7995271191906,342.07494750875975,330.5419541974968,1090.2981682676998,1946.2854213564597,237.2476059292143,4.946688277020905,1140.321553037633
1930,8,9,1,3387.6905775338246,8616.363674851194,730.3075448335342,405.86978526179547,43.026701247135605,60.414423582741556,0.0,475.6693061211276,470.5167297945952,367.9330534699596,1401.6087992299413,1666.4086100659192,252.50968227364785,3.2977531612486874,1236.8210935067261
1930,8,10,1,3715.873102232597,8369.35770217836,580.3354260108717,920.8745263933357,43.026701247135605,88.6331027488905,8.185456440274834,330.54694295147556,680.2216477374363,110.6779850342256,1997.2734552422028,1347.5970181664975,259.5619191473567,3.2977531612486874,959.0452213558594
1930,8,11,1,2516.5986784405504,9063.14016208113,536.3237513345746,920.8745263933357,40.09319439007378,72.73557445731733,8.185456440274834,459.5336837481546,566.1966652343278,321.56676562096874,1390.2334408216757,1839.0824720290523,224.33119800496783,12.366135341069745,1036.521936895309
1930,8,12,1,3663.0403099119367,9315.00037155664,733.5740814015364,920.8745263933357,38.1367495479064,83.06878896830253,8.185456440274834,428.4412972575127,671.0557374166767,321.56676562096874,1892.0513899667972,1805.6666020695077,226.67686642515494,10.717668506477189,979.5067473304894
1930,8,13,1,4123.254878935291,8905.564167421018,748.2446396268009,920.8745263933357,37.15852712682271,73.9280977707392,8.185456440274834,448.02753598280543,258.1929803316987,288.6632606367159,1592.1011498359126,1889.13067545268,198.483150543374,11.542194599510555,1127.1778644775534
1930,8,14,1,2530.680764862425,9532.974274123,824.8639673221334,920.8745263933357,38.1367495479064,170.11345066375713,8.185456440274834,410.0093572408307,364.36146827407526,269.2225385172012,1997.2734552422028,1666.4086100659192,190.2733110726492,9.893259483738657,1071.6191376991162
1930,8,15,1,2804.33265703341,8730.064836874993,828.9384811328871,920.8745263933357,38.1367495479064,194.35744962618472,24.556726198112656,424.99068090530335,289.6586378394419,352.97992563865495,1464.158302897793,1588.3878458163945,172.65033469488105,0.8244441438269569,1048.2269244103254
1930,8,16,1,3128.1207717847133,7335.965367527451,773.5112422670798,920.8745263933357,38.1367495479064,194.75098231962787,17.735611630463673,515.9715227334095,381.3970995772348,282.6687619934291,1442.8295058825702,1102.5876259378845,174.99600311506816,0.0,1017.5168737070616
1930,8,17,1,2985.602067358455,5655.932680381469,567.2923648033585,964.824602769953,40.09319439007378,177.66212323785905,17.735611630463673,405.4044421800106,347.3258369709157,194.44033997227558,1334.793536158765,948.0581277537688,147.98578357256537,0.0,912.2607947783549
1930,8,18,1,3151.8905346813817,7825.029725363175,435.25734077421487,964.824602769953,40.09319439007378,140.70582575401633,0.0,219.97986239807665,740.5209048110107,67.30397869046257,1685.947856703253,1478.4632419222592,180.8754057787067,0.0,811.3918659501146
1930,8,19,1,2584.3125408095793,7079.250921250034,647.9862063094448,964.824602769953,37.15852712682271,112.87829423463552,23.192265366390703,424.99068090530335,529.5065711081419,269.2225385172012,666.6858081789284,1561.9273153054316,159.73392677063455,0.0,956.1145340417756
1930,8,20,1,3153.5883748881192,8418.086771617349,676.519345517474,964.824602769953,36.181465111957124,98.5703995198798,15.006689967019843,375.46635439797944,205.77667066238087,8.973863825395,1125.8311957164958,1720.6904983714012,156.20019252718313,0.0,842.0841549121365
1930,8,21,1,3403.470504162826,10291.915528025891,761.2877008343141,964.824602769953,36.181465111957124,110.89155039448664,17.735611630463673,386.9847819367305,0.0,212.3741577367135,1394.4992002248005,1530.023475660821,150.3344983153633,1.6489351157722256,847.9455295403042
1930,8,22,1,3518.823765278551,9496.567498105243,764.5426948703204,964.824602769953,35.20324269087343,100.55714336010179,17.735611630463673,393.8860146412596,166.454518594103,203.41552854869562,2109.5302816384074,1552.2503212901222,146.81142620111976,5.77109729975914,883.0249686027925
1930,8,23,1,2672.3006127084395,7613.8704244614,709.1154560042611,964.824602769953,33.247958254895295,102.54507972364127,19.09888287122507,359.3430117984083,710.3646630632953,218.36865638000032,1484.0651801121076,1488.200717150312,151.50885568680891,4.946688277020905,757.2896019581369
1930,8,24,1,3191.4402242066617,8788.595730626601,483.343529261518,900.5014894806684,32.26973583381161,100.95425362349735,19.09888287122507,551.6811040582733,94.36655175314627,197.4210299054088,1455.626784091744,1140.1766995667317,137.415044068506,4.946688277020905,845.0148422262203
1930,8,25,1,3017.261793569429,6071.9034340583285,458.0769266212391,900.5014894806684,32.26973583381161,107.71109071751624,19.09888287122507,517.1258214419098,250.33648577115534,183.9582470406707,1582.072873344413,1503.5175842404446,151.50885568680891,6.595506322497367,786.5431898750184
1930,8,26,1,2894.0185691390084,8302.798647561498,876.2166923771867,900.5014894806684,30.314451397833473,146.26298439469957,19.09888287122507,509.05801025536806,32.765814772600066,125.63442474329715,1411.5622378370986,1432.5277609551906,152.68168989687916,7.4199153452356015,725.1408502097325
1930,8,27,1,3429.0379802195926,6409.832996067139,901.4832950174656,900.5014894806684,29.336228976749783,180.84616048478185,19.09888287122507,591.9833206704449,651.3880481716052,92.72926382020769,1485.4870999132156,1369.869224705212,156.20019252718313,4.122162183986914,726.597312996115
1930,8,28,1,3235.484196632772,8440.864344305171,848.503072944409,900.5014894806684,29.336228976749783,149.04156371507776,978.164959110671,595.4462167961666,116.64778194969973,14.956439708991718,1657.5094606826892,1333.6863392693342,155.02735831711288,2.4733441385104524,665.1949733308292
1930,8,29,1,3368.315224584626,9381.746127588813,761.2877008343141,900.5014894806684,29.336228976749783,111.28866065780906,978.164959110671,544.767591580232,252.9553172912108,158.5379297274419,946.7291710952985,1481.2453777017304,146.81142620111976,2.4733441385104524,586.2440332636783
1930,8,30,1,3355.1319947426064,6619.498685644897,786.554303474593,900.5014894806684,27.380944540787635,103.73760303707222,978.164959110671,578.1685754879848,70.77458315431419,127.12973752635199,1212.5533360017866,1367.087088925741,143.2868309255941,3.2977531612486874,440.04714064431573
1930,8,31,1,3426.34141047925,7308.33355803772,487.41804307227187,229.88165891601247,27.380944540787635,98.17209673316681,0.0,549.3725066410519,442.99254598898034,227.34384495652836,616.9335827200505,768.4591669483297,131.54173405013574,2.4733441385104524,548.2339068871062
1930,9,1,1,3893.3473403303346,11493.339136604267,274.08896587072445,690.1973909816612,27.393709008915657,106.08329639460439,126.34645591728987,342.37236482770294,244.45072806158183,0.0,955.2457223246391,744.4178849411461,183.7998754973785,6.243710083740148,803.0438475403747
1930,9,2,1,3547.3874299357412,10649.448738659941,324.0796721449453,690.1973909816612,27.393709008915657,111.45442139842314,89.8509948393761,303.39636375298306,60.08498904007081,0.0,724.9845200205641,800.6805329592186,174.9807715019673,13.528643377963345,777.3603696242121
1930,9,3,1,3752.426603157454,12084.249116580455,317.50042888095606,690.1973909816612,26.251869314554966,116.37835015965955,190.92934916418216,279.7086806802123,157.65894808436298,0.0,876.9952305379634,841.0819829736204,174.9807715019673,12.487888448659918,746.5437484731115
1930,9,4,1,3752.426603157454,9541.375837818876,371.01160742810157,690.1973909816612,25.110029620194275,119.9559201000255,98.27448843082911,274.35469943613543,122.22536403083862,0.0,829.3234982617679,653.5297427117354,162.47561713190976,14.568227604301986,624.982391033403
1930,9,5,1,3752.426603157454,10452.478745334038,414.4230704383331,690.1973909816612,25.110029620194275,118.16832765315998,140.3955251610897,279.7086806802123,46.21973104704753,0.0,912.0792306811043,513.5913370665612,166.8927849361891,12.487888448659918,691.7487765705421
1930,9,6,1,3752.426603157454,9383.613141743452,436.3538813181291,690.1973909816612,23.969350332027016,121.74470507020845,126.34645591728987,294.2356527252818,0.0,0.0,801.4389025850189,676.6184456204683,161.01338227255056,11.446899378766819,712.2991112516897
1930,9,7,1,3659.7445024514323,11472.801980901708,314.86873157551156,690.1973909816612,22.827510637666332,124.43980775858432,146.01039449474226,259.0786612076987,57.51774056497218,0.0,751.0730064750921,598.7035234931003,160.2670332297701,7.284347942746128,743.1157324027132
1930,9,8,1,3266.4448121706123,10044.536152522433,308.7281045291385,539.3993536600144,22.827510637666332,140.9920313492544,146.01039449474226,262.1363248081769,44.16566773853224,0.0,778.9426345751326,760.2942032477622,147.0399003979121,9.36562366075785,678.0544740301909
1930,9,9,1,2966.8259521290297,11330.908905141481,325.3955207977935,539.3993536600144,22.827510637666332,25.065647525426776,146.01039449474226,294.2356527252818,159.20643943720432,0.0,823.0221484066864,556.8656446794532,147.7755873115313,7.284347942746128,594.1480081409835
1930,9,10,1,3096.9604103405413,10577.568693701745,384.5971676414479,539.3993536600144,21.686831349499073,37.151871307252705,84.23493591474939,318.6846817548217,164.85412155398475,0.0,811.3324708847422,673.7304677190325,141.8931383252819,9.36562366075785,640.3818207382938
1930,9,11,1,3448.8128249822325,10865.08887353224,459.58899831877716,539.3993536600144,21.686831349499073,120.40907895912193,87.04237058157568,335.4956916701984,83.70870105126887,0.0,786.1420390413244,813.6688733642068,151.45097555696975,8.324985801749257,607.8600724226535
1930,9,12,1,3985.030711503142,10132.285817795826,378.01792437745877,539.3993536600144,21.686831349499073,160.23935762837345,81.42750124784999,318.6846817548217,46.73291621363088,0.0,696.2018697327047,812.217324262016,148.50975106382177,7.284347942746128,741.4106052381736
1930,9,13,1,3397.577999915339,9828.896017649373,305.230717320206,539.3993536600144,21.686831349499073,114.58718014284166,182.5070451637033,288.88167148131544,92.43946209409506,0.0,740.2664159873499,688.1552369232659,163.20673456158937,10.406261519758225,602.7091674463967
1930,9,14,1,3857.8924418920537,10767.07063040833,239.43828468064532,539.3993536600144,22.827510637666332,94.44546137863114,106.69798202228213,323.2773170421294,26.70414565287986,0.0,796.9336619521582,569.8539850844414,158.0736809407313,8.324985801749257,371.55786620131806
1930,9,15,1,4455.13270290801,11097.532135798583,326.2727532330256,651.2963806944615,22.827510637666332,93.102680127713,123.5390212504636,304.93133543992303,157.14311763341567,0.0,888.6849080601074,949.2828723088924,154.38763056613158,8.324985801749257,277.38511384223483
1930,9,16,1,3530.6087737735247,11495.206150758906,170.1484648321149,651.2963806944615,22.827510637666332,91.31151011089513,131.97322116061085,324.0386629988985,80.11375960082165,0.0,857.2080939385168,594.3791167924194,137.4820631662243,6.243710083740148,880.0942812887085
1930,9,17,1,2714.5468719744513,10990.17882190071,188.13172975365592,651.2963806944615,22.827510637666332,140.9920313492544,89.8509948393761,316.388364111223,25.164590153129996,0.0,856.3100393274063,535.2284908729112,135.27652558674208,9.36562366075785,635.2486775032788
1930,9,18,1,3310.7884034568037,10140.687381491705,344.25601815452876,651.2963806944615,22.827510637666332,104.29212637778652,101.08192309765539,318.6846817548217,0.0,0.0,646.7190606571799,598.7035234931003,125.71868835505424,6.243710083740148,585.5868488356473
1930,9,19,1,3179.755088665049,6599.241582065685,418.37061639662585,651.2963806944615,23.969350332027016,215.298159010383,19.654421849790126,252.2019880503046,0.0,0.0,854.498962528277,558.3171937816439,123.51315077552545,7.284347942746128,544.5039412145939
1930,9,20,1,3885.457377016029,7350.248025811358,321.8865910571168,651.2963806944615,22.827510637666332,188.8956928506052,143.202959827916,259.84000716446775,159.20643943720432,0.0,761.8646293861258,398.1780631291727,119.83776253008699,7.284347942746128,511.9644311577117
1930,9,21,1,2297.5772917503236,12515.529386326578,314.43011535789543,651.2963806944615,23.969350332027016,206.79546778553632,106.69798202228213,291.17798912491406,0.0,0.0,737.5722521538186,258.2396574839985,122.77746386190626,3.121913577017948,429.78085417436284
1930,9,22,1,2598.1948813251215,13221.260736819955,211.81700550397815,744.124068405981,25.110029620194275,145.47591900788635,33.693974365903344,324.0386629988985,223.39426452553178,0.0,819.4299299620446,425.5911727385864,117.63222495060475,7.284347942746128,761.9609399193214
1930,9,23,1,2568.632487134327,13315.544951633823,243.3858306390323,744.124068405981,25.110029620194275,91.75989887679488,84.23493591474939,330.1539901996339,0.0,0.0,829.3234982617679,429.9155794392673,113.9553135438376,6.243710083740148,542.7810523088123
1930,9,24,1,3728.7567132141467,15271.242278728492,243.3858306390323,744.124068405981,23.969350332027016,122.63909755529995,70.1953833986451,307.9889990402908,168.43848186697653,0.0,835.609880539941,435.6915352421388,111.01561221201833,9.36562366075785,611.2703267517329
1930,9,25,1,1616.443749922895,10452.478745334038,361.8006668584159,744.124068405981,21.686831349499073,69.82701009581035,81.42750124784999,271.30931560928,116.06185146311105,0.0,798.7447387514876,369.3285247207061,98.5165504872291,4.162551436023936,513.6695583222513
1930,9,26,1,3275.3335050185224,2232.5755262424973,359.6075857705875,744.124068405981,21.686831349499073,59.08476008824368,89.8509948393761,255.25965165067234,146.87941430174922,0.0,715.9890063321512,255.35167958256272,494.7837205318745,5.203072224734161,590.7377538119041
1930,9,27,1,2666.208362554232,3621.727408080092,262.24632799559436,744.124068405981,20.544991655138382,75.1981350995852,103.88935776448169,270.53568987899865,0.0,0.0,723.1884107983432,212.07737196967065,105.86885013938812,4.162551436023936,4403.846137290062
1930,9,28,1,2590.3049180104263,7089.61284980935,199.97436762881702,744.124068405981,20.544991655138382,81.46484511173975,33.693974365903344,283.5276902372386,145.33192294890765,0.0,751.9710610864025,281.3283603927313,100.7220880667579,3.121913577017948,561.6262598253433
1930,9,29,1,2252.234970930528,11954.491632825384,145.15888296103913,1418.8207160100792,20.544991655138382,104.29212637778652,216.20815707536025,238.4363619617833,170.50180367076518,0.0,795.1375527299374,314.50230550187877,93.36978841459889,3.121913577017948,503.4032718522984
1930,9,30,1,2876.1413104898274,12270.950532055078,154.36982353060884,1418.8207160100792,21.686831349499073,104.29212637778652,216.20815707536025,318.6846817548217,0.0,0.0,642.2287876012276,223.61416327246815,80.87224985109178,5.203072224734161,484.57582607700937
1930,10,1,1,3137.309083492705,26446.255501949192,1123.8617173397454,340.14353982072805,38.1750429522958,387.6058525709408,127.57173460662757,856.0107305969769,0.0,486.48171586658566,3861.784503799747,836.062042328216,285.71459887134034,28.425838513357508,895.2805700980031
1930,10,2,1,4257.18450937372,18991.267982055844,1064.7754958165558,609.7879752275551,38.1750429522958,376.6465633203313,127.57173460662757,173.52547926463276,410.5745861102051,393.2689179017,2202.9279612000923,992.3152550713871,267.61944248688656,26.345499357707222,906.2218027372288
1930,10,3,1,5499.104684245221,6577.1174643318345,1058.2077950845628,609.7879752275551,40.420428936624255,424.09706596251254,127.57173460662757,388.9863850164755,125.283312755428,393.2689179017,1333.9852870087057,970.9502667215178,241.7561634121919,25.652443206809313,552.2125369376987
1930,10,4,1,4133.541793130247,5803.33344789834,1201.5775855789918,609.7879752275551,60.63006320185619,410.95545904835,0.0,357.5378850945289,0.0,393.2689179017,986.8572446378063,860.1033243352073,232.70858521998835,180.95555615541525,1109.8779284538455
1930,10,5,1,4161.8058389273565,17120.51979900261,1112.9193969640914,609.7879752275551,129.11839714582507,302.92477208278024,53.1544928891279,1468.6609100603619,414.30443706319414,354.61930510192144,1451.9148250322341,691.8143502853064,227.54506837288199,167.7851478824748,837.8746222246286
1930,10,6,1,4711.206955289896,18429.296721478095,983.793091009307,609.7879752275551,122.38804122378593,267.16099791236843,58.47077489171304,357.5378850945289,0.0,273.92540485615194,579.649348779559,631.7262655706774,235.29795945006867,97.75720906802823,837.8746222246286
1930,10,7,1,4977.967613680179,22217.468441453602,915.9460876660441,609.7879752275551,94.31433418549507,310.95045398232764,47.839400477503254,215.46090575173233,214.5986940158129,384.1778136056004,467.2877493453953,845.4063896743012,224.95569414280166,79.73072492698435,784.5716365910026
1930,10,8,1,4451.5372765874245,24343.997563706933,628.1330511972642,609.7879752275551,78.59431148275966,321.17037877860264,58.47077489171304,545.0500263706837,121.56139765551704,202.32260890658998,383.84350839086756,750.5869686261773,206.86053775834796,71.41053900736443,796.8805233100929
1930,10,9,1,3154.986596235165,24864.89451288109,660.9715548567256,937.5132430908698,72.98142672500428,361.3226387424695,318.9293365166786,288.83255238726616,0.0,263.6917027524162,764.3342795668295,861.4339110122955,209.43468037532742,63.09152379069286,807.8039942080768
1930,10,10,1,4847.233917748505,2755.33948957053,871.0802656185069,937.5132430908698,108.90992328681125,362.0500779637026,637.8586730333571,532.2422226149074,399.4114860947625,263.6917027524162,517.3542939181519,861.4339110122955,205.5658506433311,56.15862087581711,749.0303922547607
1930,10,11,1,4170.694531775267,4622.446995022523,1013.3419730370256,937.5132430908698,154.94903901216597,337.9611070319589,63.78586730333769,536.8962567696663,240.64151857764202,263.6917027524162,493.9899064507722,806.6832933093493,205.5658506433311,54.07828172016682,749.0303922547607
1930,10,12,1,3366.91700323758,13076.567139827006,1029.7554536007583,937.5132430908698,116.77167524746282,66.42474108253462,100.99389336659182,546.2166048526962,0.0,263.6917027524162,671.9992979616486,683.8005896163093,205.5658506433311,50.611830262728944,749.0303922547607
1930,10,13,1,4054.042922265856,11146.074503821497,880.9260454504985,937.5132430908698,88.70028902157931,33.57787893684007,0.0,340.07604718399386,862.0981741727161,97.7500704187088,823.306532366948,352.59034913465825,197.79772795304356,47.14537880529107,713.489147918596
1930,10,14,1,5645.718179758867,18503.043780590167,838.2417619587936,937.5132430908698,77.47219869369006,306.57389342197393,0.0,288.83255238726616,3331.7356562458435,322.80871975977425,441.69319292704796,666.4424816012267,205.5658506433311,41.59858819221112,790.0422529106154
1930,10,15,1,3644.264194682512,19435.617350885208,821.828281395061,937.5132430908698,70.73488033448659,48.90657360793928,69.10095971496234,507.78091381185516,812.4726395072116,271.6567686292816,372.7076312123382,697.1669376001271,204.27116352826764,43.67892734785319,628.7478801884762
1930,10,16,1,3352.834916815706,17113.98524946061,876.5514258065857,1428.874655050507,67.36738156105967,35.03752747250404,69.10095971496234,427.4220760574269,601.6037964443877,213.68234942955982,460.6122100690011,598.3255159142706,224.95569414280166,40.90553204131321,768.1775493734058
1930,10,17,1,4907.257562710338,19152.76470644131,751.7997394959658,1428.874655050507,61.7533363971439,119.70549020416478,21.26155923745902,552.037217489578,767.8202394456299,213.68234942955982,562.9605005887734,718.5319259499965,213.3187417204712,38.82519288567114,803.7010319683287
1930,10,18,1,2186.9180594413715,19079.017647329238,1075.7178161924614,1428.874655050507,60.63006320185619,134.313900793968,122.2542630130764,505.44775684771963,146.36358385080192,213.68234942955982,665.3237586852542,622.3667979214542,213.3187417204712,40.21247589041531,774.9980580316414
1930,10,19,1,4488.590142279083,19492.56128260476,1040.6977739766642,1428.874655050507,59.507950412786585,0.0,47.839400477503254,343.5635028567401,1189.5711519931342,0.0,433.9100529636242,601.0018095717771,202.97647641320418,38.82519288567114,779.1010202713896
1930,10,20,1,1473.2259348231137,18785.89642503406,699.2696761725215,1428.874655050507,59.507950412786585,439.42099054037436,0.0,371.5245471059405,0.0,155.71786586292254,367.1546601998821,474.12734584728014,197.79772795304356,39.51824903656083,781.8363284311961
1930,10,21,1,4988.554146734828,17338.960455107634,633.604211385091,1428.874655050507,59.507950412786585,184.6741603210085,90.36370854331297,399.4733115816285,843.488598673152,223.9160515334036,453.9366707926069,713.1944589383136,199.0924150680604,39.51824903656083,751.7657004145672
1930,10,22,1,3965.7552315069147,17588.20684476573,618.2872713652725,1428.874655050507,58.38467721752773,53.285519214931405,0.0,429.7552330215625,511.05571267029075,146.62510562799358,497.32767608896927,739.8969142996737,192.63421110593717,38.13213673477324,758.6039708141218
1930,10,23,1,4801.292359208936,20343.919737168406,474.92902340283973,2563.6439724573047,59.507950412786585,57.66565734523695,100.99389336659182,606.7804477324538,499.8926126550367,127.30195516698775,686.4579772014665,630.3805585904514,196.51827245108095,39.51824903656083,792.7775610704218
1930,10,24,1,19924.654192748905,23784.826824361142,747.4135773198052,2563.6439724573047,59.507950412786585,38.68664881166414,0.0,698.7805107606457,34.73126105492685,127.30195516698775,560.7452992145144,705.1806982693165,193.92889822100062,33.27840227258298,699.8303688608057
1930,10,25,1,11261.67421942022,15280.577349502453,654.4038541249844,2563.6439724573047,56.13929123319928,68.61421388603068,260.4609408068794,738.3827802836098,400.65476974588455,127.30195516698775,816.6309930905537,924.2134096875687,193.92889822100062,37.43908058387534,699.8303688608057
1930,10,26,1,4810.181052056846,20965.63545069767,899.5326071023115,2563.6439724573047,55.01601803794043,264.2393157944078,621.918154162299,809.421269955008,582.9942209448237,130.71153326266491,906.7507733214757,845.4063896743012,228.83975548794544,37.43908058387534,718.9597642382089
1930,10,27,1,3412.8585617775384,20424.20134582172,405.9970220476588,2563.6439724573047,55.01601803794043,208.7631312526791,372.0802606329266,364.53735598704606,632.6197556101395,326.21995379438886,599.6759666087416,635.7180256021343,248.22959898741604,37.43908058387534,836.5069681447641
1930,10,28,1,3356.3304701829315,17894.397166144143,434.44936353121136,2563.6439724573047,55.01601803794043,154.753750386518,1265.1299865180663,525.2550314959026,556.951396382806,175.03273662978128,443.92336187821553,721.2082196073108,222.36631991272134,39.51824903656083,791.40990699048
1930,10,29,1,6228.57673549248,19216.243187702865,541.6910287341844,2563.6439724573047,55.01601803794043,113.8716661547831,930.2125474918752,246.89712590027705,274.13081862378124,205.73384294120459,755.4435389161763,1104.5079044379238,201.6817892981873,35.358741428233266,758.6039708141218
1930,10,30,1,4516.854188076192,19438.417872117163,461.8051644708498,3200.025168861234,49.4019728739958,116.06113895824083,478.3940047750179,595.1269426852882,971.2558334461887,218.23618127191867,461.71981075623063,960.2602123952064,215.9081159505981,35.358741428233266,757.23631673418
1930,10,31,1,5716.328357775348,25309.243881709688,641.2684526609983,3200.025168861234,52.77063205358311,86.86339815171364,207.31001669063141,380.83261541556857,0.0,218.23618127191867,520.692063556349,944.23269105702,261.1460069116625,33.27840227258298,776.3657121115831
1930,11,1,1,3775.896747194041,10745.599967629212,1359.825699875875,287.65313940205357,79.72802833377945,365.2460404437268,99.33084520381144,395.8139390800412,832.9868197486514,508.42290565222163,577.3144067906318,720.9965353631892,76.15806559101968,42.60188062687141,645.2662995950745
1930,11,2,1,3301.8997106088937,6320.683070177765,2074.7701345616065,287.65313940205357,82.00590569152222,366.9036478494287,83.81025194180299,251.66167801642575,72.28900845260786,508.42290565222163,874.12145578233,617.3619775789954,70.8605105485233,41.48151789644723,590.9331329661816
1930,11,3,1,3182.651404312112,6670.281470653836,1771.43239249607,287.65313940205357,88.83953776477938,301.4818188734885,49.66542260190879,207.67552935564237,1105.4511092232208,710.9111084440217,1081.3026545792868,1607.8930368787758,66.22400751533077,38.11808829927796,554.7347042019858
1930,11,4,1,3111.5418615292174,8319.041670708082,1053.1521660501078,228.88731329671955,86.56166040703661,386.7830114846771,93.12236998078397,228.45290610997228,395.9197107346257,634.8041588177396,718.1443373989762,1418.314675995079,63.57522999408257,39.23845102970214,748.959345289562
1930,11,5,1,3243.2742869941067,8893.14852329175,1641.6943323432238,228.88731329671955,83.14426416729897,372.6993111527981,55.873897824887464,285.86084720137416,1047.6251930300339,568.7321986329626,696.0372263873111,1419.7964657035452,67.54915785659593,43.72341406024396,910.27147975302
1930,11,6,1,3303.9970426290733,11038.721189923624,2021.789912488298,228.88731329671955,82.00590569152222,323.00686468133745,139.68177058478787,375.0488420991132,462.6470088121953,472.50559195781517,634.3408745998444,1637.3776280196068,67.54915785659593,42.60188062687141,722.6186829454454
1930,11,7,1,4161.905711880717,18460.10245503117,1653.0060137442651,228.88731329671955,100.22892455355095,338.74817241884523,139.68177058478787,318.8565985837731,462.6470088121953,452.40249429756824,990.5093333898822,1436.0810321952665,67.54915785659593,44.84494749362472,844.4287047633883
1930,11,8,1,4141.032264631112,11149.808532130775,1153.5029396239368,228.88731329671955,135.5354433956424,360.28514345979556,99.33084520381144,427.58171311286605,462.6470088121953,461.0133763266557,1923.9323286633175,1310.2347490849095,59.60130213152263,49.32873982120996,729.2082889668428
1930,11,9,1,3182.651404312112,11161.944124136695,1419.616015853851,228.88731329671955,158.31421697318552,346.20144312791655,117.95508128177339,667.0250165013332,1060.9706526453972,535.6962185405201,3859.5393672718706,1422.7600451208623,66.88658268596335,51.57180668796326,699.5817044826484
1930,11,10,1,3162.776686596111,14641.125001502589,1380.140556269916,228.88731329671955,120.72866036713322,354.4894801564261,121.06467205259769,972.4352631076841,431.5120118499232,584.5298552786118,1198.8580031813026,1483.452941961388,64.23780516471516,85.2049319566994,760.4867153916198
1930,11,11,1,5578.503682156253,11877.010545404033,1224.5472243427214,642.0489664342406,120.72866036713322,376.01452596420194,105.53932042676576,670.6843890030309,431.5120118499232,738.2009807208304,1052.1907176004404,1560.4152849904974,62.25160281409954,130.05339155920205,1061.725847796399
1930,11,12,1,4287.4460142380385,9206.806901288723,1601.1800448753552,642.0489664342406,119.59146229757455,360.28514345979556,127.26244095693087,643.8162445948798,1657.1383897222029,789.9159510609941,719.3118083934398,1444.9717704470256,58.94025012221878,100.90054650917321,956.3631984199329
1930,11,13,1,4408.791652554611,8332.670874038016,2101.7796595398495,642.0489664342406,113.8961887000653,383.4677966732733,90.01872716475732,762.3160588262954,1038.723811145651,619.0065021719822,819.414962385136,1394.6362812633947,58.94025012221878,110.99083530068104,902.0477935323589
1930,11,14,1,3949.4759401114998,7691.7249147141365,1708.294742225867,642.0489664342406,103.64632079328858,385.1254040789752,93.12236998078397,665.7970391517591,1038.723811145651,570.1728654339986,501.65330579952786,1496.7890493389302,55.6288974302914,159.20389520330951,819.7398843599314
1930,11,15,1,3896.1437830240375,7857.982525194238,1128.698038265518,642.0489664342406,99.09056607777418,356.1351623289535,158.3107650265733,790.4121805840207,1038.723811145651,531.3907775260303,573.8269613839497,1471.613744595642,57.61509978090701,103.14244267296995,862.5456808867664
1930,11,16,1,3298.8036490551094,9287.368562066144,1173.760083357745,642.0489664342406,96.81268872003143,323.00686468133745,173.83492706143107,604.7174457852576,424.83266883121917,455.26726851113,635.5083455943079,1373.9063456460824,56.95252461027443,90.81025771766541,717.6809188647849
1930,11,17,1,4622.220153857432,12529.531992487135,1353.1310312914209,642.0489664342406,99.09056607777418,341.22862091081083,772.9248306913005,719.557887515086,457.09191164809283,502.6767978366959,730.9565831848585,1305.804500262264,1197.3418756092196,79.5996061957334,696.2957823426478
1930,11,18,1,4428.666370271,9181.04210595363,1547.0455695981518,1318.3918084526154,116.179868088812,323.00686468133745,772.9248306913005,770.8627811791545,1101.0070314920517,465.33537672976365,600.5889887967605,1339.8554229541733,1197.3418756092196,76.23617659856413,946.4876702585349
1930,11,19,1,3923.4090992879314,8012.197894375696,1429.7734440507454,1318.3918084526154,128.700650916196,380.164507095044,689.1062516127515,596.1707234323987,450.4125686295773,453.84316109860424,658.7829276006366,1153.3011227001523,300.0018519762011,90.81025771766541,826.3294903813288
1930,11,20,1,4121.057673961751,11325.3078626768,1446.625540832094,1318.3918084526154,108.20207550880299,347.0242842141803,527.6906541791774,656.0223394494365,1052.0692707612027,489.7439154045004,898.5635087829222,1206.600191300908,318.5387251410921,147.98856086955124,852.6701527254454
1930,11,21,1,3970.4492603144654,19165.83380552455,1625.9964887660217,1318.3918084526154,102.50680191129372,361.94275086549743,651.8601586387027,654.8066418733747,1052.0692707612027,280.05237860762844,883.4312885848215,1205.1184015922495,845.0194325719506,112.111198031097,849.3664688441258
1930,11,22,1,6627.868802974147,14411.48226046897,1188.4190990510135,1318.3918084526154,112.75783022428853,391.7558337017829,2076.6689397880427,767.2034086775673,1052.0692707612027,272.8821633795769,869.4665393809842,1181.4400068607574,2676.8036893939247,93.05215388146213,773.6481656930188
1930,11,23,1,15979.672535537846,44320.115512390774,1556.0487445908996,1318.3918084526154,158.31421697318552,476.2341852266346,1514.8251291322222,665.7970391517591,425.9436882641528,369.1087700546163,694.8697553926476,796.5073292899157,845.0194325719506,91.93179115103794,829.6154125213295
1930,11,24,1,11154.810159338964,26972.7534935865,1789.4387424815657,1318.3918084526154,238.0457265255616,368.5612552551306,695.3159164266799,651.1349895981647,437.06710901402573,288.67982002522615,719.3118083934398,860.1638055479507,495.36252183035924,79.5996061957334,735.7978949881632
1930,11,25,1,7017.073702167968,22365.896066755828,1337.3177623937538,8166.229123436503,273.35688699241,358.62753605409364,350.76279062026765,864.925846154653,1055.4155554814831,292.9852610398239,827.5573241931639,829.0764622731664,370.18912522493054,79.5996061957334,786.8273777357364
1930,11,26,1,6648.842123177113,24861.160484571046,1248.2094150289893,8166.229123436503,171.98380193210724,433.16024314480705,350.76279062026765,620.5951929149139,1055.4155554814831,350.42977980689506,753.0636941965236,957.8863248006483,370.18912522493054,243.28378161776666,801.6406699778722
1930,11,27,1,8386.631511416968,23641.066734446278,1114.039022571998,8166.229123436503,150.34222642415162,433.99500946417214,232.80295097467078,722.0015624406116,1055.4155554814831,647.7204818613168,794.9729093845438,1137.0165562084308,253.636821644369,326.23979319292994,775.3000076337556
1930,11,28,1,7339.363722619254,20449.406036910874,764.496524742084,8166.229123436503,189.06498109976258,413.29280474266005,211.0810200354798,731.7639823695323,1055.4155554814831,610.3790607543846,803.1152711923718,1104.4474232253726,225.82389609052873,170.4075225074939,734.1460530475033
1930,11,29,1,8137.548365769146,26702.969948226608,942.6439642793842,8166.229123436503,169.7094057929322,383.4677966732733,273.1657722652425,684.1307409805637,1055.4155554814831,384.9064267003736,803.1152711923718,879.411951456797,207.28702292568437,141.2570188633782,780.2377717144161
1930,11,30,1,23630.93949146046,66270.60092971644,1358.6714466717283,8166.229123436503,256.2641037628045,368.5612552551306,186.24236077969275,653.5786645238005,1054.3045360485494,353.31111340896706,796.1254128020988,929.7474406402354,186.75480844234522,137.89710137508683,681.4824901005892
1930,12,1,1,2150.2646855631538,5026.09545527815,6994.658992172365,12588.415541363922,18.46554375646524,646.0972059946041,67.64371078831947,812.4666537819738,2361.577615810543,508.02548032786865,1511.7252621362288,717.1862189695782,354.0436153196224,79.05171721158173,417.7561553159905
1930,12,2,1,2547.0599292111997,4065.2366205394087,4932.239366895734,8874.203204435897,19.61898751276049,1283.989851592701,53.4031173998776,625.3474652576608,6831.446869594948,3274.453485447273,1822.0031302953835,823.4214688953973,412.79194711656544,101.63808937246189,571.0755061956256
1930,12,3,1,3523.517794086102,6307.987373925912,6862.0352990089,8874.203204435897,23.08163959403319,1345.881811560754,45.570850515782524,819.3556067128802,5389.370098652218,1664.2185460071537,1757.4928740597175,735.2398609297687,412.79194711656544,376.77903987229394,411.6283545684238
1930,12,4,1,4082.6065869230465,11270.230945111885,7814.525043120276,8874.203204435897,23.08163959403319,1142.6400632493076,69.06765116806763,894.2008261679031,2405.489336250232,886.7386957227249,1008.27584711428,749.1354195237943,412.79194711656544,376.77903987229394,317.34903176150374
1930,12,5,1,4568.388632003555,8704.860145785835,4945.85955470532,8874.203204435897,27.697735431601135,1102.9171116782613,105.38229442000566,828.2216031766176,1657.0061255040143,728.1659912793251,955.6049441690433,1683.6457556560915,418.8236659113523,134.4903557684834,424.6654726807439
1930,12,6,1,12757.771060560146,7322.616216320864,4046.6963086283963,8874.203204435897,26.544291675305885,1070.2061971902913,123.89589853861453,794.7346608543891,2039.7787729503711,675.8383235640678,1008.27584711428,1550.2846818806693,352.535685620914,101.63808937246189,532.7456684756976
1930,12,7,1,8925.545967677832,16651.89924616141,3070.4289485102877,8874.203204435897,23.08163959403319,1052.6761044826005,140.27656606506378,886.3172115838252,1664.6774501591317,632.7176758644814,870.7238158366989,1106.6852280913058,354.0436153196224,93.42560812492864,453.79472840854675
1930,12,8,1,6561.253543091694,29587.506817305508,3445.792090518309,8874.203204435897,21.927035431544482,1052.6761044826005,135.99403860717953,970.0284275024746,1286.1769369603742,668.1382079033656,1549.742907342437,888.6806972871933,349.5198262234974,96.5057276063613,442.2851200478077
1930,12,9,1,7156.496345040442,64894.611497670114,2909.4106265235023,2247.3315826475655,23.08163959403319,633.2418046756065,129.5940392395072,814.431417541182,908.536141179653,554.2096149031393,1576.08584260341,1327.4718946750818,361.5680322000168,97.53126339721287,635.4618183988752
1930,12,10,1,10066.194967855481,62305.99637211759,2904.9090390268766,2247.3315826475655,35.7764833504386,720.8684177479307,170.88474147931518,772.0784787552162,1289.5629009460356,523.4257116490569,1734.1434541692463,6318.623482991676,335.96369054831615,98.55796989102924,1133.7141852749937
1930,12,11,1,7847.517309249386,33344.872803727936,3115.791099435673,2247.3315826475655,135.02486467052736,684.6514847184224,126.0252663579248,851.8478873819373,529.2023634061954,443.37762755561755,2262.3492413058657,5736.189405686967,335.96369054831615,98.55796989102924,4294.966663136679
1930,12,12,1,6975.7262994821995,28681.071445177713,3312.0141441506976,2247.3315826475655,95.78921045739399,683.4828118712674,101.82184867509612,885.3348297041658,910.2291231725779,418.7372574415219,2360.5365454604735,3311.0439835974407,335.96369054831615,61.598877519758744,2401.56504082834
1930,12,13,1,6392.1686330750645,27853.984174625904,2737.080623135424,2247.3315826475655,85.40241461976686,671.7960833994248,73.33947230730564,757.3181910136337,911.9221051653145,615.7939807995981,1302.4336350029726,2386.286242996334,335.96369054831615,63.65229050738325,1663.387072506287
1930,12,14,1,10884.154455768401,20222.563817109978,2896.9446919180623,2247.3315826475655,109.6374979700944,677.6394476353461,149.53158373794352,900.1073972192606,912.7685961618712,535.7458967061588,2407.2353852412157,2071.027922336796,290.7714944265543,86.23866266825519,1234.8850637052713
1930,12,15,1,12486.116627455982,15977.90713629919,3202.013813789819,2247.3315826475655,76.16906253843439,670.6274105522698,401.59401236353466,708.0762992967616,914.4615781546077,564.9897768280359,1728.3060991967284,1834.2439750214937,298.29591130694865,106.77162184151084,1056.290754959424
1930,12,16,1,8397.81728219178,14454.423586027964,3143.031475054847,4034.281143521985,53.08742294440151,300.2654450937817,249.92116489661242,919.8041539059432,531.7418363954886,529.5858041775539,1406.323585938521,1698.1612466791516,232.00793101651044,80.07842370538988,887.6430213400969
1930,12,17,1,7654.962255196169,12500.5932730887,3492.1930693273766,4034.281143521985,47.317883350549664,257.03647498119716,306.1769214198613,855.7896946739762,1300.5672838995768,534.2058735739536,2205.322773496453,1582.9445366827467,232.00793101651044,80.07842370538988,778.035315793562
1930,12,18,1,21633.48042451813,11025.652090840385,3755.247374565975,4034.281143521985,50.779375025622926,257.03647498119716,3080.326833182753,761.2477185322708,2071.125392661783,581.9300312813214,3171.180507810024,1548.3190424712166,232.00793101651044,80.07842370538988,774.9625345490806
1930,12,19,1,36145.02054585386,9767.284550543218,3238.257364401992,4034.281143521985,48.471327106844335,258.20514782835215,2292.1038627390517,800.6412319057465,1303.9532478852382,526.5057579133594,2805.3729295267076,1466.321638493565,232.00793101651044,67.75911648262405,684.5197478624326
1930,12,20,1,26093.806521000104,11193.683364767854,3653.211391314162,4034.281143521985,75.01561878213973,269.8918763001947,1254.6615860654442,819.3556067128802,1008.4485316016039,834.3944686189574,1988.7419364359541,1412.1607126133777,232.00793101651044,71.86594245786485,640.8258642707284
1930,12,21,1,18447.533212745126,10464.614337339955,3851.627517117267,4034.281143521985,3436.8910637779695,273.39789484173286,571.0512446902461,755.3411474809134,1301.413774895945,722.0224581393384,1984.401339148687,1491.315499599007,232.00793101651044,71.86594245786485,715.9402682176072
1930,12,22,1,14986.935379267528,9312.946655985925,3726.9681710631194,4034.281143521985,1777.2781258971775,280.3980066917078,534.0311739987271,794.7346608543891,2858.4942835563406,757.4264307897125,2310.694514540544,2927.7442987668273,348.011896524789,101.63808937246189,1166.6799771230685
1930,12,23,1,13261.130745429367,10817.480012586646,3607.8492403887767,4616.083813706384,809.0119899536344,276.89198815016965,388.0564672327707,657.8520257002301,4427.544703962977,686.6019261003461,2117.612773139001,2052.2787464318817,340.4874796443946,103.69150236007819,917.5537936850094
1930,12,24,1,10291.907842419689,9143.048367904583,3302.8955438374846,4616.083813706384,657.8226670082456,272.22922199457787,280.54123622053226,685.4201171975888,5237.001719295568,577.3099618850297,2063.430144931605,1804.456977817522,328.4240420547744,102.66479586627004,718.2492945862981
1930,12,25,1,9924.475247055716,9599.253276616513,3391.311339279711,4616.083813706384,403.92579188007323,272.22922199457787,395.8958716625689,657.8520257002301,2114.243527792341,608.093865139004,2076.6016125620913,1721.7489195918167,301.31177070436536,92.39890163112051,752.7425961859542
1930,12,26,1,10135.107305664833,11502.674207377466,2652.0121619851734,4616.083813706384,291.98140639738955,594.6875259517152,1030.316626820038,406.71837794395003,3701.0173534366036,580.3900081492242,2332.6968525142497,1884.2921784451216,286.24770533047587,83.15854318682253,684.5197478624326
1930,12,27,1,9672.296039854498,16138.470353607338,2420.8152451825877,4616.083813706384,245.82044802170228,724.3744362895419,488.4579443010349,684.4377353179294,2527.43694542279,575.7699387528245,2489.257706394835,3838.742563502149,280.2159865356424,80.07842370538988,1535.378202975579
1930,12,28,1,11105.87241219897,37385.091434594266,2537.510244127921,4616.083813706384,211.19392720899063,951.037342477152,478.4891720518533,506.1845432574641,1339.5720018442487,1962.7843209772932,2347.3650778299866,2376.458045949454,329.93197175348274,89.31878214968785,1431.13454330082
1930,12,29,1,15680.053675496652,75387.23104733197,2110.0902826103106,4616.083813706384,176.5790104581714,976.7362198820458,5559.553354012426,554.4440530946771,1344.5980421355973,7991.395304652617,2483.420351422117,2158.574477570252,4432.247101267483,1168.3264305908467,988.8316615116933
1930,12,30,1,11230.71360388277,98951.7502014342,2604.456929971959,1786.7285951810154,153.49853127035664,525.7596784342369,1541.5909257439803,633.2310798417387,1346.3174769720472,3724.0408836969186,3106.8199273428427,4060.859816763013,2628.9764242027804,1623.1796507051395,1168.9712417504404
1930,12,31,1,9279.395841386731,162430.23146273172,2323.280849427149,1786.7285951810154,135.02486467052736,1160.1701559570715,692.8177754095503,580.0473808328276,1100.7425030556751,3040.469325695236,6065.760195379635,3386.645499342994,2628.9764242027804,1623.1796507051395,1380.5313423443622
1931,1,1,1,4293.486712022422,15127.46278024673,1154.7164023100652,1386.5969772326775,52.89856200257459,151.38745758071772,1252.0631875115023,330.7755025482254,166.85424568008017,185.22704397041653,518.7761916741819,219.20761844727068,43.59571034157468,50.18529162982664,669.9787114253979
1931,1,2,1,4497.20659132867,12357.089996382403,1298.0638248838648,1386.5969772326775,51.8828311556706,151.38745758071772,613.8800350115434,302.5543043890612,166.85424568008017,104.58096037479469,340.6744709783908,219.20761844727068,44.36005943617702,48.591873036697386,549.416921593609
1931,1,3,1,4090.6951764699093,11070.094032232751,1179.6578917746685,1386.5969772326775,50.86534904868984,136.29634351445435,309.74288420751753,290.8046226652217,167.85478260304248,97.02150509558018,195.09549504643869,219.20761844727068,43.59571034157468,54.96462315249617,553.7274220854987
1931,1,4,1,7240.049786586018,6795.917312873705,1072.977104387734,1159.062406533129,50.86534904868984,111.14913373168318,238.6324731036643,271.2035181072152,321.5607960133484,104.58096037479469,322.2056493061809,242.37590332381677,46.65502478545379,53.37120455936503,520.1425409522722
1931,1,5,1,5088.3552638877845,6382.640815939021,1163.723719382845,1159.062406533129,49.84786694170909,191.61881093824167,189.96820776035977,263.3658215367601,264.93040617436554,97.02150509558018,289.6829045422991,266.7290942460253,42.83040221423746,43.81254151402785,434.020680408549
1931,1,6,1,4333.611792047839,7518.581327348463,1133.2503662954123,1159.062406533129,49.84786694170909,131.26597215904525,126.33210786115602,277.4764206163165,594.589665752292,104.58096037479469,217.9997020675269,263.16474272651925,41.30074499230792,40.62570432776556,406.46521100633026
1931,1,7,1,3430.333319599669,9747.15335791287,1071.5941384820421,1159.062406533129,48.83038483472834,176.5276968719963,138.49527267866387,283.7493231254435,167.85478260304248,104.58096037479469,175.87890632923464,194.85442752506214,43.59571034157468,43.01583221746228,400.43579927532244
1931,1,8,1,3320.995055263126,13044.422990860166,992.6327981616167,1159.062406533129,48.83038483472834,198.6590073386646,132.8779332018811,230.4502411935345,566.28035634414,134.82642760281712,274.1641775132565,215.64326692780517,43.59571034157468,41.422413624331135,420.24294570743155
1931,1,9,1,3171.428561595267,13610.77135110576,890.1129342822796,1159.062406533129,47.812902727741594,186.58843958283254,100.13023678102215,288.4437053095049,957.6080034436768,119.7011452850768,286.7328098991746,215.64326692780517,42.83040221423746,44.60925081059342,339.29544873987703
1931,1,10,1,2437.7275481747147,11383.952721037549,979.4645575811767,1159.062406533129,48.83038483472834,181.55806822740539,100.13023678102215,217.12203914465505,310.4371796346359,142.3833341783025,313.3348786083814,215.64326692780517,45.12536756351424,46.99845444356624,344.46099738662224
1931,1,11,1,2812.1595288743733,10283.69390972456,806.9906704542566,927.3965565476019,47.812902727741594,249.96182467244222,100.13023678102215,228.87172086849458,585.4906652648068,168.8388789517899,256.4328795018492,209.11183360292418,45.88971665811657,43.81254151402785,341.87822306324153
1931,1,12,1,2855.2759387730543,9178.174896922981,922.6667491234487,927.3965565476019,47.812902727741594,170.99777362677096,89.83681037200489,172.44305081390377,681.5539808905438,170.10048730080024,294.1182898912203,308.9136761480395,48.18468200739335,43.81254151402785,353.0731834409945
1931,1,13,1,1988.202872723172,9846.220485943299,787.5930704029425,927.3965565476019,47.812902727741594,179.54824318240955,69.24879694665565,308.0448098675114,694.7022131603732,158.75875567826083,240.91415247280662,222.77196996673618,45.12536756351424,42.2191229208967,341.87822306324153
1931,1,14,1,3429.301826539904,10190.763683430096,839.5444852954256,927.3965565476019,46.795420620760844,153.39728262571353,69.24879694665565,228.0893238378177,708.8509823531648,142.3833341783025,456.70128355796874,277.4221488044218,45.12536756351424,50.9820009263922,341.87822306324153
1931,1,15,1,1619.8567010763284,11912.602970616716,845.7738447663622,927.3965565476019,46.795420620760844,202.1791055388761,78.60677384775227,310.39200095954203,664.3565168384805,151.2018491027983,76.11653914683791,223.95687601239862,52.773653673202006,47.795163740131805,336.7126744165125
1931,1,16,1,2710.763761098117,10509.005873475387,798.6808492295213,927.3965565476019,45.777938513780086,101.59258990497355,73.9272050935376,196.73853755597165,738.1843707295266,161.28197237630445,155.92479395131383,192.47498205125908,78.77782644613438,47.795163740131805,316.0416649001246
1931,1,17,1,3031.8675506072227,10251.256000546362,873.481266042349,927.3965565476019,45.777938513780086,131.26597215904525,75.7992647166936,240.635128856046,175.95324616762053,139.860117480236,345.8473799880717,299.4055276353055,281.4569288364677,43.01583221746228,278.15509820443157
1931,1,18,1,2705.7094451051953,8252.554775022823,705.8537724806113,890.8085507026918,43.74297429981858,177.03886624759747,75.7992647166936,239.85273182536912,564.255740453023,127.26187491614442,277.1245155405726,264.3592821547004,258.51686567110886,41.422413624331135,318.6244392234891
1931,1,19,1,1939.0006537718052,8376.169509998925,687.839138334989,890.8085507026918,62.054149705330616,121.70478133800724,75.7992647166936,229.66784416285762,0.0,148.67863240473181,315.5474495907462,264.3592821547004,122.3725777549842,39.828995031199995,251.45467695705207
1931,1,20,1,3452.4072710789555,5832.774420357029,795.2174215700306,890.8085507026918,511.70068302762246,75.94350473525796,60.82626955346167,232.01503525488832,0.0,134.82642760281712,982.8629552242392,466.3327793362154,107.84323172842569,39.828995031199995,310.8761162533956
1931,1,21,1,3233.627593099842,5270.897231376158,971.154736356504,890.8085507026918,546.288069624685,125.73604891381991,59.890820045559025,228.0893238378177,268.9796379566546,148.67863240473181,969.5670425617101,1209.4711709978465,96.37320014575629,40.62570432776556,214.43197334562169
1931,1,22,1,1848.641861735128,5879.502543578582,696.1609853501841,890.8085507026918,425.2234602345643,89.02014676217905,35.559847981230476,202.22904303439603,0.0,134.82642760281712,645.1385788889728,799.0120100748916,105.5511434773736,52.57449526279945,214.43197334562169
1931,1,23,1,2300.2295233061986,6143.213978194387,620.6510468987894,890.8085507026918,559.5100832352105,101.08955276943804,58.01876042240302,217.12203914465505,669.4180565663004,141.12172582926928,699.0904833523806,515.6460642771606,483.3716821321886,156.13468847889234,295.37947031317617
1931,1,24,1,2178.822790170313,5822.429357429755,841.6249470492245,890.8085507026918,271.6204385419925,192.11836282803986,70.18424645455829,293.15181375725234,565.268048398609,127.26187491614442,425.66382949988366,660.5995705297057,811.4855538195999,199.14959643963073,251.45467695705207
1931,1,25,1,1915.8952092327538,6167.410905040966,608.8777980145635,852.3585598275314,189.22365173734187,174.51787182698246,48.6607835213064,185.77125286278326,163.8173218433772,127.26187491614442,610.4135065269178,660.5995705297057,457.37230452296063,289.95781962705314,269.5429121500593
1931,1,26,1,2286.2012176932267,6780.312048458564,619.2680809930977,852.3585598275314,163.78484780271629,161.43658280573294,92.64315889573083,264.9306155981139,274.0411776845296,127.26187491614442,495.8617412689021,944.5531526590086,240.91861487327228,195.96091073992068,268.6790490657967
1931,1,27,1,3370.0941249085936,6177.755967967876,659.4462470013549,852.3585598275314,152.59429588599278,172.0084948921884,92.64315889573083,206.1410281877805,163.8173218433772,120.96147928223407,447.09298919940954,828.1240919447063,185.09331901812033,134.6272344985213,345.3248604708848
1931,1,28,1,2462.895978833294,4960.5453435637555,669.8365299798891,852.3585598275314,134.28312048048073,141.8262667596797,80.47883347090827,295.49900484928304,564.255740453023,156.24828249888557,398.3139937456827,547.1279582383002,153.73294838655227,102.7588626359041,283.3206468511768
1931,1,29,1,1139.0777859133914,6435.418170872309,703.7733107268125,852.3585598275314,123.09256856375723,101.59258990497355,65.50583830767634,234.362226346919,163.8173218433772,156.24828249888557,464.0867635500144,566.1346218813308,148.38154569162106,92.40441455072524,276.4273720359064
1931,1,30,1,2111.5694426726873,5249.242735249283,690.6170959368949,852.3585598275314,114.95446296798796,99.07856597585109,66.441287815597,516.5467554110345,565.268048398609,156.24828249888557,615.5864155366414,561.9826340302527,263.86826836604007,82.84482724866415,276.4273720359064
1931,1,31,1,1672.9785936548244,5442.02911979732,676.0658894508257,852.3585598275314,110.88453454005895,161.94775218135217,54.27580178342372,339.3955961493574,745.2587553258949,162.54358072533773,441.18255652892617,450.89046721269085,191.21194790586856,80.45562361569321,263.51350041905147
1931,2,1,1,773.4444410137686,9732.249453695555,1673.5090038061828,520.669201496983,186.36909780553455,382.110725753,39.40029763592408,434.4499722447568,1322.7098121392423,107.31571948287888,436.55254688066645,480.9466205660524,166.18119336507587,76.75674820402817,496.1394881108736
1931,2,2,1,708.5635275536262,9385.076155464461,1442.9746002206286,520.669201496983,179.39908268369467,350.882923897665,66.98097022399683,386.6413957912722,930.0520394833337,63.367146621448065,733.2931431213545,513.3147857157888,164.66592163424974,74.10967694490618,374.8989487128737
1931,2,3,1,732.2569231368049,7430.297612368993,1634.5454426368049,520.669201496983,168.94406000094088,318.59793083366463,36.445391373952255,391.8299234683954,930.0520394833337,72.56669275439207,482.2073101601847,427.760715866098,156.36069809695803,72.78614131534425,401.5552953131042
1931,2,4,1,761.0871541575727,6805.999365726476,1378.7568790340042,628.3733980919543,161.97754739926052,276.9608616932239,0.0,401.19123530912003,931.6764406052988,16.35248316634748,535.4626644994701,447.80778481745665,150.31879182849153,68.15469086860514,377.4817230362382
1931,2,5,1,2000.065042910717,5459.300114684064,1238.6564198910437,628.3733980919543,156.7517873179634,304.0296036288414,119.1827667088936,356.4985207146826,932.4886411662814,69.50060216070273,398.50861804506417,486.3413147576616,144.27688556002502,70.13999431294617,373.1800374737718
1931,2,6,1,2110.228501694968,5747.909836345,1383.5671952278071,628.3733980919543,155.01103479758615,329.0188156045913,0.0,502.0106421568728,932.4886411662814,25.55202929927191,423.2361474497543,512.5441151170106,148.05547455967633,66.16938742426224,376.61785995197556
1931,2,7,1,2637.5277538538335,5557.402872441802,1240.5805463684896,628.3733980919543,153.26853101712618,341.5076128495647,120.16928293930982,500.9674461159788,718.6797862433217,104.24962888918954,466.9856412722671,500.984056134933,144.27688556002502,62.86147260708507,372.31617438949297
1931,2,8,1,6524.399901711596,5419.84860352144,1229.8775928374378,628.3733980919543,153.26853101712618,364.4172948654648,69.93587648596865,342.9781509740426,979.6433577937643,147.1748972008403,551.6369681159118,467.07454978755914,142.00397796379085,97.2687776920533,421.3271820274877
1931,2,9,1,15566.261765118987,6257.272680466722,1645.2483961678568,628.3733980919543,148.0445221959118,331.098345564459,0.0,349.22360095574584,943.8712200426608,277.9998599391046,518.3459695387387,364.5657267641408,149.56115596308348,88.0058767985732,380.05568243017933
1931,2,10,1,15523.970549668014,6396.580349883281,1446.8228531756458,628.3733980919543,144.55951463499187,335.2574054841765,172.37340063885406,304.53088636130843,542.2556991707518,270.85074596130295,459.3748068283083,390.76852712348983,172.98073549895042,74.10967694490618,349.96151335174505
1931,2,11,1,5681.876370484382,6658.363043953342,1309.6085837488542,838.7427942936515,146.3020184154518,347.7578202149709,0.0,398.0753734501244,543.0678997317343,292.3108314133992,400.41388750211246,427.760715866098,167.68687476848302,66.16938742426224,362.85775510972087
1931,2,12,1,3396.6034965448926,7435.3824738076755,1276.5376599167878,838.7427942936515,188.10284528559276,338.3825091668706,0.0,618.4093582996554,655.2575163509401,212.5873785699725,508.84010902192307,599.6395261643389,204.70553857210908,62.86147260708507,437.67006119310685
1931,2,13,1,2738.5109244061064,7874.258617985678,1091.6772085909408,838.7427942936515,264.7379864241942,332.14391928728537,459.9951091382099,359.61438257370406,940.6224177987306,217.69752955946996,1013.8696791297925,524.1041740990478,182.04359490165018,63.52231616514026,311.26397314836174
1931,2,14,1,2456.2944232507266,6123.83890271235,1097.5217427663508,838.7427942936515,221.20166081391835,319.64350455650896,326.03781111951116,371.04836023253046,650.3843129850449,195.21796261319867,523.098899797125,645.118724876228,194.1274074385832,59.55263353318212,468.6192784263804
1931,2,15,1,3675.72551852098,6324.427919467957,956.4351688036223,838.7427942936515,207.26163057023862,276.9608616932239,168.4389417904443,198.5092255727464,492.66438086032105,183.96543562140616,732.3405083928304,543.3805724516284,166.18119336507587,58.89086571840115,371.4611262346699
1931,2,16,1,3674.694025461216,6613.914341376991,1036.214262877003,838.7427942936515,188.10284528559276,255.09675340015016,428.4730140577491,366.88930233261505,807.292044548786,213.60686006414744,765.6315069700036,594.2448319726892,170.70782790271628,58.89086571840115,389.51410170995143
1931,2,17,1,2811.6437823444912,6156.539821965051,1207.5096225364857,838.7427942936515,175.91407512277476,197.82254836039994,1092.375224988601,245.28833224899745,803.2310417438732,192.14677461205116,270.10779737894967,446.26644361985984,175.24405276777563,58.89086571840115,275.15802219779863
1931,2,18,1,2600.4971530078383,6734.7236355592495,1206.5475592977002,2398.3530930581824,168.94406000094088,143.68506448916477,863.851641728484,288.93785080256663,412.18589918730595,177.83580313775656,719.0241089619611,420.0540098780326,165.42355749966782,61.53793697752313,433.36837563064046
1931,2,19,1,1048.4095459588884,5987.862694238275,932.1069946537197,2398.3530930581824,167.2015562204809,160.34453913965865,396.9625250505615,341.9486811968348,983.704360598677,172.7256521482591,445.1160160531064,413.88864508760474,160.8969229620174,70.80176212772713,365.44052943308543
1931,2,20,1,2849.7058762502506,9499.923887960304,867.8892734671581,2398.3530930581824,163.71829991964375,159.29896541683232,171.38688440843782,503.0401119340806,543.0678997317343,127.7537747370711,445.1160160531064,518.7094799074387,157.1183339623761,73.44790913012523,372.31617438949297
1931,2,21,1,1435.6320405998279,10115.367462097243,837.7285909323055,2398.3530930581824,158.49429109842336,175.95844006734418,191.09399687037813,155.90290306009686,549.5772752422184,126.73556759479496,480.30204070313636,494.8186913445051,151.07642769390958,66.83115523904321,355.9821101533134
1931,2,22,1,1379.0030716179272,10712.400331024837,702.4865511449868,2398.3530930581824,156.7517873179634,163.46964282237076,187.14793194865925,318.0375298382623,549.5772752422184,146.1554157066882,497.41873566391064,528.7281976918789,163.91787609625067,60.2144013479612,380.91954551444195
1931,2,23,1,1541.7726764510503,22292.73390762777,745.298365269382,2398.3530930581824,158.49429109842336,164.50359905939413,531.9063392996945,267.113091525782,549.5772752422184,157.39519917981238,499.32400512095893,393.0805389199054,180.52832317083408,59.55263353318212,332.7635860312866
1931,2,24,1,1630.2747809799973,19649.48265973194,1107.2506072682197,2398.3530930581824,158.49429109842336,163.46964282237076,835.2890953392898,315.9648640201348,549.5772752422184,172.7256521482591,460.32744155683247,409.26462149477356,179.780277632835,61.53793697752313,407.57589211467246
1931,2,25,1,1346.098443010988,13776.46769798878,958.3833468620504,1264.5205836852915,156.7517873179634,179.0835437500383,366.4269462005169,299.32863242049916,568.2696591674409,195.21796261319867,416.5779477343197,558.7939844277184,176.75932449860176,55.58202664449821,401.5552953131042
1931,2,26,1,1726.1004862334496,12251.00926636755,752.1049626835149,1264.5205836852915,153.26853101712618,212.40249305104408,339.8258261988821,293.096908702482,542.2556991707518,352.61316179303395,952.9932469623568,445.4957730210411,171.46546376813433,55.58202664449821,342.22200531107484
1931,2,27,1,4364.659733147177,11181.434963736197,756.9754078296794,1264.5205836852915,155.01103479758615,229.06196770155597,271.8606609591165,275.4312073256128,958.5026011629704,566.2200218571813,576.364497520602,480.17594996723363,173.73837136435847,51.61234401253817,341.3669571562355
1931,2,28,1,5152.514132205989,9448.19857332466,1397.1563384751532,1264.5205836852915,184.6178377246728,321.72303451637674,211.77601948944357,776.3986534415916,278.8555259373063,800.267485879273,570.6589325336914,473.239914577987,161.6449685000165,53.59764745688107,341.3669571562355
1931,3,1,1,2966.5740399232263,9823.426279493822,1239.9792568443113,724.9638715374176,108.41175530587752,543.0709916405767,173.47597760227208,1074.0801342185687,346.2681724988581,302.5821074670675,434.6370340394267,1030.0012553013992,125.7387826759801,58.90565382599287,386.17324345548514
1931,3,2,1,3184.012776924492,12400.92500878552,1208.471685775209,724.9638715374176,109.663906263695,471.50727905541896,125.35719770403095,582.8171565357255,689.7230705908643,295.764324974871,343.18410010188063,727.7538798329753,135.78944580194303,58.90565382599287,337.90268988972946
1931,3,3,1,2977.9204635807605,18179.25634373802,1193.6198345270193,1080.568100100581,109.663906263695,430.46270169121823,91.77502461296382,692.6684448954779,420.56686729485364,237.74308443839877,371.4763272004142,593.7246293185048,152.14095403644444,61.81428973816525,337.90268988972946
1931,3,4,1,2475.480194162649,14133.284698948597,1209.674264823691,1080.568100100581,135.98359401899665,479.9299562671347,77.22565112514793,682.4972834966783,549.5419621743473,234.32782143297774,421.443555218684,629.705312900138,157.16628559942092,61.81428973816525,326.5931354293923
1931,3,5,1,2809.9933934488167,12110.737226677935,1350.015239776348,1080.568100100581,143.5035048062266,674.6274009448586,78.34447659118803,791.319102079223,292.99252410747425,234.32782143297774,529.8697767385377,537.9473447300661,151.50799242737293,60.35950965371618,274.549792067039
1931,3,6,1,2456.0881246387994,10851.79567046635,1497.331173210013,1080.568100100581,161.67633066535123,711.4664484460759,23.503459038080685,1719.9008411193133,427.57062575547957,195.65124224821903,492.1536361966348,564.9304490706714,164.08091166222303,58.90565382599287,348.4629753484204
1931,3,7,1,2120.852880210693,10039.09454051629,1469.6718550959279,1080.568100100581,203.65403480366405,618.851851574503,92.89501068633663,1112.7332927867237,377.80274210569286,219.54533976763494,658.0862164894621,677.3809228186644,164.71387327130458,64.72292565033574,431.429091155745
1931,3,8,1,2424.008690479697,9738.386355432245,1432.9931941186032,1080.568100100581,176.71965475997652,572.5445531387076,61.556291563977254,786.2403845116919,499.0678171671916,225.22894909757298,511.9540978118974,616.2089440386166,163.45754038056046,78.54056368241713,427.66511628858694
1931,3,9,1,2728.4022924203928,9040.532957977663,1315.8619948007104,1080.568100100581,163.5571839921986,579.910039141794,44.76810653676648,520.7744446294063,512.3926147763771,246.8419567738035,451.6103216216913,555.036965258528,154.65361981793268,63.26906982261245,345.4482694829246
1931,3,10,1,2265.4682071916586,8411.50052999592,1275.9363703926092,982.1621912505841,156.66247305383905,465.1873667751588,43.6492810707444,713.0107676930771,344.161159449375,254.8066559469269,421.443555218684,544.2475768753095,142.08070058307257,62.54167978038791,345.4482694829246
1931,3,11,1,2144.3709219737275,7733.723568221925,1331.976554049806,982.1621912505841,151.0234155934565,161.02997080241258,35.81518159381641,360.06734927565594,367.29121890341463,302.5821074670675,284.7353499845313,516.35893458107,160.31191298999067,67.63248581923202,349.22105927950605
1931,3,12,1,2600.600302313737,10053.99844473324,1292.0509296416424,982.1621912505841,152.90251766022706,315.7400293245831,49.24572961559223,402.78348189787187,609.1151076690431,302.5821074670675,494.03841888530013,509.1627978647514,157.79924720850244,61.81428973816525,323.5784295638803
1931,3,13,1,3585.4698757903307,8241.157671797902,1333.9006805273148,982.1621912505841,159.1702774896395,286.2664678264523,110.80202117956948,371.25425418797715,239.02238538129,285.51853595853936,509.1269237788995,515.4533966274762,187.34704595952655,64.72292565033574,323.5784295638803
1931,3,14,1,4516.804959464445,7488.510508840059,1512.7241850300197,982.1621912505841,171.07534351935175,219.9654763128892,331.2837562507242,585.8643870762389,478.04477076263515,334.44090415960676,357.33021365114746,434.4944502231414,225.69876527317845,61.08689969594071,423.1342425609037
1931,3,15,1,3948.7617314443823,7462.735521547193,1394.9916961879485,982.1621912505841,181.7282585912465,203.13173937524257,305.5414856732306,386.5041331543335,813.7896490366463,426.5765441944441,465.75643517095807,470.47513380477466,255.86993530587515,71.26851177362705,287.3666994601402
1931,3,16,1,3309.132885075709,6670.549177401405,1593.1767233705252,982.1621912505841,186.1239213942133,198.9145920264742,437.6069937441712,281.7452886257983,517.9956215448888,470.9367327091408,458.2070610320626,483.0755980952211,285.4177340568993,77.81317364019259,337.90268988972946
1931,3,17,1,2978.6425087225693,9790.988370315623,1581.030674981295,1694.639125678756,182.9891658494657,209.44003416968172,3005.0444986140283,252.2475479429211,3450.792992139767,457.2884242060566,1276.5305362116333,509.1627978647514,288.56336144746905,80.72180955236497,338.6607738208312
1931,3,18,1,2796.687132977653,6844.3111665665,1687.0981470535287,1694.639125678756,176.71965475997652,246.27908167091698,1460.624324697093,229.87373811830435,1933.1550453646573,407.2318828427306,1533.946780594581,552.3396181627437,291.7089888380388,81.44919959458761,338.6607738208312
1931,3,19,1,3008.0400609263625,7098.90491860295,1418.802761347016,1694.639125678756,169.82319256153426,190.4919148147404,703.9895881060891,458.7180064594266,1285.5133806507772,414.06240885361836,812.7101006502122,543.3420389216752,229.46776394541078,75.63192777024663,335.6460679553192
1931,3,20,1,3295.1045794627375,6599.974807432731,1896.226643576854,1694.639125678756,196.1411290567532,231.54810966474406,448.80685447784515,423.12580469547106,980.620352671479,371.97056666341575,806.1133612398409,566.7318915953807,259.01556269644493,78.54056368241713,340.92621068466474
1931,3,21,1,3083.6485022081292,6794.426922452009,3000.434725852552,1694.639125678756,344.0350428857103,226.2853885931313,325.68962892054174,453.63928889186985,874.08082691128,370.83639350115726,719.3723840240009,546.0393860175002,262.78456136867726,77.81317364019259,358.27399180544916
1931,3,22,1,2854.8633415492,5968.662958806149,2390.486632484877,1694.639125678756,313.3179410673591,195.75463588635316,278.68503205900987,407.8621994654286,1256.0858240934256,352.6386488303935,741.0576283279717,573.9280283117398,245.80968185250327,78.54056368241713,326.5931354293923
1931,3,23,1,2795.9650878358448,6783.205159276999,1994.1165781197233,1694.639125678756,275.1054461029064,181.02366388018024,214.88644713362157,432.2812225807748,1258.9108695229565,341.2586866518033,559.0941517972122,551.4437135916281,232.61339133598054,71.26851177362705,394.47690697976594
1931,3,24,1,3470.3552503190576,7320.797751386336,2119.5455728717666,1556.8522334384127,244.3883442845552,190.4919148147404,154.4536234649793,428.2045222630278,859.3552776100355,335.5750773218653,884.3625729724956,647.690837999756,236.38239000821292,71.99497755912581,445.76216641103366
1931,3,25,1,3693.157751231329,6850.27272825328,1710.9092122125967,1556.8522334384127,223.72347533036285,158.92720587093888,257.4227057749715,579.7561997315003,1078.049106921514,287.7996258017247,642.0655636356787,495.66642900318936,222.55313788261867,68.35895160473078,397.491612845278
1931,3,26,1,4109.365200851949,6487.318825557136,1517.8952749383047,1556.8522334384127,218.06690526917075,216.80552017276815,189.14417655612803,627.5647761849591,1051.4112827258223,279.8349266286013,555.3245864198389,609.908711893373,264.04089425942135,65.4503156925603,352.23576514501804
1931,3,27,1,3649.0098482727544,6120.85812186896,1329.4511380480567,1556.8522334384127,211.8149067804851,196.81182709500052,218.24060231707642,650.9543295230718,1331.0672382015425,279.8349266286013,635.4585808411588,635.9959116629034,233.86972422672466,63.26906982261245,398.9989657780259
1931,3,28,1,3143.8876968992045,5675.319055805627,1779.8169916880504,1556.8522334384127,202.41064014624834,226.2853885931313,203.69819247323883,382.4411591002726,1076.6483552294,439.0906795352699,665.6355906283576,611.7101544180823,221.29680499186455,66.17770573478295,381.6511846572414
1931,3,29,1,3303.150225328923,8571.4983252663,1894.3025170993456,1556.8522334384127,201.78018651713572,390.46369804988,218.24060231707642,693.6841884089996,747.9072354160697,436.80958969208456,586.4337441671787,586.5284926021862,215.63851181981656,64.72292565033574,400.50631871077377
1931,3,30,1,3024.1313526588633,10829.001464016876,1810.0017258038854,1556.8522334384127,204.28448843277067,191.54910602338776,183.55004922592764,664.1864477260967,1217.5945801164048,455.0200778815396,534.5817334602008,707.0710076375728,223.8094707733628,63.99553560811121,434.45261195068036
1931,3,31,1,2805.97057051566,10387.144538995482,2364.7514408483007,1685.561948656149,230.60592744815511,286.2664678264523,315.6155572968862,630.6120067254725,1513.9889297619727,447.0553787083933,1058.7561885960195,763.7441967971271,300.5033190732476,66.17770573478295,503.8437364338181
1931,4,1,1,4130.407659271473,7744.594651297841,5879.288709908078,2254.863871662675,384.80437756822647,1216.002239657282,1795.1113571783967,1499.8688340710835,3810.515443496672,617.4489669387938,823.4861408050599,3205.4116880750466,540.0025654898134,66.14812951959762,411.36631177013294
1931,4,2,1,4052.323634646194,7166.147827628776,5395.491158721473,2254.863871662675,406.187263155573,1260.032510874451,920.6865826743767,1461.9843462698934,3502.938622359383,640.4382746321181,1095.9396731606926,2905.620825140373,567.095240423813,70.60766821556999,438.8424468074609
1931,4,3,1,4060.9881763482904,8180.139334533358,3715.1274543391933,2254.863871662675,280.9721673738007,1248.9958993556243,3371.1000504689932,1317.3918844953444,3653.843132385405,632.7794199072404,1199.3978533543525,2439.5577805137077,617.6650368581335,62.432617486891175,462.28134416528115
1931,4,4,1,3979.9128218497485,7218.662172487562,3303.244130249247,2254.863871662675,218.66233369666435,1258.0575382868642,8906.964892694063,1553.263999848847,3315.426231976027,544.0972734338748,1657.1746922510147,2020.409308589228,597.7938784640727,57.22997638437676,501.0670336629624
1931,4,5,1,3539.877882548138,7919.321010735988,2878.2526945312848,2254.863871662675,193.00637351201158,1359.1296648275977,5403.323485148866,1322.6078646998658,3601.2266612608955,523.2998509529888,1026.2846607530523,1724.3754648237039,608.6309484376706,54.256642501486596,551.9820660581106
1931,4,6,1,3460.6592155571975,6278.6641665194575,2601.418997580863,2254.863871662675,169.1927389324216,1295.117318018464,2410.001120566975,1451.5523858608767,3290.353953789126,416.0121672111985,724.1355576665787,1542.1118682065694,641.1421583584641,52.7704376884044,581.8911216184771
1931,4,7,1,4162.280794818518,7038.675611561186,2991.054609274768,2254.863871662675,161.25077446570455,1222.0433322781084,1462.5973571579616,1567.5393140927915,3254.8054654678735,771.8112086734864,655.5048836767174,2049.598457518949,673.6437779518587,53.51354009494644,629.5710749123523
1931,4,8,1,3473.243430886423,7148.876832742031,3473.769839317739,1584.7820088925314,167.35916962775457,1263.0530571848642,1220.6107288708245,1411.1971705943777,3522.3608096872217,1088.2072903864637,719.0138655777697,1447.223050728832,683.5793571488941,68.37836099594763,661.0932625586436
1931,4,9,1,2467.6408469082608,7005.974692308485,3918.7240872397515,1584.7820088925314,174.6899443262513,1346.118080721202,896.8244959713501,1340.8500691519653,2453.43424529844,1260.079126783373,869.5711262200641,1421.7909209683016,653.782209885197,81.75605282714085,737.871297905211
1931,4,10,1,3804.249553769445,7243.56045953233,4023.949753978048,1584.7820088925314,179.57420869178384,1571.2649557050472,958.661654509179,1503.7121879059857,3143.922432359847,1300.6035161762968,153.63027589550262,1421.7909209683016,567.095240423813,75.06720691154423,741.0975620770608
1931,4,11,1,4048.4039610190653,7226.37713467054,3404.020254508348,1584.7820088925314,175.30113409447762,1323.1154588188422,1086.2240061400641,1755.1773388182557,2375.7454959870847,1533.8099079656845,746.6607594730956,1255.518739276351,490.3342598320456,57.973078790918805,683.7211864087736
1931,4,12,1,2780.286393327198,6393.161218915842,3500.3468362881904,1584.7820088925314,169.80217744055923,1293.0261705727933,994.6869060297133,1923.3240690952794,2634.1194425604713,1309.396544063433,377.93990261646735,1217.8522137598272,405.45027192378654,49.054001398974066,634.4192860995503
1931,4,13,1,3571.6478687892854,7264.250585386514,2900.3801490225405,1584.7820088925314,160.64133595756095,1396.1894445591975,838.8869780620213,1822.9850814769025,2547.131585377027,1699.0933452065874,1122.572472022431,1226.3295903466708,455.11857758155446,49.054001398974066,623.1097316392131
1931,4,14,1,2627.831719091974,6020.388273441428,3197.0564002721653,1584.7820088925314,147.81335586523457,1575.3310757382867,760.9870140781844,1798.277806823967,2344.7877064887575,1697.9464285256606,777.3909120058642,1228.256266843677,428.0259026475548,45.33756510954185,604.519045468607
1931,4,15,1,2173.3558769534084,6195.114632879577,3017.6316062452192,1963.463214424679,133.76474749654423,1437.1991694659534,724.4743074790784,1666.642937978514,2632.942340298208,1657.4220391327367,521.3370377185863,1279.8911969635565,405.45027192378654,41.62112882011152,728.1660606013594
1931,4,16,1,2220.598259091275,5658.837091142024,2954.6164641070773,1963.463214424679,123.9927162453256,1234.0093426616597,1322.3959917043064,1551.8913734792536,2836.4633214487403,1759.2427533621105,552.0569468672063,1514.8493957738954,436.1585002914551,39.39182160048728,640.8894443021289
1931,4,17,1,4324.431503815731,5778.506675002046,2742.000488343279,1963.463214424679,116.05250303868529,1442.1946883639534,1408.0488126519792,1713.5867598191278,2836.4633214487403,1871.0034121595477,592.006145159814,1836.2190354750874,426.2229210944198,31.95894902162474,635.2302596072406
1931,4,18,1,2733.0440111893313,6673.705298294342,2688.846494402314,1963.463214424679,106.27872052738392,1377.1367678319934,847.16210832432,1495.888217599217,3195.3618012220386,2027.4938215133143,892.1065714107297,1900.1846951758228,353.9789847128937,31.215846615082697,649.774893168867
1931,4,19,1,1508.352301314229,8668.1983626273,2688.846494402314,1963.463214424679,102.6150844382153,1292.0967717080507,661.1747837055528,1421.62913100342,2909.5613719371704,2043.93296060666,484.4608546792297,2082.448291792957,356.69304737000016,28.243436988918305,707.9622423448284
1931,4,20,1,4202.818472067918,10724.674134497855,1989.3062619259829,1963.463214424679,96.50668927616529,1283.035132776829,555.0372433848906,1571.5199305646584,3405.8276857201336,1933.31921849015,633.9937769037452,2219.6276583800495,334.1174166462319,28.98653939545846,798.4827526747715
1931,4,21,1,4426.755615345853,10057.505245725271,2416.5825978359358,1963.463214424679,90.39829411410928,1197.9951366528862,469.8370592958799,1411.1971705943777,2694.622498842387,1854.5642730661789,716.9651887422546,2029.8500234245746,472.2756733185187,28.243436988918305,849.3977850699197
1931,4,22,1,3606.409184903826,9784.851468579296,2200.7196586413615,2956.0176096254927,84.90108872027962,1294.0717442956375,389.0123648406497,1389.0978860436899,3172.5260173335923,1488.95272222258,4686.8604304577675,1913.2860953554973,463.2415848980459,21.553666816595918,867.9884712405096
1931,4,23,1,3572.6793618491783,9515.704492425353,1645.0078803581603,2956.0176096254927,83.68046044391566,1371.095675211167,387.5499996049711,1239.2208127461631,3590.9858715789082,1182.3564063722456,4484.041423741435,1890.7439803404764,479.49718985844765,23.04079588640389,902.736923058667
1931,4,24,1,3429.8175730697867,7228.130535166738,1798.817740653378,2956.0176096254927,80.0150730946703,1277.1102150140862,355.424388712937,1434.6690815146842,3262.8097608514618,1096.962087717572,5359.748337083853,1890.7439803404764,592.3753434772688,18.581257190431526,800.0958847606964
1931,4,25,1,3500.2685490527324,7728.200356659195,2671.168582390254,2956.0176096254927,92.23011215869357,1244.0003804576422,326.6993572975584,1546.6753932747324,3331.4348227432033,1464.8674719230248,4361.2232474520615,3053.2042448113148,608.6309484376706,28.98653939545846,803.3309638619858
1931,4,26,1,2523.6509200542514,8399.665076646952,2976.7439185983326,2956.0176096254927,221.72703883817988,1192.999617754904,310.6249457782411,1730.4700641652944,2972.5363429699046,1325.708247970004,4763.685811789732,3804.030075695973,817.2301599383486,74.3241045050022,692.6066352755117
1931,4,27,1,3602.592660582725,7363.230043392351,2128.8054315447653,2956.0176096254927,147.2021660970142,1237.029888972073,297.48687080362623,1812.553121067886,3600.167269224815,1194.3990315220233,6148.48891875856,4208.150470943812,838.8947095581453,60.94548841708509,615.0264413507097
1931,4,28,1,4243.356149317189,6910.414365270089,2200.7196586413615,2956.0176096254927,119.7161391278539,1261.0780845972772,273.62478410058173,2048.370331366618,2790.6740434455555,1198.7700584282547,4080.5545209859856,4618.821566281408,918.3601624796003,54.256642501486596,628.7601014046619
1931,4,29,1,3129.6530926741757,6800.300814114197,1869.769904511251,2858.961639922375,107.50110006383062,1316.144967333273,248.3119382351498,2101.902759781346,2926.7470649666648,1404.5906285807496,3952.5122187661023,4338.779137441068,958.0928889403327,54.256642501486596,604.519045468607
1931,4,30,1,3729.9820534653973,6511.866432502809,2636.895079509768,2858.961639922375,102.6150844382153,1779.4503014073407,221.5251210607301,2011.9957325719856,3243.387573523623,1826.0187912296685,4147.136518140375,4702.439326251656,815.4175880578146,59.45928360400101,586.7393328056913
1931,5,1,1,6236.20074080943,11483.01984906834,3990.6383143363482,3281.981363987957,363.3514415776418,1154.9291167579047,1361.0442157904472,2446.7065038269593,9366.908962427231,2520.7954295006202,1988.548170396163,3081.8153907919013,736.1918933216036,76.99797920913595,750.0006408026618
1931,5,2,1,5912.415069344885,10841.275267489531,3652.2325701058994,3281.981363987957,351.5829738342342,1244.3489050319115,1563.9183770594725,2641.61944831136,10726.932916281174,1861.1909027782365,2019.790492137821,2468.5542617937035,858.4206161654433,74.16790511855295,665.4742824860009
1931,5,3,1,5434.730633361498,10629.113807459458,3219.7851442876613,3281.981363987957,356.8192414760219,1716.4835283210336,2272.469151972145,2272.24569224975,11536.896982965383,1660.7353539887656,1858.662059024252,2084.3749682899634,623.3616913398373,67.93933905178336,624.8639025960407
1931,5,4,1,5347.260021892186,10399.418342468138,3822.5177633646945,3720.711586746436,362.03799651699404,1474.1427743394695,1872.9881090156516,2044.8015028056188,11489.342051568694,1351.3227205108103,1568.5694191148068,1832.4620163059376,557.5528646505951,67.93933905178336,631.4927295283686
1931,5,5,1,4749.819241668459,10958.753100729304,4383.160115746485,3720.711586746436,365.9608190981279,1383.758734743275,2672.066255661622,1835.064193529467,12572.629263557492,1283.0174604020015,1917.5615180454274,1608.8712088279515,526.5185651509718,75.86576472155761,547.7949745782446
1931,5,6,1,5406.570872829525,10161.832575244292,3854.50636605319,3720.711586746436,362.03799651699404,1331.8285731757944,2291.270990716743,1954.208162411462,12596.171308803363,1290.6635716082108,2153.3642218136165,1587.8704350105677,539.6860846852676,96.8158918970212,511.3276115209853
1931,5,7,1,5315.077438427185,8846.782203156936,3786.4403919115484,3720.711586746436,342.4413962121282,1366.4486808874542,1904.2084461903437,2346.642041482511,11372.102666244291,1549.4844359384276,2118.331847926245,1864.4448461563052,662.8546596153058,96.8158918970212,490.61252735744836
1931,5,8,1,4934.869096592796,10138.161668546718,4051.7293299969815,3720.711586746436,311.0763281638549,1583.8118403790713,1673.131526804403,2300.6590581006235,10725.873524245093,1997.6739878090793,1941.531037020975,2361.8163838593414,790.7224949763755,87.18883385406876,515.4706283536862
1931,5,9,1,5350.25135176558,8780.152984304343,3859.557198056627,3720.711586746436,292.77566031882736,1611.6938063213297,1435.9033885699255,2598.38171766871,11456.030057545786,2313.8406861858666,1878.943959695915,3119.192914833878,788.8427908039689,82.65997590375348,713.5332777454025
1931,5,10,1,4906.709336060824,9632.305625417028,4463.251880372446,3720.711586746436,277.08436999428585,1581.9530426495862,1420.3512503490713,2919.02723760922,11456.030057545786,2313.8406861858666,2175.489931637222,3089.1367614805167,962.7729687165366,81.52776141617512,722.656729706797
1931,5,11,1,4377.759695006283,9465.732578285908,4362.1149823988,3640.99535263776,262.70652473039223,1554.0710767073099,1361.0442157904472,2818.962775264772,11456.030057545786,2313.8406861858666,2103.68380855228,3160.3274580450457,930.817997785533,83.22654527590554,758.2866744680799
1931,5,12,1,4312.3630350163885,9203.59920411639,4384.122178985208,3640.99535263776,243.1099244255264,1465.5458348406007,2472.325734183375,2372.310154594198,0.0,2313.8406861858666,2040.0723928094415,3248.85824308263,920.4796248372711,92.85083054868441,811.326104856175
1931,5,13,1,4536.609626212277,10260.023003026987,4423.205998059434,3640.99535263776,224.8092565804989,1609.8350085918628,2647.1131980684686,2393.9976512339927,0.0,2025.1999881514378,2028.0876333216677,2982.398883546195,849.9619473895882,93.41462715066291,773.2015350658257
1931,5,14,1,4429.024900077308,10629.113807459458,4561.382330724949,3640.99535263776,211.72734377644352,1610.7644074565872,2107.0826074593506,2498.1799926872714,0.0,2052.725988493796,2092.620953640499,3311.76423071,806.7095707692864,99.0803208721779,825.4123620873679
1931,5,15,1,3987.5458704920798,9001.08144681504,4547.312155858209,3640.99535263776,198.66294357319765,1606.001238274791,1782.4607372823355,2222.144829759031,0.0,2085.859137054037,2148.7546989336965,3198.6683203355256,830.2154632518541,92.85083054868441,799.7256577245931
1931,5,16,1,5058.545114460267,11386.582821781845,4245.9458463196925,3640.99535263776,192.13074347157772,1544.428563485615,1551.3838178963947,1878.4391868090815,0.0,1986.7145617468411,2283.2503331854846,3411.277071780568,876.287396130761,92.28518543325812,838.6788308814632
1931,5,17,1,3611.3603515908485,7991.0350910269,4540.337197377326,3640.99535263776,188.20792089044383,1567.431185387975,1523.297120512463,1943.3644140915776,0.0,1963.5213577546863,2274.0312874256883,3523.5059777313613,833.0350195104689,84.35875976348389,830.3839822866219
1931,5,18,1,3857.7840435719245,9754.166959897295,4901.712201432906,2537.885596264424,180.36227572817015,1486.6896590134936,1460.8564461630788,2157.082339839596,0.0,1795.0520408445295,2430.652631501082,3147.5150593399176,761.5774899765779,76.99797920913595,842.8218477141803
1931,5,19,1,3926.172033435213,8614.193627346818,4230.913608214231,2537.885596264424,172.52538686630416,1466.4752337053435,1198.6752503354478,1854.0064374300491,0.0,1721.26706770459,2429.730726925089,3184.025578958254,774.7450095108736,75.86576472155761,803.8686745572941
1931,5,20,1,3700.893949179559,8697.041800788511,3891.5458007450593,2537.885596264424,162.0686129234676,1653.9814546671155,1161.187633579217,1613.1105095637863,0.0,1581.4706678177185,2892.0146548598846,2979.605202625508,681.6612916668416,70.20469228366585,801.382864457667
1931,5,21,1,2254.7406793700347,8740.087782968121,3764.4331953251412,2537.885596264424,158.14754160241048,1604.0262656872217,1048.8408440435257,2105.746113616248,0.0,1502.07854645992,3001.6188655601327,2831.732781480019,608.3240579605438,67.93933905178336,785.6394004933842
1931,5,22,1,3151.830193459491,10154.818973259868,3345.9356864687943,2537.885596264424,150.30539896030228,1711.720359139237,1008.2660117897171,1703.8411125949076,0.0,1231.227800498617,2893.8584640118265,2611.802659346361,563.1919771678353,64.54269558904831,720.1621046777467
1931,5,23,1,3433.427798778961,7654.64520584713,3742.4259987387336,2537.885596264424,142.46325631819406,1713.6953317268058,936.4708423612165,1855.379063799668,0.0,1085.8624829498908,3125.973549476089,2179.263785767701,492.67429972015236,63.41048110146996,662.1510540903975
1931,5,24,1,4237.992385406313,9484.143283495254,3282.8002864258037,2537.885596264424,138.54218499714293,1757.8417778020766,930.2267749262779,1544.0674031724848,0.0,1042.9040814896705,3059.698853847059,2076.186593177667,473.8676676686165,58.3150537790045,605.8060251655777
1931,5,25,1,3169.8813220056204,8948.47943193166,3541.114266030229,1765.9764271511235,132.00823363544026,1626.0994887248391,1045.7188103260567,1491.358550579518,0.0,985.6347085551555,3125.973549476089,2137.262238132893,516.18019220271,56.616269919274075,527.8996788518212
1931,5,26,1,3248.3779438547526,8096.677470918069,3225.7980395298214,1765.9764271511235,129.39360233470595,1638.6463733988635,908.3725389039935,1311.338602205376,0.0,1103.4740257615229,3149.943068451679,2172.905753327548,526.5185651509718,61.14605212631326,636.4643497276227
1931,5,27,1,2645.985996944002,8942.34253019497,3070.5450843764875,1765.9764271511235,125.47253101365482,1741.577297669082,902.1284714690551,1189.5454644300237,0.0,1153.0335698964411,3144.411640995767,2352.664670498542,528.4078596507975,52.0874119689588,676.2461262510458
1931,5,28,1,2790.807622536895,7315.888229997202,2816.319873536714,1765.9764271511235,120.24501967227492,1718.4585009086204,1801.14651529395,1032.558186537897,0.0,1021.9792238220097,3134.2706906599356,2392.835875461206,478.57651842705724,52.0874119689588,668.7886959521649
1931,5,29,1,3032.176998525178,9721.729050719097,3549.1715456547454,1765.9764271511235,143.7714475985996,1733.7935821768724,2072.728630493898,1148.9431764169935,0.0,1026.3884812842462,3094.628793892644,2321.645178896718,469.16840723758486,52.0874119689588,666.3028858525379
1931,5,30,1,3032.176998525178,10606.319601009982,3549.1715456547454,1765.9764271511235,147.6925189196567,1801.1749998706887,1367.1954346390023,1240.9640482355658,0.0,914.0543641463458,3274.297752367635,2078.0169358498106,457.89018220311465,49.256413621650026,643.0931766599505
1931,5,31,1,3032.176998525178,9465.732578285908,2897.373701401398,1765.9764271511235,125.47253101365482,1951.1567416684895,1211.2098094985254,1278.862262300442,0.0,867.8081348674564,3210.6863366247967,1793.2541495917765,374.20498522113604,52.0874119689588,581.7677126064373
1931,6,1,1,3952.2688078476576,9443.815072084531,3067.057605136015,3398.7045505732985,102.07394507323302,1835.2142332918754,990.0444767100556,2563.791533154564,6312.917142906595,3694.346064467061,3169.8152337561964,5734.752593349471,1007.3679911742732,26.690685691666758,1274.8150943535359
1931,6,2,1,3912.2468771282684,9553.40260309178,2999.713178423463,3398.7045505732985,93.84302269316792,1791.1839620747064,1014.1851091722685,2354.740537063209,6001.455884303694,3652.5473232064583,3164.181372458498,4857.055115136665,856.0901666047455,24.737731232684634,1500.0365413230654
1931,6,3,1,3670.4649039161313,8578.862607350185,3669.5497084034146,3398.7045505732985,88.9027180050533,1605.8850634167068,1014.1851091722685,2309.1693415922146,5690.936307510637,3470.0601357515616,5738.446250129506,4673.828180271069,770.2087846458243,22.784776773702514,1574.8752921947378
1931,6,4,1,3668.6082164085306,9251.817717759637,3813.9794521207855,3398.7045505732985,82.31798010100482,1545.4741372084413,1014.1851091722685,1823.2596067508314,3315.6616524284464,3540.914099595773,6326.518935765096,4584.2377231600785,658.174579839102,14.972958937772148,1541.4667096501391
1931,6,5,1,2836.0901678612618,8996.697945574908,3708.6335274776407,3398.7045505732985,77.37942667296696,1416.403869867348,740.5139007784862,1696.0171422881388,3997.3215725226587,3342.752384168179,5580.698133794547,4832.2009883252285,722.5928090538545,18.878867855738275,1496.8631667278041
1931,6,6,1,3007.2148664785254,8624.889370373186,2933.4510728545442,3398.7045505732985,74.08530646086297,1212.6331687725813,1219.4501215409146,1662.1132709588153,2618.5816926982443,3134.140983425423,5870.176170653316,5318.783137645048,773.0091602496215,16.27431240594367,1512.818188998441
1931,6,7,1,3107.6822905009167,7491.315949633901,3167.9539872999644,1976.0316133790202,72.43912198485235,1120.401948932723,1444.8400650102712,1788.257634325818,3998.9695156898715,3022.5077598147604,5856.245168171814,5587.843510452484,654.4439424765054,13.67068121287673,1544.6400842454004
1931,6,8,1,3517.907080374879,9225.516710318128,3373.2342308683346,1976.0316133790202,65.85438408080387,929.9100341179644,1545.4647205138251,1534.870806496097,5383.712617052005,2972.425731414075,5490.761220715287,4690.1085966708,614.2988319371375,1.952954458982121,1531.0650929212136
1931,6,9,1,3410.0129063220834,9641.94932814575,2046.4287667267508,1976.0316133790202,62.56201512878262,1088.6513602159475,1348.277535161402,1476.3969231507767,4683.101350534903,2632.3012179245075,5292.244435353514,3800.94739330078,655.3742042353049,22.133175782891918,1453.934460397406
1931,6,10,1,3127.1775093307933,8787.16658628877,2207.2135855029137,1976.0316133790202,59.26964617675538,973.9519228209364,1686.2463896324355,1597.8743568611417,3996.3798907128153,2296.254630411594,6004.671804905147,3575.815244625197,653.5040903902972,11.717726753892727,1208.7912729131508
1931,6,11,1,3576.49588617028,10192.517083926294,2285.3812236513663,1976.0316133790202,57.621710440662,884.8574241495751,2004.2527980289608,1634.1116930187839,3312.0126354153645,1747.5187161792471,3269.0736264370826,3236.1421782023644,674.0465717030852,34.50250352759713,1071.1020751963708
1931,6,12,1,2219.360467419584,8422.897633220477,1727.264287271326,1976.0316133790202,57.621710440662,876.6554791682239,2084.682885992003,1740.352974026479,2617.9931415670576,2225.400666567359,3334.016682123017,3150.308740260605,607.758228643335,23.435453507787336,953.3346179943004
1931,6,13,1,4103.898287635174,9002.834847311236,2273.3554331669843,1976.0316133790202,54.32934148864076,882.8011291613313,2028.3934304911734,1687.7813840704764,4025.101185912798,2329.6426493453614,4274.564217309626,3256.1796137712854,630.1708238011207,30.596594609630998,1011.4250029465081
1931,6,14,1,3447.146656474107,8197.848679543791,1904.2839232013707,1034.437420975532,54.32934148864076,883.8350853983546,2294.0564483085523,1531.3019779351237,6802.7093942469455,1727.7662622298728,3352.5572074844385,3426.979485231205,646.0428156651141,33.85090253678653,846.7092315933783
1931,6,15,1,4358.780222706418,8470.590126715084,1958.5202382859698,1034.437420975532,51.03697253661352,668.7605706111667,2285.932196999147,1361.9336101891313,6841.90689958128,1513.8025836427607,3585.389329841163,3109.2705308743,569.4832319489648,25.38840796677134,805.331952842893
1931,6,16,1,2907.6757862098702,8476.551688401863,1859.7884984092257,1034.437420975532,49.390788060602894,682.0742093486018,2338.275587578275,1354.9332157041492,6837.904751889486,1314.621386721014,3353.4791120604314,2957.5447567347587,636.7018367675145,25.38840796677134,824.4250899910654
1931,6,17,1,3613.732785628332,7685.680394628225,1618.7916571022536,1034.437420975532,49.390788060602894,711.7801205629363,2289.9943226538494,1453.0622748674343,6139.765400123203,1181.0183369111567,3057.5477431697577,2787.7082235233424,597.4965783143548,24.086130241874038,813.2918341193404
1931,6,18,1,3526.262174159149,6916.901947105873,2301.6160408053106,1034.437420975532,47.74460358459227,665.6935543575236,334.03439562262366,1846.7315176711381,5431.856099579827,1174.7612692407554,3175.3466612121088,2898.3957882765794,569.4832319489648,29.944993618822288,738.4883429653939
1931,6,19,1,3043.5234221827122,8156.117747736326,2184.364583582569,1034.437420975532,46.098419108575655,647.2566043781835,209.28071373013003,1971.6405173054864,4740.308520482338,1258.21857305654,3208.740093631068,3133.0649856123714,632.0313473187197,20.180221323909798,725.7507699371837
1931,6,20,1,2396.1583778656795,6745.594718635165,1605.6835454742377,1034.437420975532,44.45223463256503,706.6568093210313,209.28071373013003,1815.1611111701334,3343.7943964972974,1176.8512063037783,3182.7218978199626,3099.7334822140915,684.3178123594844,13.67068121287673,686.7623370625718
1931,6,21,1,3009.9998977398627,7121.436114977923,1550.36490924613,530.7471954733509,44.45223463256503,612.4389994077831,64.39281587829984,1747.3533685114867,3344.382947628429,1425.1076936507268,3157.728040426636,2975.6555158066735,610.558604247132,9.11381828380824,803.7364506158309
1931,6,22,1,3187.7261519396943,6472.064241241091,1358.1927773057753,530.7471954733509,44.45223463256503,683.0965480998223,140.86291163168443,1555.8719899511204,4052.880799302937,1426.2546103316763,2850.6313827823947,2522.501203709958,559.2119912925657,10.415449028997308,840.3448525439767
1931,6,23,1,1929.2014697039172,6724.290902607384,1668.6986876124422,530.7471954733509,42.806050156554406,881.7787904101108,4.024521977210728,1492.7311769491369,3343.2058453661107,1274.861608448716,3001.8237332436624,2186.6814902811784,553.6112400849714,7.811817835928484,807.7207987187662
1931,6,24,1,2552.326427116106,6386.848977129967,1779.4562179735683,530.7471954733509,44.45223463256503,790.6279967505056,24.147596106191124,1540.6358372484503,2629.999584642495,1080.8670236284997,2422.9700933678682,2366.055072152763,524.6772222882009,9.11381828380824,818.06071094168
1931,6,25,1,2784.928112096265,6608.391129814259,1430.9488097362464,530.7471954733509,52.683157012624136,651.3459593830651,24.147596106191124,1350.2525597837741,2640.3580845506644,986.9600344975532,2783.8445179444757,2272.514928222938,514.4059816318119,1.302000447879097,753.6059469400706
1931,6,26,1,2842.588574137801,5901.858399904008,1151.890341546195,530.7471954733509,103.72012954924365,760.9337030219922,44.27020599223649,1396.9218563504587,1923.267386361437,957.7518896898322,2679.0546978077205,2106.531748005575,487.33248735263015,6.509909813721871,660.4938473573234
1931,6,27,1,2471.457371229491,8099.0445615878625,1304.918525459962,530.7471954733509,131.70876816160774,761.9560417732126,44.27020599223649,1510.300794480126,2636.3559368588703,868.0247746849551,2679.97660238367,2106.531748005575,477.0612466962411,0.0,657.3116578326227
1931,6,28,1,3151.417596235508,6673.179278145701,1356.0281350185703,603.7370086601218,93.84302269316792,752.7433755264441,44.27020599223649,1319.8900644880257,1934.0967271745008,904.5476992133032,2672.601365775816,1982.5501154229796,459.3191409872501,12.36840348797943,667.6603849849597
1931,6,29,1,2387.700134775511,5884.850415091765,1868.4470675579832,603.7370086601218,70.79293750884172,791.661952987529,44.27020599223649,1296.5279636773112,3344.382947628429,932.7108754894896,2419.282475063941,1965.3063607747456,435.9858743980738,3.905908917964242,662.0893495843856
1931,6,30,1,3528.1188616667505,6027.138865351352,1401.605880954349,603.7370086601218,59.26964617675538,749.664741786998,8.049160015154442,1247.4702972274858,1225.598875500048,871.1596802795127,2336.7207985925343,1995.8441832523788,445.3172629682545,0.0,641.4007102091348
1931,7,1,1,2974.310237871586,10324.022121135284,0.0,2001.4011594165297,12.149191684985015,32.15255372574919,24.559611708297997,0.0,750.4733183478785,756.773856634617,869.642829909276,431.26726709065406,0.0,0.0,481.00425427733416
1931,7,2,1,4061.7102214902284,9483.266583247154,0.0,2001.4011594165297,12.149191684985015,30.351843425315025,27.506393718958797,0.0,794.037873075343,712.5028727506442,547.9698365803248,709.6431207611008,0.0,0.0,481.00425427733416
1931,7,3,1,1895.7810945670958,7515.162196381023,0.0,2001.4011594165297,12.149191684985015,18.713446141573463,34.3829921486985,0.0,474.63117420197267,653.4748942387112,542.2847583617545,601.8263039884171,0.0,0.0,481.00425427733416
1931,7,4,1,2037.1987930627408,8838.015200676311,0.0,1279.0673417342962,11.620836518585223,13.95492395410655,36.34790035823794,0.0,529.3546583760208,562.830245889097,684.6063381252656,543.5058064239253,0.0,0.0,481.00425427733416
1931,7,5,1,3047.4430958098415,7967.451854354282,0.0,1279.0673417342962,11.620836518585223,15.304875805144825,18.66488707967965,0.0,461.2357504570999,561.7852773575854,558.643442893386,510.80047288721073,103.50840373899455,0.0,400.56802321678555
1931,7,6,1,1498.8625651642963,8873.083210598443,0.0,1279.0673417342962,11.092656478198501,15.497726069578865,48.136189008177894,0.0,11.167875423736335,505.9176914775467,517.3728480418744,478.99104392157125,78.73754707101877,0.0,399.76586463855097
1931,7,7,1,2574.5035279014214,8326.109925834886,0.0,1279.0673417342962,10.036296397419063,14.790221183793747,28.488267520062163,0.0,374.11841202473965,466.922524325874,493.17797461437095,432.15353827925094,73.4293008494379,0.0,380.4611691840083
1931,7,8,1,2575.4318716551575,7547.337095484719,0.0,1279.0673417342962,9.507941231025264,11.832409296751182,36.34790035823794,0.0,574.0256892300612,464.80710022549124,630.5212696675397,503.7295701431891,68.12105462784702,0.0,380.4611691840083
1931,7,9,1,2615.4538023745467,7132.219528028883,0.0,1279.0673417342962,8.979761190632548,8.102499302823906,15.718105069028958,0.0,90.4591317549464,358.3604887163593,562.9149340954574,537.3115414860629,88.46885229421122,0.0,380.4611691840083
1931,7,10,1,2646.7080420858115,7138.005749666117,0.0,1279.0673417342962,8.451581150245827,6.0446940414262285,30.453175729619606,0.0,580.723401102525,425.8119330738186,708.0944180444552,570.8935128289368,91.12249588862919,0.0,317.7253164215008
1931,7,11,1,3149.8703566458616,7123.364855523669,0.0,610.2539562660584,8.451581150245827,7.137899456079429,51.0829710188387,0.0,436.6578552203962,400.5160484999493,622.6953241558593,602.7125751770545,84.04483425985471,0.0,340.2474611184538
1931,7,12,1,1770.9704343338333,6818.360839224086,0.0,610.2539562660584,8.451581150245827,7.330865895371555,30.453175729619606,0.0,414.32822530466024,333.06460414249,402.08355912305615,566.481423650787,63.69703659350054,0.0,340.2474611184538
1931,7,13,1,2687.6583165590655,6306.7185744571625,0.0,610.2539562660584,7.923401109859105,6.687838055827943,30.453175729619606,0.0,320.51317499989113,280.35741089434566,514.5251872404934,524.9422783752541,71.65988544223427,0.0,340.2474611184538
1931,7,14,1,2758.831337683821,6613.651331302489,0.0,610.2539562660584,7.923401109859105,31.702957024936204,32.41808393915905,0.0,397.5780601122438,283.53054704493127,493.8847681226419,492.24657822097697,73.4293008494379,0.0,340.2474611184538
1931,7,15,1,2820.2051747406877,6956.791808392547,0.0,610.2539562660584,6.86686590307259,31.766853196888604,23.576577299861913,0.0,687.933875152222,265.6131597850536,613.4455482434885,438.3381698346757,33.61793370394389,0.0,312.89473509314945
1931,7,16,1,2215.6470924043815,5663.4836024570195,0.0,610.2539562660584,6.86686590307259,28.55229487345394,49.11806280929925,0.0,320.51317499989113,233.9837464286814,577.1532381022762,413.59001023057965,59.273977591878925,0.0,253.37633157306846
1931,7,17,1,3130.3751378161137,6311.540425821705,0.0,610.2539562660584,6.338685862685868,9.452915853294552,18.66488707967965,0.0,170.868164394498,154.93570007515612,412.05037192784647,346.42606754483194,53.08150318307371,0.0,226.82576412601492
1931,7,18,1,1638.320426846312,6141.9865978471935,0.0,680.7882766941739,5.810505822298367,7.973893734915185,0.0,0.0,457.8810090095561,218.1817832691865,650.4548952771634,344.6631585500352,59.273977591878925,0.0,266.2461285427582
1931,7,19,1,2333.64989844302,6387.550337328155,0.0,680.7882766941739,5.810505822298367,13.88986603357459,12.7701624510467,0.0,314.93371027662687,215.02139063729206,630.5212696675397,357.91869284948154,114.12489618215625,0.0,242.9130103381311
1931,7,20,1,2165.9291269230034,5986.021623717485,0.0,680.7882766941739,5.810505822298367,11.253509978874787,0.9823612561860354,0.0,314.93371027662687,231.8810658469898,827.6551981653448,467.4984186169215,319.36749308924726,0.0,257.3959393937457
1931,7,21,1,2929.4402897712025,5976.290250964172,0.0,680.7882766941739,5.810505822298367,10.867693275148602,0.0,0.0,579.6051539533254,187.6100819630171,431.26696064500766,437.4518986460382,361.83346286189413,0.0,180.97931615385824
1931,7,22,1,2181.5046721257513,6653.628862614118,0.0,680.7882766941739,4.753970615513172,10.546121267947752,0.0,0.0,929.1574417640401,168.63498265293657,670.3782775025525,517.8713756312324,142.4355426972542,0.0,180.97931615385824
1931,7,23,1,1299.8875539328853,6103.93780708131,0.0,680.7882766941739,5.282150655901727,10.867693275148602,5.8941443249696155,0.0,256.85548465503496,187.6100819630171,625.5429849572403,481.6402241049649,103.50840373899455,0.0,207.52106867148845
1931,7,24,1,2705.193698575313,7210.158180081442,0.0,680.7882766941739,4.753970615513172,14.404520654925667,0.0,0.0,441.1308438170845,165.4745900210422,836.9049740777156,470.1475988003153,100.85188304634187,0.0,173.7422590907707
1931,7,25,1,2359.0246277136557,7210.158180081442,0.0,440.73185666600045,4.753970615513172,15.048129368759751,0.0,0.0,338.3815873415073,128.58210345108398,774.2769232158898,401.2207471197707,73.4293008494379,0.0,178.56402548968256
1931,7,26,1,2766.67068493808,6006.536409522123,0.0,440.73185666600045,4.753970615513172,22.31370499386872,0.0,0.0,350.6705349598592,182.34700874940825,900.2398184477694,372.9371361436842,54.85091859026733,0.0,180.17715757560745
1931,7,27,1,3454.1608092805286,5068.905494223813,0.0,440.73185666600045,4.225790575124615,36.911075913235344,0.9823612561860354,0.0,170.868164394498,111.72370259326222,725.1701394685064,373.823407332281,53.965731370298066,0.0,169.7226512700934
1931,7,28,1,1653.8959720489306,5695.5708315357615,0.0,440.73185666600045,4.225790575124615,29.516546195623427,3.929468236890739,0.0,641.038121022406,135.96060076507564,711.6488723541071,425.9592733413886,50.42690055591082,0.0,152.82443155031928
1931,7,29,1,1800.16168792557,5159.556299873074,0.0,440.73185666600045,3.697610534736059,28.872937481789037,0.0,0.0,651.07880331979,54.807325126106804,763.6033169028286,456.0154266947095,46.00384155429923,0.0,200.2840116084009
1931,7,30,1,2363.8726450945214,5660.50282161363,0.0,440.73185666600045,3.697610534736059,29.001891574284944,0.0,0.0,0.0,127.53713491957234,966.422323619204,391.50066419235543,36.27253633109676,0.0,143.17208382303988
1931,7,31,1,2320.962533807767,4164.501518326842,0.0,440.73185666600045,3.697610534736059,32.60331217515329,1.9646760880788774,0.0,720.3277294105342,161.25648533894494,842.6002956804346,449.8211617568472,40.69559533271837,0.0,164.08991136350744
1931,8,1,1,2173.7684741773915,7068.132739895994,0.0,538.8701051679134,6.327127546152906,42.72911280651502,22.20473943591932,0.0,92.29305707963601,36.963850274532845,568.2210070994134,376.3666203083341,73.9682772498896,5.356714698496432,459.5575309709978
1931,8,2,1,1716.507600777489,5233.374460759278,0.0,538.8701051679134,5.536258493635086,21.21585258489294,27.13848119536922,0.0,92.29305707963601,157.58635195997448,325.17623071768844,377.2721582619278,74.84866930615438,6.121999266427,389.4523972039396
1931,8,3,1,1930.7487092935633,8836.261800180115,0.0,538.8701051679134,5.536258493635086,6.939821323031202,32.07338356216983,0.0,92.29305707963601,119.64762250662868,341.12517988217405,291.52542076251194,76.61041245141882,6.121999266427,396.46908103124986
1931,8,4,1,2137.4599184732047,8346.361701565022,0.0,538.8701051679134,5.536258493635086,5.849287930114146,6.5791347710850125,0.0,113.35141655206371,145.91328885182992,374.46739538026185,237.37617781405447,51.07328862336091,0.7652475976616575,339.6039712699685
1931,8,5,1,1882.2685354840053,8504.606096339568,0.0,538.8701051679134,5.536258493635086,4.163823088903867,17.26983706912434,0.0,113.35141655206371,126.45648453576196,235.31102132763976,274.3779999391407,58.11834313894893,3.0609534203759865,316.23559334761575
1931,8,6,1,2262.2705787063383,6939.433143480846,0.0,538.8701051679134,4.745389441116941,4.659541208385822,23.026449425485616,0.0,113.35141655206371,70.03710429701427,292.32569766014996,292.4309587161057,55.4762079374197,0.0,267.9474099229972
1931,8,7,1,2634.845871898395,8315.501852833475,0.0,435.06443973009334,4.745389441116941,26.17303377971087,31.250512965270815,0.0,113.35141655206371,70.03710429701427,305.84696477454924,236.47063986046075,47.55076136557692,0.0,240.68283319200705
1931,8,8,1,1977.2690462894916,6373.435463334348,0.0,435.06443973009334,4.745389441116941,19.728814401301268,27.13848119536922,0.0,0.0,70.03710429701427,253.18572671755678,257.2305791157288,49.312504510841364,0.0,268.72312371294566
1931,8,9,1,2012.6492582399426,7112.4061024227985,0.0,435.06443973009334,4.745389441116941,15.069040843216458,32.07338356216983,0.0,0.0,70.03710429701427,280.23850433058976,280.69749884934043,41.38705793899858,1.530476710188824,221.21065407827558
1931,8,10,1,2204.5069673587745,6908.5732947493,0.0,435.06443973009334,4.745389441116941,22.10807549504434,9.868644126261037,0.0,0.0,12.64564845357695,267.1986762725054,229.24560299666726,55.4762079374197,2.2957612781185612,213.4182564610169
1931,8,11,1,1532.0766416890615,7481.23389678113,0.0,435.06443973009334,3.954520388598796,18.14302758834826,23.84932002240262,0.0,0.0,84.62843318219497,305.3655257181914,176.89780257291903,38.74492273746935,6.121999266427,233.67496429413634
1931,8,12,1,2690.649646432459,7689.099525595665,0.0,435.06443973009334,4.745389441116941,20.719785940850024,33.71796414865313,0.0,58.47608618618596,83.65610270713397,259.9463602747779,210.29673964858665,49.312504510841364,4.591430130565864,255.48309970715266
1931,8,13,1,1560.9584473629723,7351.131579969242,0.0,435.06443973009334,3.954520388598796,18.440435225059392,27.13848119536922,0.0,58.47608618618596,27.236722468386276,295.7060144387605,222.93573746898616,51.07328862336091,3.8262379883065547,244.5790320006445
1931,8,14,1,1524.6498916586568,7868.823076447538,0.0,600.5716341086477,3.954520388598796,42.431705169803884,41.11915709152133,0.0,0.0,103.11163267132595,368.17795749520707,224.73717999369546,44.90958519678257,3.0609534203759865,248.47523080926575
1931,8,15,1,2479.29671848375,7206.300698989952,0.0,600.5716341086477,3.954520388598796,48.47976828212301,14.80238588572659,0.0,0.0,88.52030378614523,343.5426185481119,186.82981991501552,56.356599993674465,3.8262379883065547,216.53874147968972
1931,8,16,1,1757.457875250743,6055.543953388515,0.0,600.5716341086477,3.954520388598796,48.57851691150236,39.47457650503803,0.0,0.0,50.58284868467541,390.40610116059895,171.48384161631296,58.11834313894893,3.0609534203759865,239.9071194020586
1931,8,17,1,1836.6765422416838,4668.779501009883,0.0,600.5716341086477,3.163651336080657,44.314899619486035,27.961351792286226,0.0,0.0,31.12731872046057,315.99815849457246,179.60478305122206,51.07328862336091,5.356714698496432,280.40290520941846
1931,8,18,1,2235.2454605401576,6459.264417619431,0.0,600.5716341086477,3.163651336080657,35.09526288124288,30.42880297568653,0.0,208.32355838068528,68.09244334689225,411.6713667132751,150.7239023610449,49.312504510841364,6.121999266427,280.40290520941846
1931,8,19,1,2187.796779790364,5843.645503432945,0.0,600.5716341086477,2.3726071575544285,28.156138607363463,18.092707666017724,0.0,208.32355838068528,48.63691338270028,503.4725757128608,134.4820194912673,44.02919314052781,2.2957612781185612,337.2680149706837
1931,8,20,1,1999.6524456867342,6948.8138361350675,0.0,600.5716341086477,3.163651336080657,24.586085218166758,30.42880297568653,0.0,191.87943977643076,75.87363585108656,393.7864179392095,222.03019951539244,56.356599993674465,3.8262379883065547,286.63506031734073
1931,8,21,1,2191.510154805566,8495.225403685348,0.0,234.30754124717078,3.163651336080657,27.660071963302542,23.026449425485616,0.0,191.87943977643076,88.52030378614523,545.9928634340646,132.680576966558,44.02919314052781,2.2957612781185612,296.7634142338843
1931,8,22,1,1710.9375382546853,7839.365948112731,0.0,234.30754124717078,3.163651336080657,25.082151862227683,34.53967413823742,0.0,188.77188980398537,62.255911792819965,433.88926699447546,141.69742297254209,44.90958519678257,0.7652475976616575,302.9955693418228
1931,8,23,1,2597.5058231344447,6284.88873828074,0.0,234.30754124717078,3.163651336080657,25.578218506288607,20.560158849418027,0.0,188.77188980398537,71.98303959898941,475.9281156593214,133.57648153767357,46.670369309312136,0.0,243.0187894912919
1931,8,24,1,2217.606929218011,7254.606882657792,0.0,234.30754124717078,3.163651336080657,25.180900491607026,24.671030011986904,0.0,188.77188980398537,68.09244334689225,501.0551370469659,235.56510190686703,43.14784205151813,0.0,269.4988375029103
1931,8,25,1,2130.961512196536,5012.095318149488,0.0,234.30754124717078,3.163651336080657,26.866597682530482,27.13848119536922,0.0,188.77188980398537,6.809244334690185,432.9263888817598,184.1228394367125,39.62627382646902,0.0,348.9477964671403
1931,8,26,1,2446.7015377947655,6853.604189196127,0.0,234.30754124717078,3.163651336080657,36.48355243545521,27.961351792286226,0.0,188.77188980398537,86.57436848417011,483.18043165704887,120.04157914615845,43.14784205151813,0.0,288.19530282667716
1931,8,27,1,2211.933717389179,5291.061337081701,0.0,234.30754124717078,3.163651336080657,45.10837390025809,32.895093551754115,0.0,524.9993800055146,134.24022574368536,340.1623017695013,138.09453792316404,36.98413862493979,0.0,270.2833662222821
1931,8,28,1,2185.0117485290266,6967.575221443507,0.0,358.688141269542,3.163651336080657,37.17711633827483,35.36254473515442,0.0,194.39843861774455,78.7919016281227,367.69651843884924,136.28346201597662,37.86453068120457,0.0,252.3626146884637
1931,8,29,1,2116.0048628298277,7744.156301173791,0.0,358.688141269542,3.163651336080657,27.758820592681882,30.42880297568653,0.0,194.39843861774455,71.98303959898941,441.141582992203,186.82981991501552,40.5066658827338,0.0,207.97063007248258
1931,8,30,1,1986.5524838276267,5464.121966048244,0.0,358.688141269542,3.163651336080657,25.87562614299974,32.07338356216983,0.0,140.72257545715368,44.746317130603124,459.01628838212,167.8809565669349,37.86453068120457,0.0,211.08230016173204
1931,8,31,1,1421.2942870689005,6032.749746939038,0.0,358.688141269542,2.3726071575544285,24.487336588787414,19.737288252519015,0.0,140.72257545715368,26.264391993325273,314.06215888499247,185.02837739030622,41.38705793899858,0.7652475976616575,253.14714340785162
1931,9,1,1,799.9125529276043,10399.418342468138,0.0,454.39417182565785,5.229963105491983,20.77090287840834,22.01323922647087,115.34316646455568,317.4762511631881,16.82271900552938,295.3065224558061,124.83900362371767,16.927886911854074,0.0,296.21688860915265
1931,9,2,1,2545.6217222275104,9635.812426409422,0.0,454.39417182565785,6.973342515986298,21.822285344136187,16.220648042881827,102.21262261287518,78.03481737644911,0.0,215.15204126614594,437.30739790878516,16.927886911854074,1.694439853124688,356.484561130896
1931,9,3,1,1072.3401849457769,10934.205493783631,0.0,568.2545564269265,5.229963105491983,22.786536666305675,8.110091899974927,94.23217289996573,204.75693852591428,69.39355660380646,166.63937380105534,522.7266004037009,11.002982637794915,3.388972131920703,356.484561130896
1931,9,4,1,3035.374627010498,8633.568702828854,0.0,568.2545564269265,5.229963105491983,23.487071060617883,6.951573663254501,92.42991447668194,158.73224007025465,64.13685514955462,143.4381086387992,438.7716720464757,22.851832153178346,0.0,340.35324027163074
1931,9,5,1,1135.570709510245,9457.842276053383,0.0,568.2545564269265,5.229963105491983,23.136222989166228,0.0,94.23217289996573,60.026329865627055,73.59891776723536,280.23850433058976,459.21370967976253,20.313272487677914,0.8472384116968351,240.19801207328726
1931,9,6,1,2558.9279826986735,8490.578892370715,0.0,568.2545564269265,5.229963105491983,23.837919132051532,0.0,99.12421328125181,0.0,0.0,222.6911720208499,379.6323369707746,18.620579699765994,2.541705992522713,238.50554562247152
1931,9,7,1,2761.925816863113,10381.007637258792,0.0,568.2545564269265,5.229963105491983,24.36302949063791,0.0,87.27982033791089,74.70008666737115,104.09033490572112,237.74894676191767,280.3410636973655,17.77375378944259,0.0,132.40905498743436
1931,9,8,1,794.806662281798,9088.751471620912,0.0,568.2545564269265,5.229963105491983,27.60663152858002,12.74462908978859,88.31066274147186,57.35901613926522,42.05616033788095,390.23196362955764,195.65399827131526,16.927886911854074,1.694439853124688,145.98404631163737
1931,9,9,1,3346.5760831456882,10253.009401042198,0.0,568.2545564269265,5.229963105491983,4.90780688013013,16.220648042881827,99.12421328125181,206.75801237183884,41.00482004703515,191.34641643740537,135.79215950922665,20.313272487677914,1.694439853124688,286.8818783414042
1931,9,10,1,2687.4520179471383,9570.936608053027,0.0,488.3172115959439,5.229963105491983,7.274056389764176,19.695506388631177,107.36271675164622,214.0913594659293,27.337396265925513,128.37009051358285,114.61798480707427,12.695675425706835,0.8472384116968351,240.19801207328726
1931,9,11,1,3629.2051815250516,9831.316581726347,0.0,488.3172115959439,5.229963105491983,23.575363952767347,6.951573663254501,113.02617315265512,108.71481074086687,83.06225473679208,37.064661308203206,167.18735302798186,22.00596527558983,0.8472384116968351,219.82671015756753
1931,9,12,1,2634.4332746745413,9168.531194194258,0.0,488.3172115959439,5.229963105491983,31.374182176535417,1.1585878731602197,107.36271675164622,60.69374684834319,49.416816725723216,108.47743844068242,154.0474193183948,17.77375378944259,2.541705992522713,197.76294179104818
1931,9,13,1,2974.207088565558,8893.247316303987,0.0,488.3172115959439,5.229963105491983,22.43568859487203,18.537220273386684,97.32195485796801,120.05265973130923,68.34221631296066,94.01685299716937,125.57114069258326,22.00596527558983,0.8472384116968351,182.48666908660613
1931,9,14,1,0.0,9741.89315642428,0.0,488.3172115959439,5.229963105491983,18.491552162617708,68.35628990995556,108.90692141744503,34.68214105621737,70.44489689467511,103.96010601835782,146.74531539473563,19.46644657735451,2.541705992522713,177.39163987532845
1931,9,15,1,4124.012402300832,10040.847941012125,0.0,488.3172115959439,5.229963105491983,18.228996983333523,0.0,102.72873012784513,204.08599023641654,23.130760750643493,86.1816884397467,148.19995614994812,22.851832153178346,2.541705992522713,156.17410473420892
1931,9,16,1,3490.4693649847154,10401.171742964336,0.0,488.3172115959439,5.229963105491983,17.878148911900237,22.01323922647087,109.16497517495574,104.04642316863556,56.77619876168949,37.064661308203206,203.68823926384,21.159139365266427,8.472384116968012,215.58672910111295
1931,9,17,1,2150.766178944368,9944.410913725991,0.0,274.54969271400637,5.229963105491983,27.60663152858002,25.489258179573042,106.58992810557024,32.68106721031828,54.67351817999791,107.27896249190506,163.53630106617257,21.159139365266427,0.0,211.34674804465837
1931,9,18,1,1921.2589731436303,9175.544796178685,0.0,274.54969271400637,6.973342515986298,20.42005480695669,6.951573663254501,107.36271675164622,0.0,64.13685514955462,111.79629491422968,160.61738617318832,21.159139365266427,0.0,181.63162093178303
1931,9,19,1,776.4460858177131,5971.117719500536,0.0,274.54969271400637,8.716721926487638,42.15404725896142,93.8455480895286,84.96282702601034,0.0,87.26761590019812,124.7541758988677,182.51406456172816,20.313272487677914,0.0,202.85797100232588
1931,9,20,1,2137.5630677791037,6650.648081770727,0.0,274.54969271400637,6.973342515986298,36.98310432525343,0.0,87.53787409539586,206.75801237183884,47.31413614400876,101.85099321618574,146.01317832587006,23.69865806350175,0.0,191.82167935435456
1931,9,21,1,2371.1962458190274,11323.460403921645,0.0,274.54969271400637,8.716721926487638,40.48926154249773,15.061201320297474,98.09337087769084,0.0,148.24535276971147,138.9207762165175,113.88584773820868,19.46644657735451,0.0,186.7266501430607
1931,9,22,1,2183.464508939251,11962.574884756159,0.0,274.54969271400637,12.203305621483244,28.48258995860005,67.19800379469308,109.16497517495574,290.13216561007215,71.49623718552091,110.58757558126078,160.61738617318832,22.00596527558983,0.0,176.54540664992868
1931,9,23,1,1954.8856468923786,12047.614808817736,0.0,274.54969271400637,40.09685081145949,17.96644180405076,0.0,111.2239147293456,0.0,57.82753905255815,164.2321785193091,235.80593646898265,28.776736427237505,0.0,134.9565695930894
1931,9,24,1,2281.3532003122323,13817.672609647601,0.0,402.7008124226556,55.78638987591819,24.013343167777357,53.29508858965307,103.7581999050529,218.76445544722114,41.00482004703515,151.27429753467106,200.0371873020307,24.544524941090266,0.0,195.2154271853932
1931,9,25,1,3838.391974048075,9457.842276053383,0.0,402.7008124226556,38.35259577091677,13.67145730036013,3.4757868316272504,91.39907207309523,150.7397157092902,43.10877498060272,143.4381086387992,170.83840498983173,22.851832153178346,2.541705992522713,162.96160039630232
1931,9,26,1,134.6820488152668,2020.0927115759132,0.0,402.7008124226556,29.63657434845744,11.568343844306252,93.8455480895286,85.99229680321814,190.7494216046625,43.10877498060272,141.32797149822085,125.57114069258326,14.388368213618753,1.694439853124688,151.07907552291508
1931,9,27,1,2053.8058313251236,3277.017857217161,0.0,402.7008124226556,24.40731174699479,14.722839766099932,88.05295690591944,91.14239094198918,0.0,5.25708375982958,124.7541758988677,143.8264005017514,12.695675425706835,0.8472384116968351,153.6265901285539
1931,9,28,1,1592.7284336041193,6414.815715042717,0.0,402.7008124226556,20.920552925998106,15.950808016140767,0.0,95.5196964346585,188.7483477587379,45.21145556231717,150.66993786818662,127.03541483031447,15.234235091197256,1.694439853124688,164.66288177654138
1931,9,29,1,2460.936142019794,10816.727660543856,0.0,402.7008124226556,20.920552925998106,20.42005480695669,0.0,80.32884040220924,221.43647758264348,196.619749667675,147.65838291999881,137.97893733334533,16.08106100153067,1.694439853124688,168.05662960758002
1931,9,30,1,267.32174137210774,11102.53194141095,0.0,402.7008124226556,20.920552925998106,20.42005480695669,0.0,107.36271675164622,0.0,0.0,112.0933530553976,153.3152822495292,14.388368213618753,1.694439853124688,130.70777360719532
1931,10,1,1,1115.043997620604,11972.218587484882,0.0,65.82582578276343,6.476334905038956,112.9835347409712,3.408239485026237,0.0,99.5416528108025,66.72251508910963,130.40852396490635,340.55933761142904,11.396186061612383,8.448723144818617,212.4926888707263
1931,10,2,1,1936.7313690402207,8597.623992658624,0.0,65.82582578276343,6.476334905038956,35.3415535803957,12.49741972851686,0.0,49.14519655301828,0.0,125.81948785336985,312.10232575057375,18.99364343603065,7.603860072903505,263.3019421126975
1931,10,3,1,2493.7376213207053,2977.53705248031,0.0,65.82582578276343,6.476334905038956,30.333255448019447,3.408239485026237,0.0,37.249401090279605,96.50921564477503,247.03969621101163,324.028453267064,20.89348729600016,6.758997000990275,215.5690992422501
1931,10,4,1,2202.4439812392466,2627.2076333562786,0.0,65.82582578276343,6.476334905038956,62.61360151769146,4.544358000279316,0.0,20.9724310072843,0.0,158.87488859443832,183.58337001757187,19.94308584963795,6.758997000990275,160.13200804885818
1931,10,5,1,1329.6977033605324,7750.731553034168,0.0,341.045833107638,7.401525605763089,58.4394388664157,3.408239485026237,0.0,29.73713445232212,0.0,191.01862814374874,168.90209511034737,20.89348729600016,0.0,253.28818227875428
1931,10,6,1,1870.3032159905613,8343.205580672084,0.0,341.045833107638,8.326716306481227,59.831213666365315,27.26614800166219,0.0,87.02081604681264,81.01946869285992,108.36476121474735,257.94344941963817,21.84292970961747,0.0,211.71697508077787
1931,10,7,1,1815.1183372924077,10058.381945973371,0.0,341.045833107638,7.401525605763089,52.039365934071824,12.49741972851686,0.0,0.0,70.29707207802191,101.01923042097565,294.65627007017747,22.792372123234777,0.8448723144819765,209.40746356977914
1931,10,8,1,1749.7216773023833,11020.998818341404,0.0,341.045833107638,7.401525605763089,61.500646377157395,13.632493697173015,0.0,79.50854940886349,22.63758657785197,128.5749581971129,279.97499516295295,25.641658396821597,0.8448723144819765,226.34975793671845
1931,10,9,1,2605.1388717767763,11256.831185069052,0.0,341.045833107638,7.401525605763089,48.97815842333013,14.768728273159077,0.0,55.0919171821253,116.76376423001531,197.45147340727024,235.91190367632328,22.792372123234777,0.0,205.55533940830688
1931,10,10,1,2706.3283409411056,1247.3691129371177,0.0,341.045833107638,7.401525605763089,61.500646377157395,0.0,0.0,0.0,8.34025066854694,134.0756555004933,316.6878158134518,20.89348729600016,3.3794522876585664,207.86485091930558
1931,10,11,1,1647.50071507829,2092.683492115287,0.0,341.045833107638,7.401525605763089,63.17007908794948,9.088599939825649,0.0,55.40502638389068,10.72316122596224,134.99756007648583,175.3275612278472,17.09475860879603,3.3794522876585664,222.4976337752462
1931,10,12,1,2283.2098878198335,5920.093765063444,0.0,249.70382996626623,7.401525605763089,52.31702384491429,7.9525974853055725,0.0,55.0919171821253,81.01946869285992,163.46392470601776,213.880357933049,19.94308584963795,0.8448723144819765,217.11171189272366
1931,10,13,1,1509.4869436798922,5045.8482776998335,0.0,249.70382996626623,7.401525605763089,44.52517611263881,0.0,0.0,205.65153624526295,85.78554467806106,140.50850076401485,232.24158494951715,22.792372123234777,3.3794522876585664,210.18317735972758
1931,10,14,1,1638.320426846312,8376.783200172522,0.0,249.70382996626623,7.401525605763089,53.15232107460588,54.53229600334237,0.0,0.0,0.0,79.89737224680913,226.73129016808917,21.84292970961747,1.689726143829464,177.0743024157975
1931,10,15,1,2922.013539740798,8798.563689513689,0.0,249.70382996626623,7.401525605763089,62.335943606848986,19.31366657710297,0.0,101.10719881970405,42.893409514957085,234.18424906811717,186.33851740826557,22.792372123234777,5.069270857160051,196.31729336431212
1931,10,16,1,1661.8384686092172,7747.750772190779,0.0,249.70382996626623,8.326716306481227,33.95094052903718,252.21157886366802,0.0,57.90989999802292,51.232768137194526,128.5749581971129,182.66819868145944,21.84292970961747,5.069270857160051,195.550394503787
1931,10,17,1,1815.1183372924077,8670.653123321687,0.0,249.70382996626623,8.326716306481227,12.522487953822392,126.09998639517043,0.0,0.0,0.0,230.50687414833874,207.45489181550857,21.84292970961747,10.982942657873267,144.74114126181578
1931,10,18,1,2656.1977782358736,8637.16317384584,0.0,249.70382996626623,7.401525605763089,32.83798538850313,7.9525974853055725,0.0,123.64282163127261,0.0,126.73114904517082,235.91190367632328,24.692215983204285,1.689726143829464,209.40746356977914
1931,10,19,1,3726.2686784501952,8824.864696955197,0.0,172.44308861630637,8.326716306481227,69.57131376886645,13.632493697173015,0.0,0.0,36.93581453344424,258.9732387778706,290.98595134337137,22.792372123234777,0.0,349.5295818096137
1931,10,20,1,1399.1171862835852,8504.693766364524,0.0,172.44308861630637,8.326716306481227,32.83798538850313,14.768728273159077,0.0,66.67460344309332,25.020624570441406,191.01862814374874,246.92285985674164,20.89348729600016,2.5345892157434537,207.09795205878046
1931,10,21,1,1870.3032159905613,7849.79868106496,0.0,172.44308861630637,10.177097707923497,17.81076749420642,15.904962849145159,0.0,141.16987431685558,42.893409514957085,670.3987642709355,234.07192762170143,20.89348729600016,4.224407785244938,160.90772183880662
1931,10,22,1,2421.223659218231,7962.454662940192,0.0,172.44308861630637,10.177097707923497,7.791963907141869,0.0,0.0,25.98100113334335,101.27529162997617,206.62954563038622,274.4647003814845,20.89348729600016,0.0,194.7834956432619
1931,10,23,1,1792.6317885891374,9209.736105853079,0.0,172.44308861630637,8.326716306481227,11.409648988151499,14.768728273159077,0.0,27.85965634396387,65.53099609282079,197.45147340727024,382.78245304339634,18.99364343603065,0.0,199.40251866525927
1931,10,24,1,1213.1389876055118,10767.632446652511,0.0,172.44308861630637,8.326716306481227,12.801307613245102,0.0,0.0,10.32977861298333,0.0,201.1186049428572,341.4745089475009,15.194914748816512,5.914133929075163,224.04024642571977
1931,10,25,1,1957.1549316238336,6917.690977329017,0.0,172.44308861630637,8.326716306481227,11.409648988151499,6.816478970052493,0.0,94.2199734829815,0.0,170.81867454553176,277.2198477722187,18.04420102241334,5.069270857160051,170.1457678828014
1931,10,26,1,1706.8115660156288,9492.033585727777,0.0,832.6680681323887,8.326716306481227,13.914262753774064,4.544358000279316,0.0,92.65560457641398,64.33947709650907,176.3296152330608,142.28505930415454,17.09475860879603,5.914133929075163,398.02932354058623
1931,10,27,1,2091.042730783175,9246.557516271409,0.0,832.6680681323887,7.401525605763089,19.480200204984257,28.402382577657036,0.0,37.87561949381978,36.93581453344424,144.1858756837933,194.6039595804278,15.194914748816512,3.3794522876585664,329.5108770711506
1931,10,28,1,1523.8246972108197,8101.0609721582005,0.0,832.6680681323887,7.401525605763089,14.193082413196773,273.79887520007543,0.0,74.81308848454799,50.04124914090567,189.18506237595525,348.8151464011131,29.440387084025723,7.603860072903505,240.20682700271058
1931,10,29,1,1398.0856932238212,8699.584231507852,0.0,832.6680681323887,8.326716306481227,10.57481645789667,72.70856739713578,0.0,98.60232520551669,86.9770636743499,137.7530304202718,333.20906677533867,59.830216581678776,14.362949499566923,286.39705722268445
1931,10,30,1,841.1310155963506,8800.317090009523,0.0,832.6680681323887,9.251907007199366,11.966010383557904,81.79728339768984,0.0,100.79408961792373,0.0,81.73401102982143,201.02942569796818,250.71992948656217,10.982942657873267,218.64550961377392
1931,10,31,1,1123.1927927928177,11457.595541874569,0.0,832.6680681323887,10.177097707923497,11.688352472716124,82.93351797366668,0.0,92.96871377819427,221.6097897932987,267.2396498092286,206.53972047943674,281.111677049695,10.982942657873267,269.46357778518467
1931,11,1,1,2033.6917166594656,6130.589494622274,1388.9788009457884,893.9622878477671,62.45518826384876,30.65505980494565,36.210948693319224,498.7437913972007,259.2920863379826,0.0,253.339377480215,392.8300709753116,54.507584868974455,3.359303491062229,278.5605849582767
1931,11,2,1,3622.9130738603094,3606.0434603134113,572.2712917801227,892.868371642451,59.90535358611025,140.37408103351498,30.55298795998135,303.3367014197381,1505.8669241521472,71.18147227418916,326.2927595930194,439.5519760277725,81.31446804615503,13.436844261563879,284.48421753610756
1931,11,3,1,1971.1832372368062,3805.492766746779,566.4748607666771,892.868371642451,58.630436247240986,83.89915901743828,18.105474346659612,277.3803367704619,802.2422758435347,27.286422191206476,297.9185854210824,349.92298538686936,100.97655730267837,19.316041286450982,339.5158219756543
1931,11,4,1,3072.714675774449,4746.104462888481,857.2464488884677,892.868371642451,65.00327168150451,58.89019731580178,33.94776439999127,248.67871938194781,0.0,20.16789265824619,277.65717151780217,304.1547852004334,72.37820096527159,13.436844261563879,222.67393236387448
1931,11,5,1,6362.042894102455,5073.639675563037,446.0004916941419,892.868371642451,71.37610711576805,58.08394380065366,20.368658639987565,331.3520056234556,1326.3588291523795,48.64073643828248,376.9667811196031,332.76593118101994,75.95251599106999,10.078095324534855,280.2530514090763
1931,11,6,1,3554.4219346909927,6297.776231926991,479.5885245169805,892.868371642451,72.6510244546373,46.78942409687116,50.921646599986914,236.39371337393652,432.1495535557815,10.677284558724985,180.37575198321912,305.10849006645833,73.2720194799049,9.237945961916125,223.52016558927428
1931,11,7,1,2101.1513627690183,10531.800079924862,297.7224950217538,892.868371642451,75.20085913237581,45.17575531794778,50.921646599986914,368.2482024385222,188.37167503483352,164.90113168057877,38.50692980040833,278.41438720035933,75.05965650918156,6.718514556453199,207.4329193771743
1931,11,8,1,3700.4813519557056,6361.33699991124,579.222198680086,892.868371642451,68.82802369811228,49.20934639094267,36.210948693319224,317.6943732458511,617.1900291883737,198.1234848715665,809.6575721653012,359.4600340470784,83.99496455732012,10.917320430429694,217.59653301145966
1931,11,9,1,892.8810224054743,6368.17526184612,465.68671071705404,887.0613058292721,67.55310635924303,102.4534456034533,43.00050157332108,235.70740018913992,201.67293059871633,170.83961138406627,534.0285907146309,313.6918338606019,92.03741312357025,18.47589192383225,235.3762456743754
1931,11,10,1,2503.3305067766664,8353.024623450354,510.8676055668463,887.0613058292721,65.00327168150451,72.6046393136558,44.13209371998506,224.7675680233753,798.9110764412384,128.1233367787041,277.65717151780217,277.4606823343343,89.35595757966027,21.835565117585165,243.84739285784505
1931,11,11,1,1688.0383923276902,6775.928547218072,601.2293952664933,887.0613058292721,66.27818902037377,81.47807497479369,38.474132986647184,309.4860675555868,523.0100771822689,24.913579013545146,355.6810287985439,295.58107478872745,82.20732752805347,15.956368092698064,211.67290043362883
1931,11,12,1,1578.184381461265,5252.574196191768,440.20406068069633,887.0613058292721,70.10294103698155,69.37730175584504,46.395278013313,230.9169341591983,96.40232107726752,28.472843780037145,65.86700893873919,296.5347796547524,76.84633450571332,15.116218730077449,226.0676801949293
1931,11,13,1,586.5172687205985,4753.907095096413,635.983929766372,887.0613058292721,75.20085913237581,61.3101196098913,32.816172253309304,269.18575734388384,636.0354364076497,35.59137331302114,339.4657516454219,278.41438720035933,73.2720194799049,12.597619155669042,219.2889994622592
1931,11,14,1,3457.6678856838043,4388.235421631019,554.8940245301834,887.0613058292721,71.37610711576805,32.268728583851015,33.94776439999127,327.934165963133,501.9517177098412,49.82715802711315,396.21409998929585,330.85852144897,91.14359460893692,15.116218730077449,258.2421726191455
1931,11,15,1,2075.9829321103093,4483.094388471227,756.4582988388446,887.0613058292721,67.55310635924303,164.57330397424803,57.71119947997077,251.42397212115998,206.09883510496488,7.118147227421065,389.12567813837524,362.3211486451533,112.59044379651223,30.233361716882563,265.85827164777584
1931,11,16,1,3630.9587197266246,5298.513289190177,523.6149434803176,843.967989784885,66.27818902037377,258.1521521679904,63.369160213308646,242.54307950978523,324.6683459857938,35.59137331302114,373.9244960188407,324.18258738683585,90.24977609429358,26.03446341723292,259.9346390699451
1931,11,17,1,2752.229782101253,7148.438482617982,657.9911263527792,843.967989784885,66.27818902037377,226.69200059646965,281.77224755656954,243.9019796156923,303.6099865133661,0.0,651.5816675366858,323.2288825208109,99.18316607696237,20.15526639234582,270.0894377748071
1931,11,18,1,3096.851613373264,5237.933302049319,1091.2442801335123,843.967989784885,70.10294103698155,247.6615624822098,281.77224755656954,150.30258747210604,711.3817522171024,96.09505128775717,400.2704801236028,362.3211486451533,110.7970525707962,19.316041286450982,235.3762456743754
1931,11,19,1,1775.7153024088,4571.027423351239,947.6082385880521,843.967989784885,95.59428277403563,225.87877658981094,251.2134565599426,247.3198192760407,292.53345422514855,69.99505068535849,327.3068546266069,363.27485351117826,112.59044379651223,19.316041286450982,182.88334091102794
1931,11,20,1,4086.466054924825,6461.105488140221,1190.8779542965551,843.967989784885,91.76953075742787,274.2888399570801,192.3706649332899,210.42362246094845,277.019246408114,0.0,247.25480727873324,306.0621949324427,111.6985433473587,19.316041286450982,182.88334091102794
1931,11,21,1,3035.374627010498,10934.205493783631,989.3016541974341,843.967989784885,87.94653000090285,259.76698269548683,237.63435079993891,176.94526530620456,653.7625964778362,0.0,293.87244867096706,297.4884845207774,106.33755032501854,20.995415754966434,230.29884632194435
1931,11,22,1,3194.6371554402167,8222.04560639037,1032.1735972742536,843.967989784885,77.74894255003157,275.89205299875556,757.0409491564654,256.20071188738973,200.5546834495718,42.708628494152016,321.2325278093166,309.8770143965426,102.76035820098545,20.15526639234582,194.73942099611287
1931,11,23,1,3341.728065764694,25284.911854250895,1187.4025008466049,783.7793236812214,75.20085913237581,214.58658038319263,552.2169675732082,266.4542308683835,200.5546834495718,102.02715923191049,381.0129178697185,447.1816149559317,108.12135122332559,18.47589192383225,226.0676801949293
1931,11,24,1,3326.668267091957,15387.84275392005,858.4009247749228,783.7793236812214,73.92594179350657,135.52958945104356,253.47664085327054,211.79624883056744,200.5546834495718,23.72715742471448,311.0915774734849,417.62639749179834,95.61172814937865,25.194314054614193,191.35448809449758
1931,11,25,1,2908.3978313516795,12759.49541024117,888.5255299383334,783.7793236812214,71.37610711576805,174.25066965336987,127.87571560994485,186.51247110237594,200.5546834495718,0.0,338.45165661183444,273.64586287027504,88.46309809776184,24.35416469199546,202.35552002474324
1931,11,26,1,3209.6969541130825,14183.256613088042,719.3948125659931,783.7793236812214,70.10294103698155,149.23822270599607,127.87571560994485,174.21373883067855,649.3249209489638,3.55913733130392,325.27866455943195,283.1829115304841,80.4206495315117,18.47589192383225,369.1516147236712
1931,11,27,1,2151.591373392076,13487.156616129658,661.4665798027296,783.7793236812214,70.10294103698155,125.85222377192173,84.8705716073109,157.8245799775737,199.44820732299587,42.708628494152016,221.92291820751566,286.9977309945434,81.31446804615503,15.956368092698064,228.60637987112864
1931,11,28,1,3319.550964979507,11667.126901160345,627.8785469798911,783.7793236812214,75.20085913237581,129.8834913477344,76.94826597331235,183.0946314420533,633.8107131319291,4.745431484947376,85.12047383895548,356.5989194490441,78.63397153497995,14.276993624182612,227.76014664572884
1931,11,29,1,2976.8889705209967,15234.420210510047,1160.7533491332072,783.7793236812214,73.92594179350657,113.7468035586447,99.58126951396058,187.8850974719949,187.26519890825762,0.0,55.73425331024359,238.3684162100325,69.6977044540965,13.436844261563879,215.90406656064394
1931,11,30,1,3327.5966108456932,37808.574897764775,1255.7330423788624,2344.239153115843,71.37610711576805,125.038999765263,67.89552879998254,209.06472235504137,623.8406569702877,122.19505189015584,375.9526860860156,270.7847482722002,73.2720194799049,14.276993624182612,250.61725866107562
1931,12,1,1,1737.1374619731582,5009.552887430147,16356.277637804009,1323.871356525263,1530.5487728726328,660.4308332859108,105.73829139916117,2596.8718286621265,4757.258793059359,1194.335313928636,1675.7152176124366,713.1015050732257,158.85418322362835,44.59538695972559,258.10113374824283
1931,12,2,1,1562.8151348705737,4051.8455364512474,28487.895078445647,1323.871356525263,2916.7236646788415,600.8447485701251,83.4778428113974,7926.36823394069,1913.0265966794495,2395.399205718767,1858.969360549611,818.7219106393127,155.9866753279585,46.77108728932441,352.8175504874754
1931,12,3,1,1773.4460176773446,6287.255828950534,13779.150737001544,1323.871356525263,2317.9678430314707,608.7911088636668,71.23459608814801,3011.816780194757,4776.916400839672,747.5857796684883,932.0967432400605,731.0484966428502,145.0824730624879,45.95496860154388,254.31071409278238
1931,12,4,1,2254.0186342280963,11233.160278371477,7084.513432252574,8973.720479344609,956.0303907444161,514.4338891206926,107.96433625793215,1833.142516612016,2723.696924721027,527.5689297097822,1020.6610428395453,744.8531337439558,138.7816279539494,43.78019252866895,196.06166041080914
1931,12,5,1,1523.5152492929938,8676.088664859824,9430.023608325851,8973.720479344609,1056.14992956741,441.9407776707923,164.72499833472892,1748.7259948811056,2512.524778865563,396.2342262244647,890.0066776543428,1673.9928744268743,186.9538425357091,60.0951722304941,262.3675595929836
1931,12,6,1,1711.9690313144495,7298.44189506091,9267.074147262545,8973.720479344609,1355.5803781935178,565.0861272491612,193.67054514278394,1910.1468559470507,2521.5884662852322,382.7643269828513,866.3342168199202,1541.4375314326132,370.45516720373166,114.21040345312694,329.1406500350311
1931,12,7,1,1856.0686117655328,16596.812395992554,6199.535510507074,8973.720479344609,878.4670817629521,704.1241974146133,219.27354284069332,1551.8913734792536,2727.581362186583,328.88473001642063,990.8527948827692,1100.3249474422469,245.44524941092268,76.68280766606391,280.3588305622533
1931,12,8,1,2481.772301827261,29489.566243938913,4842.545312249718,8973.720479344609,642.1695590519859,695.1903508272784,212.58844462038414,1201.0892521984422,3134.6233244877035,300.8235018896494,1197.7589118859403,883.612375058598,209.88431537364892,63.90218567893198,273.2539974406289
1931,12,9,1,7327.4172487493015,64680.31420100163,4291.64385016032,8973.720479344609,503.27712203867065,560.1254608085881,202.57240336322042,1105.8976134660784,2310.887161334663,392.86993729373984,1089.8960764958908,1319.8697342764958,248.3127573065825,93.81205754222181,392.59932701089855
1931,12,10,1,38588.15536631766,62100.185370966,3578.5144744366426,8973.720479344609,408.56897686554737,1124.2241017639737,267.12538305305736,1054.5613872427305,3554.024860542918,282.867884073721,939.1134614017263,6282.603055274159,1732.396743390344,540.3112386069727,700.4254776810727
1931,12,11,1,20551.46772302894,33234.82970364429,3621.9275780852786,13414.438402485375,343.6322530671154,3105.470131678512,197.01309425294755,842.7925909395353,1899.3722104368546,211.03266929138476,1404.6752722733459,5703.444100273059,3643.844899530332,1791.671660547759,2653.4700574077146
1931,12,12,1,12729.655850727713,28586.564988438684,3386.342342496288,13414.438402485375,331.89881052532684,1257.2443142802233,159.16568922443807,1052.4200901061465,3138.390051727078,230.1097167508805,562.9456642479892,3292.1121304404883,1309.7510144199475,645.2790748145602,1483.7289218751719
1931,12,13,1,7283.0630471788,27762.466755264064,3610.3828192202895,13414.438402485375,364.36717242453983,1136.1320247184742,114.64247083426308,950.8182862277168,3560.2635025330555,230.1097167508805,711.1367031452176,2372.6057722426003,795.9684040697881,339.35934155446,1027.6444731000875
1931,12,14,1,10523.292195861339,20156.21540310973,3406.665928414883,13414.438402485375,287.71451868512884,794.4966195250047,233.7347101714207,1001.0838638827985,2730.7595382947716,243.57961599247102,727.7924458179742,2059.23184000398,586.0840886961392,246.36062992984517,762.9409572078029
1931,12,15,1,52426.666256307515,15925.26000597984,3363.2528247662467,13414.438402485375,252.53170366057273,854.0827042407902,627.7492926040246,898.411411436077,2731.230379199721,272.7622737628553,800.5716903997802,1823.7919720694097,477.69420830531266,195.78530196225458,652.5956705868879
1931,12,16,1,47529.13720847867,14406.815176343036,2825.579732209713,13414.438402485375,228.18918853656774,4867.261854655745,390.6720333224403,898.411411436077,2731.701220104615,213.2755285785423,1027.7187345378914,1688.5392819793235,410.6002777430996,167.50304619090446,548.4032047090042
1931,12,17,1,20067.69747799287,12459.663925405226,4569.800384064009,13414.438402485375,281.39246979321115,1722.0599215094887,478.6112507100414,1406.3929783007497,3149.1016823139043,390.6270780065823,2434.135382121436,1573.9020304072121,380.2085301799667,149.01791169982576,480.68691681781934
1931,12,18,1,12805.986337151418,10989.437609411305,5859.446155608814,4205.642313068599,781.9551387065446,1282.1057339120864,4815.011629615322,1740.0784487525498,1900.9024433778297,912.5888594984821,4852.49595260947,1539.4145211107445,344.6571864701119,135.6901297317586,478.7917069900891
1931,12,19,1,10375.788688313007,9734.87955443985,5015.235663605415,4205.642313068599,588.9487651945329,1027.88029194761,3582.910888178347,1050.2925192332486,3102.2530122746384,1024.8337720056586,9982.997351798782,1457.9161052872284,324.0092115558152,122.09431331357192,422.9050543956869
1931,12,20,1,8588.004917104736,11156.887356790525,4396.989774803527,4205.642313068599,473.5057006639793,1103.3590972504965,1961.1942660891295,944.4081210816511,5720.481574294226,737.4801693575996,6739.5321858056595,1404.0654971958365,300.4937287458386,116.38240675582831,395.9137404770787
1931,12,21,1,7891.747101754163,10430.102851150139,4142.764563963753,4205.642313068599,413.9803705154182,986.1735178922971,892.6579156569547,1071.6780380717419,3577.920036467445,746.4516065062297,3935.3033333477333,1482.770232098665,290.17453645239476,107.4078739604085,442.32434393282983
1931,12,22,1,7127.9264909880085,9282.502226441638,5556.516493307332,4205.642313068599,836.9797304472878,1002.0662384793984,834.7784281141359,1934.8541305999863,3582.8638659690823,1524.3797041446974,3405.720371366172,2911.1118531568445,617.6266755484976,220.80493149593036,720.7879646673691
1931,12,23,1,8153.643189631958,10781.659650621725,9623.15780350499,4205.642313068599,1570.2323263050068,896.7885820756993,606.6030270529881,2463.178020262258,3164.9925628548986,1575.990954786611,3111.120642418594,2040.543077982971,598.1199495960174,214.82499048806534,566.8792967969938
1931,12,24,1,7183.3176682982175,9113.299078566584,10483.242338947788,4205.642313068599,1753.3615929609489,916.6544828095803,438.5354796080955,2102.726335603107,3592.162973841226,1078.7133689720663,3074.2444593792375,1794.1211540154577,410.6002777430996,150.92188055240757,443.7435475712636
1931,12,25,1,6407.428588732721,9567.429807060633,7679.669803324483,2542.54055884011,1106.6562702995197,852.0961141674004,618.8474343835882,1384.019168476133,3168.406159415561,1575.990954786611,3081.312394461775,1711.9484014179857,363.00348280594756,135.6901297317586,465.0580469361368
1931,12,26,1,5574.188495043514,11465.485844107094,10418.543586141834,2542.54055884011,2160.004183737545,763.7102821304169,1610.574791722017,2330.582312958106,2746.179577930816,2211.2553608358903,3650.3323855270974,1873.5002256922423,352.1088708678859,128.35153133880107,422.9050543956869
1931,12,27,1,5075.358451334576,16085.696151374636,7715.145885253388,2542.54055884011,1406.979861566877,713.0696614877513,763.5403502039898,1341.2069520080627,4446.503795813882,1214.5337910317216,3003.2578070285444,3816.7461405762388,1281.0759354632492,452.75639908998,948.5745561014004
1931,12,28,1,4972.621742580601,37261.51394297663,6131.349278460647,2542.54055884011,849.6063156303197,764.7093859100133,747.9649998365352,1113.3921534441479,8736.45299074279,1955.3655058014008,2861.1820684853296,2362.9723897575695,751.8145366729339,302.1117955549366,884.1374219586538
1931,12,29,1,4987.784690559366,75138.47146008984,4532.520433562444,2542.54055884011,643.9733569352761,858.0558843875701,8690.627686398055,1065.2541466619898,6202.85808138212,2008.1236731242411,7146.399405339676,2146.2212838439677,571.74654921779,220.80493149593036,610.9186842357344
1931,12,30,1,4650.177012093905,99067.1280305949,4126.890520524354,2542.54055884011,526.7264945214382,811.3884438916842,2409.7689991009893,963.6523427835602,7091.09944850887,2214.696110878671,4615.7713442652885,4037.6396009584,830.3784988178264,252.0725364875888,722.207168305803
1931,12,31,1,4769.10816188628,161312.8456427384,4040.064313227144,2542.54055884011,444.6449345313469,727.9632782952559,1082.985911689593,963.6523427835602,5387.361634065142,16826.542061132484,3787.1839981397166,3367.348847648754,959.9917737675574,302.1117955549366,852.9237568424377
1932,1,1,1,225380.1209185653,451357.01395309035,77084.56176732595,19355.08978245376,168.20699569367073,8927.41199822124,8890.72167404434,836.792087553098,1165.9922745260683,441.5858199646992,1504.7601279034764,910.6104565055692,97.12373989886196,363.96101527501634,1183.7418438666814
1932,1,2,1,149251.72451940563,250611.82644420836,127637.62922378561,19355.08978245376,166.25843083724794,17543.05406769331,16018.716449708818,946.8928589580058,972.0967198097176,403.7172150788608,1537.7451009238853,843.4366728475145,127.12664441260618,2034.4031079177942,1116.7499202466665
1932,1,3,1,82278.76947667077,148321.28503840914,55401.584110195465,19355.08978245376,272.5411816086008,9950.085885381955,5864.535860309631,1178.8081797496834,1423.116673906123,499.7405206197906,1496.2748631047618,1108.27840792481,112.12519215576414,3004.815013156969,1060.8143872729524
1932,1,4,1,57680.28223490548,119035.50303392866,29312.966673883846,19355.08978245376,2089.148079734809,5245.357749045945,3031.9245261832416,2370.9036300462285,4072.9290545677527,3010.6368512756662,1917.6698445190555,3244.231770380814,814.0715489079371,1049.0421189047954,842.4642882547791
1932,1,5,1,33808.01982721108,91723.92847857966,19669.900954607703,19355.08978245376,3486.4983247104205,3647.9651196031764,2284.4358166515663,3838.9721929470766,10251.303809406973,3387.2998080802618,5296.717406773566,4688.302791653916,1981.1355279325012,840.0008191595908,839.0329946059309
1932,1,6,1,24791.813301041904,74181.1006274852,13472.19459598977,19355.08978245376,1791.7626962068784,2681.8209447980207,1798.187002166506,2343.017845148856,10258.786512917532,1517.5029573215243,3940.8677005496324,2698.2699126684233,865.39230662876,615.5186894638014,688.5898308473705
1932,1,7,1,20941.319146326707,61375.603475246324,10435.44697452435,19355.08978245376,1255.448874843527,2222.388555289653,1577.8889660813036,2748.192180569075,9495.550754844866,4943.333473141283,4076.6319373295437,9930.32511009131,2873.327162156311,518.5955180223102,742.7498055202785
1932,1,8,1,19029.094031510922,44082.108818828325,8878.096572317327,40381.51587619415,4534.253110152282,1923.551939518807,1417.7189320691273,14217.379484946661,25292.473203483223,18653.828317336203,13927.785347143274,16844.315875615936,4721.781968978549,448.11845596752823,679.9952572317112
1932,1,9,1,17052.760793411362,45445.13028306155,4734.3280901413655,40381.51587619415,9850.568456500798,1781.1141945985835,1232.7953473460063,17571.54113544721,29918.65464885969,15333.198588280246,18383.146920349925,26097.561803210152,7115.026357760499,408.67549512876724,645.6060697735273
1932,1,10,1,15711.498651589473,39002.10480626288,6904.938752491516,40381.51587619415,8983.457095395062,1781.1141945985835,1123.16024385109,12820.467752473438,19942.340193464002,13583.223962305872,9391.275959875225,9168.42026742762,2419.290467413003,364.58061545774603,743.6103521813772
1932,1,11,1,13447.680548141081,34717.409753128115,6470.45683610026,40381.51587619415,9462.574807149434,1333.4160029578943,923.847051794238,11450.655058615092,17922.94558356355,8275.090208489633,16694.459714625555,12390.650779624426,4001.6578089169484,347.49735327673625,586.2828151338083
1932,1,12,1,12871.709128015518,32291.845290043046,6141.4258737856235,40381.51587619415,4184.199164769981,1337.184650448324,876.2243037135651,6706.837224689793,10487.008969988128,5752.110500752672,12045.49069108099,8736.66147242775,2970.432751477766,402.15494082477903,674.8319772649002
1932,1,13,1,11165.832035018684,26756.648368221395,5795.26234379004,40381.51587619415,2631.823392247073,1189.950445085677,572.0554134547841,4567.848915435243,7271.036534962223,3660.509193985143,8390.970799796336,5904.094862404457,1786.0168204173976,585.3746488277557,1154.5486153623865
1932,1,14,1,10809.23059925441,24452.553923056068,5276.659520084972,40381.51587619415,1863.9169066254071,1060.8742685404088,427.13151102234656,3631.970504430425,5654.679042896898,2686.0225354748086,6249.815811986159,4576.134527386027,1320.9990263209231,349.3610712866948,1277.4216069775068
1932,1,15,1,11301.060107569529,18757.528030287765,4767.822259957947,11148.750394210829,1466.06581152981,1051.7096030524335,423.31997812743214,3228.981575350182,5492.772045688137,2155.144788982397,5248.55456573258,3790.193628093452,990.1139995301843,510.5308807232671,1276.5501673206427
1932,1,16,1,10004.172807333063,21101.26006024822,4830.6131205089505,11148.750394210829,1208.167521709875,1051.1956965764768,354.66955980616797,2674.762527547904,4899.113055922608,1870.4405618664994,4492.40991246871,3226.045759280863,800.6491968886543,421.0970035539959,29948.113107046884
1932,1,17,1,0.0,19072.071445111298,4443.6740794324805,11148.750394210829,1022.8819281569839,0.0,329.8817481253506,2467.760839031253,4208.833657077373,1906.3044664450113,3380.8402238316025,2968.8981058227964,769.8567422561003,353.39830739797685,973.1366647987248
1932,1,18,1,0.0,22468.11741978301,3939.1199612256164,11148.750394210829,1015.603465310972,1051.1956965764768,314.6270513030838,2950.823056405904,3153.491860713048,1860.3251016007189,3534.5310763836305,2964.065459516671,697.998606158245,331.03860874020774,1036.751759748391
1932,1,19,1,0.0,20776.487591285146,4093.827047385443,11148.750394210829,2306.6423041496487,0.0,301.2824035496188,3165.0802939710265,4663.220827753635,2233.585585406854,5505.02468204435,5517.355982995164,1887.9323127613372,314.579864203697,1185.4847231804101
1932,1,20,1,0.0,21486.128222287574,4707.515621720679,11148.750394210829,3147.677282618037,1068.3259124417814,1178.406057721592,4465.047401205655,6114.39763982425,4900.6646225658515,7122.842000083614,5759.242648117253,1835.8401554991713,383.8324782783099,1130.4750948420592
1932,1,21,1,10814.239046385554,31849.43869846281,5700.1765931604705,11148.750394210829,2638.1848833959507,1159.3730097660912,1635.1047857177434,4883.509007172477,5848.48106381934,3310.146433871441,8043.074943047366,4952.190714960259,1691.2708061635476,373.27468786303973,1050.4987203350956
1932,1,22,1,21409.108108410866,35232.69835545958,18988.8813892861,7163.413815026229,2934.0801879160776,1870.5339214156163,4845.272007504926,4736.6497011302645,5609.969889421567,5093.410119993165,7446.238148610891,6529.668209268643,1948.7367471962784,410.84901323009063,1076.2933341777298
1932,1,23,1,17264.117262361982,29908.475675287467,25249.12161994013,7163.413815026229,3737.118151684344,2668.4593764230654,7847.646447199338,4782.892899282865,7782.666387493742,4802.636616717708,13596.740509219926,9106.104565056434,3364.4817877711116,1351.515192236416,1047.0674266862475
1932,1,24,1,13066.036876718468,29662.978375913608,12191.535161831433,7163.413815026229,2073.559560883496,1731.3509175097054,2860.277067273921,4918.7377573718895,4866.469761857871,2979.4628419111377,7001.2995451493525,5384.966909182198,1829.4874533940615,776.6639115915267,1017.8415191947654
1932,1,25,1,29809.27563740218,37123.794739699224,18918.63786179389,7163.413815026229,1441.192954244968,3035.3029491793336,5112.250615000073,3780.9278005589163,4315.462182102321,2115.9703701350245,5360.775180465485,4282.487676825083,1427.54291591292,1277.900789573848,1020.4122661825149
1932,1,26,1,49222.01671918786,107348.80867831636,37970.053123116086,7163.413815026229,1164.2675017093898,5107.202558092027,10074.4381820915,3078.538202910518,3702.441697003246,1864.3712857070534,4869.585908312099,3655.896930738581,1125.1542957080528,1754.5995333352894,991.1863586910328
1932,1,27,1,33030.70883239823,76902.02902887983,22897.676705716476,7163.413815026229,989.756325597901,3300.3930396954465,3951.9172188702446,2824.5065699587653,3052.1947619393995,1600.6336489600778,4600.925693275385,3112.7329208876836,983.035274327308,1114.2476619445695,962.8209978607588
1932,1,28,1,30261.037568665528,74876.67630904447,14901.907368972856,7163.413815026229,874.6763776071157,2467.093688926069,2289.146700004889,2730.53409734252,3467.952475742477,1462.695554427088,4877.115086936365,2843.1221269556263,915.1521146894904,822.3471314135273,958.5182645550462
1932,1,29,1,25484.98238404483,60761.86022681168,12062.18427583967,8746.692570659396,791.2892638986696,2091.685008237108,1739.086829188769,2658.6779368860903,2664.4036525069073,1404.5776372639043,4692.351433712825,2621.4562713783675,882.7624092419709,689.4281398324259,927.5712637413667
1932,1,30,1,21874.893691642355,55300.823947509474,10043.111174628599,8746.692570659396,733.7492899032942,1761.3287952740889,1318.6190768007068,2647.6634889329016,3186.789891334724,1384.8984691105056,4172.838108639468,2804.7153063105984,898.5534116176226,599.9795102778465,1097.7961077103073
1932,1,31,1,19657.153301803737,51688.689204117414,9016.870370533925,8746.692570659396,688.9322982056748,1675.592064868079,1102.175399822739,2530.962790381476,3234.772727596003,1299.7446854188406,4010.661991288726,2681.9915251103766,780.1208938003251,540.6749213593129,950.7842376005951
1932,2,1,1,14582.594668144015,52728.21683115373,3847.289398455393,3581.658095120911,519.2753410158901,2337.332303746111,546.5823823770804,1263.5145294847468,1929.3215663926424,724.0462540762666,2255.88532875125,5989.810746890395,341.5212651724597,100.43915660539574,2491.663838833779
1932,2,2,1,20154.99294667738,56575.6198197801,3905.1974772172275,3581.658095120911,378.7322352102577,2337.332303746111,2377.368697348491,1367.3650387575387,6384.242635172257,724.0462540762666,4433.849634280111,5818.633327723972,912.7017867346117,277.1776499985214,2444.279307492882
1932,2,3,1,59413.20494241279,99228.21832246297,3830.842133481457,3581.658095120911,333.0154650348397,2337.332303746111,12531.80624402152,1625.3304031210141,17007.249741464122,12421.785206338533,9221.092620812995,5434.946645981874,1301.03339113334,360.8187572054431,2203.9798221178235
1932,2,4,1,34098.50976083943,70375.89248718935,3480.823775757817,3581.658095120911,309.306015590707,2337.332303746111,3020.2757964368957,1724.9849322211194,6718.15827932893,3603.2189053890334,6388.68732883327,5147.531365658051,1065.2573901453045,344.0207078069691,2067.8173757358522
1932,2,5,1,25748.426703162702,76391.85495361815,3583.619181844097,24632.685634564583,305.9246824575058,2337.332303746111,1660.4579034009341,1613.966290153424,3605.914821717657,2227.5163092472953,3501.546103363222,4969.995201352027,701.2384842318733,211.3820115466161,2047.5564037141964
1932,2,6,1,33775.96576556893,87536.40943977986,4568.142183635372,24632.685634564583,309.306015590707,2337.332303746111,4486.730958106546,2326.6710057263385,5556.655626909198,4656.054401594112,3383.349950039531,4738.791228064998,804.3882158419254,225.38202519928547,1997.3396934884897
1932,2,7,1,36262.15892165761,97581.34060582897,17339.871749985457,24632.685634564583,3531.0860734837306,2337.332303746111,5646.550439688769,7962.65912385823,8776.46294748429,6478.032712914645,5933.709820539297,4513.945999917815,1372.0929018237427,360.46961741994096,1857.3646986078468
1932,2,8,1,29258.34645293496,78189.6112188254,18909.214949569352,24632.685634564583,3427.2390287828975,2337.332303746111,4246.732864362124,11105.360856908606,8858.211483336578,6094.56481011313,5151.989862107476,4387.66132143924,1236.0543238864077,414.36499839399517,1803.335439883359
1932,2,9,1,21641.500055313445,50800.04012565436,41588.451417352786,24632.685634564583,7458.99164890377,2337.332303746111,2350.045573899363,8118.871969035322,6023.8569273469,3369.0919796018115,4062.4101554838953,4157.729097179983,889.3329182764408,317.07301731992413,1758.8920173842682
1932,2,10,1,18153.617472920523,39743.711231455265,21839.740651411947,24632.685634564583,3483.6900988879243,2337.332303746111,1555.276725985498,9623.655358446755,4712.139001953577,2597.006485136234,4054.6419553160176,4018.981278227418,728.1104141366092,258.6289842107314,1620.8777617314602
1932,2,11,1,18219.72897505645,33221.41058506841,13069.579255484976,24632.685634564583,1976.6471146422455,2337.332303746111,1555.276725985498,4804.834378935545,4634.693020619601,2029.5291642277236,4274.302753909104,3827.837399321619,728.1104141366092,258.6289842107314,1582.2076269589854
1932,2,12,1,17058.770929969363,35490.98197250942,10157.04274970754,5674.733475610247,1436.4934742971084,2337.332303746111,1082.0470800404762,3715.0159453471797,4257.377696101892,2107.8780019224682,4552.045787603802,3724.062678638456,585.9550916009307,205.43188280769942,1493.4297119179123
1932,2,13,1,16390.64408262425,41845.781857344446,8933.777417280928,5674.733475610247,1142.432113171319,2337.332303746111,1056.0943953850403,3743.86330903393,3771.001967918459,1968.9283613629793,4413.771824615484,3620.4151328577736,542.6115126664135,188.28469362370532,1551.3804490981795
1932,2,14,1,21759.699407617663,53570.835165984696,7789.664547540655,5674.733475610247,967.9782477908906,2337.332303746111,2975.1369686698454,3192.3541650931643,6610.50088257141,4402.7081013019415,5386.111464090062,3564.0766509182504,1314.1018068924732,591.0789044782917,1544.626791757591
1932,2,15,1,19296.54510833413,42767.67536176463,6767.9638738813455,5674.733475610247,833.6418941602217,2337.332303746111,2324.092889243927,2260.4969017537683,5700.417068105009,3276.6734562647775,5842.16456933029,3522.8719824117293,1585.3621867821037,711.1633208456781,1525.2372593927998
1932,2,16,1,16073.108534485415,37067.53494192656,7314.23579439161,5674.733475610247,807.680132984996,2337.332303746111,1415.3206641802258,2012.496990300277,4656.112259418499,2314.785143721897,5842.16456933029,3567.891898002307,1004.6344614847899,397.21780921000106,1407.4839757616473
1932,2,17,1,14891.115011445849,34134.3536671152,19340.95565513167,5674.733475610247,2817.624782379574,2337.332303746111,1090.1840603779901,2021.6756969278913,4140.928122719517,1929.8459012453195,4885.480840963273,3911.5184853629266,1248.215210773408,652.3504781039235,1529.1587378485794
1932,2,18,1,13703.111351848285,30367.50447984627,13550.147778938395,5674.733475610247,2018.4266375930933,2337.332303746111,838.3916277653652,2284.623787746424,3328.8677242408166,1609.9214806585585,4449.386034615866,3770.354343256805,954.3573619669497,383.91607512837174,1533.9516559612232
1932,2,19,1,17648.766002063072,53229.440484042025,13041.310518811368,9410.541105516237,1728.8355134908193,2337.332303746111,1450.8664203914288,2101.3993202080273,4855.806909355481,2418.1467558918985,3914.0972876633823,3636.566345513339,985.5763551693399,393.0182968603825,1152.69680609155
1932,2,20,1,16236.383910973072,41886.69807390676,11062.498951650776,9410.541105516237,1394.7139513462953,2337.332303746111,1613.8629844156305,5050.736300302758,4244.189431164609,2197.997557017254,4771.706586196888,3789.049053968161,1388.6099272971007,592.160746067184,1553.2322583689065
1932,2,21,1,19618.087414177775,55097.52149646614,14744.287746307185,9410.541105516237,2701.39861976738,2337.332303746111,1893.004236204728,7682.315198573976,5662.068212613549,4066.506985560355,4703.704957034887,3727.877925722265,1081.7744156186625,406.3151134802603,1355.4154562651042
1932,2,22,1,17984.331959874868,41489.043594191426,10865.474423318541,9410.541105516237,1501.369221869625,2337.332303746111,2198.9546968953496,4014.5914464226003,5994.393782274413,4333.187301657341,6768.851093972052,3631.6065243039925,2213.8259307552253,1071.6132684185593,1539.7249436878392
1932,2,23,1,17781.990695761247,36884.69059916335,8468.199890548525,9410.541105516237,1191.490098968179,2337.332303746111,2298.9110764098577,3041.473711385531,6044.527895794742,3512.3636804567727,5941.478020707174,3396.7144788358823,3571.216864849876,1815.2810115488078,1357.2672655359406
1932,2,24,1,16437.72348566036,34814.58576746308,8117.239241602072,9410.541105516237,1019.9017701413071,2337.332303746111,1773.090841757078,2371.5155438213337,4821.1994056193,2584.408139168893,5093.907627006103,3734.109495959384,2649.802800942489,1201.0900367622794,1372.7353194449524
1932,2,25,1,13971.564118098346,29514.657090875753,8856.680862716217,9410.541105516237,1244.5598359400042,2337.332303746111,1225.7718485283424,2350.797891718994,4163.843902220527,2126.3617065898297,4792.859992807771,3264.198230120189,1659.8703071867308,671.9219759393909,1248.2283784732117
1932,2,26,1,12782.558769074449,24294.0035838766,8202.816417169104,2923.9599216898905,1096.6981497765657,2337.332303746111,924.2753139172017,1610.0325587415714,3778.3911376349015,1700.7767055909317,4815.208507136956,3405.3623722260636,1318.3671925916178,528.4796161753872,1279.164486291235
1932,2,27,1,11946.148098110012,21845.423748976,7497.468605740249,2923.9599216898905,949.925367503476,2337.332303746111,732.4824047407224,2175.4408870043035,3302.3041267784356,1366.0469295244068,4545.353184382179,3369.1175249286425,1100.8325219341125,446.9136778344546,1420.0109208287424
1932,2,28,1,11097.717154030097,20922.25161278863,7662.540895347126,2923.9599216898905,866.9394289125192,2337.332303746111,576.9461668997566,1661.9578133780317,3632.4784191800386,1245.672952361992,2026.1856253257308,3294.211507180491,974.3229971545325,384.2701323756433,1403.6714272628662
1932,2,29,1,11097.717154030097,20922.25161278863,7662.540895347126,2923.9599216898905,866.9394289125192,2337.332303746111,576.9461668997566,1661.9578133780317,3632.4784191800386,1245.672952361992,2026.1856253257308,3294.211507180491,974.3229971545325,384.2701323756433,1403.6714272628662
1932,3,1,1,8781.811200413407,14190.25535651942,9622.506638058943,14884.850898470315,989.9855685221758,5316.019889490477,1265.0863114223002,8379.809486021015,5902.637130476674,3055.8805462823707,9683.001753871962,7404.504365617081,3759.075341387737,2599.812861968673,3723.770583655441
1932,3,2,1,8855.735880074626,17569.679118213597,14622.646515771836,14884.850898470315,1865.2923641710906,5316.019889490477,1729.32245278372,7735.988778282313,8498.761113450093,3624.3694132174933,10030.65858907732,7678.0575815359225,3759.075341387737,2386.296672014871,3512.664326784678
1932,3,3,1,9409.06911916526,22511.59089988072,15424.45068324458,14884.850898470315,1879.7346684010292,5316.019889490477,1460.88775407032,7052.393675157112,7124.749681331728,3078.2265175967555,9764.03005716155,7920.961645880328,3748.2757478089957,2223.036941327019,3461.249387030892
1932,3,4,1,11913.092347042051,24176.369461260474,13264.033898664875,14884.850898470315,1580.3434092855814,5316.019889490477,1192.4530553568397,8789.704299135457,6509.952054148817,2885.481020169442,9752.198490752025,7312.68408579675,3697.181872306176,2082.3483601529315,3310.817116267988
1932,3,5,1,53442.13427221019,73855.04952675391,14241.446884868446,14884.850898470315,1914.751525085475,5316.019889490477,1526.92577344108,8169.398563614176,7194.619425361028,3899.8777673645104,10027.312287466748,8265.859982268967,4047.0342525251513,2077.332549149879,3463.1011963017286
1932,3,6,1,96171.20013009138,99038.98082086179,24663.187805248097,29485.613673936128,5675.481697971098,5316.019889490477,6279.264900249161,8754.73779769675,13750.403038512073,5688.19918361918,9713.477000684443,7045.362440115029,3611.057382337888,2722.8969300143735,3294.259762788005
1932,3,7,1,55590.758091633885,81413.04190487553,18646.230035665365,29485.613673936128,3746.2305579246586,5316.019889490477,3467.46710530184,6903.698627789325,8553.384849076969,3981.0773256796656,9095.845331952263,6677.954145931225,3514.2240516780726,2017.0444678777872,3325.5226604772433
1932,3,8,1,38861.54298291832,58076.73351490958,16112.323275638682,29485.613673936128,2872.1845983592725,5316.019889490477,2257.3696504762806,6341.524700909772,8447.130459227652,3530.387591475685,9689.81386786539,6606.481850558699,3280.081602659936,1886.4366833275167,3220.8409716988353
1932,3,9,1,31330.8418759594,48497.22431225623,15958.986794893177,29485.613673936128,2496.684688381425,5316.019889490477,2134.2014638936407,7066.904773254184,7234.090686379177,3401.4614524522635,8884.789308929698,6669.814952152202,3368.9286792446824,1813.6090745477843,3395.2378330248494
1932,3,10,1,45863.3520727883,84178.72241813505,15731.980273119509,29485.613673936128,2378.3953394506534,5316.019889490477,1445.5559700659405,8332.604709078907,6854.53055080809,3403.024750856925,8407.224264763168,8286.207966716773,3769.874934966478,1790.9887504163266,3565.93107580941
1932,3,11,1,71458.52029372721,114286.6646491643,14963.584612624743,29485.613673936128,2212.996569579479,5316.019889490477,1533.5210101357002,7774.102264850374,7451.182621977843,3242.1889326316145,8704.328043491418,7308.614488907238,3726.767313538727,1808.5932635447139,3865.0527380213803
1932,3,12,1,60302.705152971335,130420.44029239447,16024.947180465226,29485.613673936128,2088.6322831551643,5316.019889490477,1317.9338574038204,6769.427262265042,6339.907616872349,3141.8619585413353,8518.60830409319,7212.724612197397,3713.335886230681,1803.528277923985,4351.424996498003
1932,3,13,1,94498.3787881625,168779.39331956918,26019.23053720302,25464.448798826168,3688.2894088117587,5316.019889490477,1533.5210101357002,6872.840690269735,7549.860774522901,2982.589438720573,8876.423554902789,8931.239073708928,4238.069080115537,1811.101169046249,4678.105937857757
1932,3,14,1,97989.26643883443,139370.8626654018,32760.895919694383,25464.448798826168,3999.773232183198,5316.019889490477,1507.1400633572202,7112.186392617149,6765.01871006352,3290.0074720695925,8704.328043491418,9606.79215737279,4246.14608707776,1773.3842372879392,5072.650242494283
1932,3,15,1,57939.71979631854,95669.78611330818,75002.09816569487,25464.448798826168,11919.48584816753,5316.019889490477,5856.827142095161,8896.3521285232,12349.26680616788,6234.434037969518,8216.60458372065,10417.023463099955,4655.078596874564,1720.6690471381296,5513.054059072302
1932,3,16,1,44587.19974367601,66742.02100374897,40859.46066252429,25464.448798826168,7755.861235852056,5316.019889490477,4600.563030407181,7672.524578171126,10329.872196267428,4540.002484727057,10815.366316804773,10547.632088273498,4735.848666497088,1801.0203724224498,5819.5829583674
1932,3,17,1,36776.02559735154,55981.056047858394,30019.685090727016,25464.448798826168,6097.861785965141,5316.019889490477,4384.975877675301,7384.225773809728,10291.523340775968,4267.712686119075,13041.015420287395,11412.930126912166,5010.285397439304,1750.8130877741576,6379.374007933192
1932,3,18,1,29865.37024527529,47526.742800669585,30493.400587107943,25464.448798826168,6666.957345501147,5316.019889490477,4461.977407395601,7997.18854402884,9128.804749035638,5592.654063472598,12785.262368606462,11866.054305582156,5031.793831709572,1783.4650339117386,6689.497595812854
1932,3,19,1,27313.065587051213,40766.616645513015,33224.33187546656,25464.448798826168,7902.003600083382,5316.019889490477,20925.743855354303,9164.720027064759,33817.14317783855,33453.666273422474,13527.424261568058,11980.384543197652,5107.209480986332,1783.4650339117386,6959.317099563531
1932,3,20,1,28794.56424855561,43262.50585581494,29362.65112015886,16635.263285232144,6942.048854642421,5316.019889490477,14202.028523827503,8736.992298216626,19725.341791659033,13368.960122131362,12474.534361891356,11800.686405543775,5276.73587430645,1848.7689261868827,6584.924836991555
1932,3,21,1,42252.261690960026,49931.84915547247,24418.19208740927,16635.263285232144,4977.666236449382,5316.019889490477,9214.487839052963,13615.081497666337,12468.990062336201,9319.09766664457,13196.37942364471,14705.234010551001,6675.963889407924,1848.7689261868827,7504.293674962851
1932,3,22,1,37142.64392737915,46162.442704669156,24305.117140714538,16635.263285232144,4497.173067149293,5316.019889490477,7359.598931797542,14975.27840362897,13753.209052328482,9519.567697365701,16025.19939247001,15191.042139240059,6775.519806684199,1853.7847371899354,8341.20253540534
1932,3,23,1,30214.959855055753,40602.95177926378,37126.27416482474,16635.263285232144,7442.944644203873,5316.019889490477,13249.573562215086,10970.739826369923,16862.27236094792,15954.839600975316,12316.780143097678,11588.431492773805,5825.609336190819,2037.15688650771,7667.688610621282
1932,3,24,1,26846.27831439286,36965.24440052079,36046.9224009188,16635.263285232144,7692.819431673876,5316.019889490477,12901.824718316962,9795.865378031964,16696.71754577779,11554.614385374934,10265.258234147372,10855.776877753558,4388.718872894631,2388.8045775163882,6724.355182086658
1932,3,25,1,25431.89284445072,34457.847504311096,37751.612885182745,16635.263285232144,8384.559955702049,5316.019889490477,11744.660461897563,8823.796638038097,15485.454915012942,10294.779788640828,10236.575648911983,11086.472151429429,5101.764307753355,4016.5335972448815,6735.35710775435
1932,3,26,1,22295.60325069041,34264.774107407306,32008.776198496358,16635.263285232144,6457.773177091642,5316.019889490477,9399.497076200645,8543.015631485874,13999.202930236606,9960.969599871089,10754.654844723425,9980.177671988258,4348.333838083339,5059.084666616304,6480.243148213038
1932,3,27,1,20359.337589643663,27505.92658401895,25489.834195858803,8121.796324833301,4622.740878926077,5316.019889490477,5936.055634855161,8452.277560252678,10669.399868057126,7275.866651693181,9509.233091655306,9568.003812019333,4523.305404636433,3933.62519184135,6417.8262827914505
1932,3,28,1,19491.874546463416,26263.09650593828,22804.304211854735,8121.796324833301,3805.3752323900267,5316.019889490477,4393.71242498506,7804.9602023699645,10388.798486412612,6500.286725499317,9161.576256449707,9267.998216318543,3834.4002377772836,7992.842357229918,6549.958320760644
1932,3,29,1,17786.999142892913,23795.337194523712,20833.202300150555,8121.796324833301,3342.9922541083774,5316.019889490477,3302.500535511781,7697.962707967819,11020.151595112453,6419.087167184275,8527.093568891905,9635.27933559962,4213.83805922875,5403.306990355748,6256.392086360964
1932,3,30,1,15694.469931342326,31456.898745818282,22779.461988717376,8121.796324833301,3205.3891888066623,5316.019889490477,2349.7886166255207,8720.732875047677,10147.481298198432,6470.032303431802,8869.61144090936,10508.84374292004,4660.523770107541,3850.765961055494,6810.627708114356
1932,3,31,1,14731.846392663527,22840.199264147417,25736.54317046575,8121.796324833301,3486.6702569036356,5316.019889490477,1865.7667651802406,8461.368850626724,12561.588518278695,8654.879762103665,10356.325442269153,9729.134413864582,4429.103907705923,4252.6701113301415,6988.619258024934
1932,4,1,1,19280.518077513316,46377.25284162129,13641.807016032013,10470.258141673303,1332.016011554511,5266.0853102430265,7121.142581696014,7433.441124584545,10619.826957299827,5130.377529328001,9666.031224274531,8160.940687460512,2304.1250535354443,1628.810861317367,4360.684042851966
1932,4,2,1,18665.48076976231,45509.061871439386,11026.520559520459,20754.052944879724,854.3883788079435,5266.0853102430265,3652.3050376004007,5741.23728746203,8105.825645354118,5752.754211860547,8364.439408453938,8889.525705591248,1876.6789547465296,1053.467834495717,4514.384212328002
1932,4,3,1,48424.67193584939,55704.8715860628,26845.020299429212,20754.052944879724,2518.061591070946,5266.0853102430265,13372.913053646926,13912.296759894645,22486.459387039762,17264.3319117412,9456.528841285448,9718.96042164068,4021.441938330105,1082.775906631251,5014.1548555285835
1932,4,4,1,48926.51833842836,51062.15963800679,45170.87131945916,20754.052944879724,5697.832883088847,5266.0853102430265,35333.33819823487,27331.565849504655,36788.71180945235,20632.78018023525,11460.126930738621,10195.484782425423,10034.546739509991,989.8850538392902,5205.10907033469
1932,4,5,1,39729.00602609805,43609.015064827385,33201.202909097025,20754.052944879724,4295.897779627565,5266.0853102430265,21435.375781756695,16679.021186226215,23282.431972970866,14985.59459005724,11823.081144736123,10875.361812784502,8647.570364182731,881.4058472436805,5294.758425032627
1932,4,6,1,32480.781337357337,42697.35061454777,20067.376524807827,20754.052944879724,2087.371447071601,5266.0853102430265,9560.523634458908,9569.457281216879,13687.7353966114,8177.889831208791,11973.784227992759,11503.224307899023,4837.582653066601,1043.4853871072876,5456.3015514202225
1932,4,7,1,27637.61296117386,39679.77964307639,16283.64895244905,20754.052944879724,1456.8960945584354,5266.0853102430265,5802.009590347703,7893.425451009744,10513.198432275087,6404.005935515373,15732.398001527019,16887.555342567335,3908.1823350841446,969.3300636502647,5766.316209342777
1932,4,8,1,27244.950706062104,42421.16615275218,15873.323956488144,20754.052944879724,1380.5582007717262,5266.0853102430265,4842.102867794497,7965.2816114661755,10871.432862840975,5538.398412956324,21762.911547235275,22057.215141312612,3497.162508881375,884.5530227750053,7086.220499591539
1932,4,9,1,23417.495408152052,42799.641155953555,13625.531076734978,15649.252961401075,1147.8766326230632,5266.0853102430265,3557.6591084113807,7307.736551912642,9438.495140577217,4911.331835209681,14635.289116279173,14154.566681434964,3194.773888676568,827.2154185635517,6412.161925022052
1932,4,10,1,22958.721650904372,41064.53784735798,14161.7804451517,15649.252961401075,1446.1789878481272,5266.0853102430265,3802.967652481371,7039.718318385613,9478.714671946213,4542.485370428618,11308.228739763686,12261.313903478656,2944.5681786211394,820.3309720887711,5597.256915914838
1932,4,11,1,24069.595224676348,54976.051478546404,15002.132889907098,15649.252961401075,1496.3831882664308,5266.0853102430265,4309.00217705029,7519.109053109245,9429.141761188914,4473.332405702754,10910.01884808098,11445.74125183421,2672.0372583104636,850.2783142540945,5059.033997855997
1932,4,12,1,32360.57860620045,82843.83085278918,16001.818214095993,15649.252961401075,1352.0174566983135,5266.0853102430265,3945.92154914787,7282.9103358913135,9988.473848599986,4332.727508008891,10930.813722376683,10600.66402274037,2406.8573218643637,1139.474240812915,4988.556315608745
1932,4,13,1,28210.5793130199,62747.57536185192,15432.16033870129,15649.252961401075,1188.9684268010517,5266.0853102430265,3327.8536531950517,7255.199383501206,8718.939664247102,4149.453759739484,10890.777613818993,10906.646838872823,2564.7673456207604,907.6159184655479,4839.866924159569
1932,4,14,1,25611.19525175919,49714.48175498597,14515.567967765393,15649.252961401075,1097.7297429358546,5266.0853102430265,3018.8197052185624,7911.433199250571,9232.15959127464,5049.637764661408,12107.63629242401,9797.300161764457,3193.321842481095,986.7870529256236,5099.99166172774
1932,4,15,1,29299.41571941306,51441.91327297637,16000.104957327867,15649.252961401075,1075.8370436666892,5266.0853102430265,2873.9814552107655,7803.6489585660565,9324.945114805156,4864.065048149752,10551.845064955962,9037.302942642673,3248.4088450214194,843.3938677793141,4797.602100802529
1932,4,16,1,44974.853551656095,52113.194950951896,20051.100585510794,12761.51183477445,1556.674077353208,5266.0853102430265,5245.782744959926,10260.919847165787,11652.440041751166,6326.76060257684,9825.936636960958,9819.810119559623,2919.2481230877934,763.6326379071072,4989.863475093932
1932,4,17,1,34849.77683056761,42981.206866948545,18745.598928215397,12761.51183477445,1582.0054204866344,5266.0853102430265,5585.6515657942955,9746.912276017849,13438.93550488687,6115.80727667119,10457.551065995174,11447.521700473386,3135.2399946626124,710.6224000512409,5151.297671524528
1932,4,18,1,29572.876932794272,39467.52676965967,14996.993119602725,12761.51183477445,1147.3608360434187,5266.0853102430265,3360.6585318188695,7832.671154760072,10447.724776558007,4936.712444603789,18689.09449619255,18956.691011093466,2622.8491934392428,689.4281398324259,6103.345496627576
1932,4,19,1,28410.91719828085,38394.754716666226,13256.324243208463,12761.51183477445,977.6637613419095,5266.0853102430265,2622.8485462676827,7274.605791799638,8785.816326872386,4519.403729276759,22034.20099925196,17400.070200844042,2585.6405096805356,719.3754819977494,6918.359435691789
1932,4,20,1,27022.575653422333,36249.21061067933,12875.124612305075,12761.51183477445,874.1032702964112,5266.0853102430265,2201.8668793319357,6983.072586055059,8971.387373933212,4634.719976306339,15517.278612262568,13704.367525529442,2801.541628368202,783.5483580663252,6342.991402259986
1932,4,21,1,26731.084030367645,34969.30021133996,12817.730510573647,12761.51183477445,834.1003800087713,5266.0853102430265,1863.7967594143029,7139.198014978453,8418.228516918194,5100.3989834495105,13949.297286069816,13598.812356207101,3023.523190499338,904.4687429342233,6182.8643653146855
1932,4,22,1,27545.45753395379,34384.96549355883,13413.08723748992,12761.51183477445,818.1106860399343,5266.0853102430265,1543.199734116108,7118.480362876114,9456.266561414533,5012.762314056172,15021.308909236697,14290.643827429012,3138.2348399407706,1020.4224914167448,6389.177704072696
1932,4,23,1,27014.56213801219,31431.32611046632,12780.895490059418,16917.39891254632,786.8763376062144,5266.0853102430265,1537.375369242935,6617.0607322461055,8603.79956397902,4700.378509304031,15659.496430720728,14913.80085113989,2667.4996139496793,1020.4224914167448,6813.24202708484
1932,4,24,1,27121.742906626736,30994.034045956898,12357.721068337725,16917.39891254632,750.82788776248,5266.0853102430265,1409.924561430097,6458.137983207629,7926.147227308039,4300.449993888152,16459.02349415286,15191.042139240059,2661.6006762805755,949.3651688733884,6672.286662590223
1932,4,25,1,26243.261279757342,29995.42263548289,12612.139698401088,16917.39891254632,724.4649514697647,5266.0853102430265,1296.0068367048211,6528.595483606455,8602.677158452543,4529.795065731564,14322.170894127945,13948.543338901865,2517.122079832165,852.1469497258225,7234.909891040716
1932,4,26,1,26606.87454150595,29876.509881098547,12764.619550762385,16917.39891254632,703.6038453598882,5266.0853102430265,1232.281432798402,6847.752225487572,12075.212790095262,5005.865409329539,12945.4068028365,14284.285082289165,2688.372778009395,777.9424516511414,6659.541857608804
1932,4,27,1,26442.59747559196,30849.54865622059,13964.755916819764,16917.39891254632,724.4649514697647,5266.0853102430265,1180.1191062136877,8462.592678177065,11179.1590447109,5650.128269528021,13314.695087740207,15516.609890403208,2716.6876788208997,762.9933678773177,7949.926129481946
1932,4,28,1,29154.170752598886,31135.962172157793,14924.179706958177,16917.39891254632,774.038733846269,5266.0853102430265,1085.4731770246674,9527.497479490534,12119.173673219539,6909.962866262127,13942.126639760967,15259.716586750845,3293.059265531856,788.564169069378,8192.077424127732
1932,4,29,1,31157.549605208405,32660.091239103833,16674.271495576973,16917.39891254632,846.9379837687168,5266.0853102430265,985.0028829624739,9533.616617242233,13231.290482469996,8529.448054808418,13433.010751835463,14944.322827811595,4080.97583234406,812.8564302018592,7719.212480332286
1932,4,30,1,32341.546507100637,32400.528990286806,16672.55823880885,17067.741080734348,874.9056205314253,5266.0853102430265,878.7938764517484,9976.817022976815,13387.491918252035,9184.10225146159,13337.402134384807,15061.323738385858,5061.01626139321,832.1820549489462,7325.86640522395
1932,5,1,1,25880.649707435063,24343.870222812304,17680.809846838365,14658.361398342842,667.8992599025834,5759.692480402758,4962.958438912795,8637.949682891756,7163.472671998613,8999.449122246946,19559.13291499461,18493.774364908,4604.438485807871,613.7975778451018,46887.81073654104
1932,5,2,1,23964.417834914468,23823.46709341004,17030.628903342706,14658.361398342842,673.5730222786369,5759.692480402758,5702.909735079202,7693.941560302399,7884.9923580001705,8856.269380121697,20263.051360976086,20988.945957808042,4741.203086842852,586.1122680929151,46349.69674843931
1932,5,3,1,21947.01533033628,23695.603916653337,16139.735383928379,14658.361398342842,692.4855635320906,5759.692480402758,8286.78642815141,7413.685051271713,7923.715348667055,8207.592500898258,19235.25872338011,23838.935529514674,4470.396471389348,589.3577928595921,5265.456266571225
1932,5,4,1,20848.162029680305,21879.94680670032,14928.462848878338,14658.361398342842,730.8264426186774,5759.692480402758,6829.753033188325,6824.149837016454,7184.237174240362,7708.716392337449,17572.863887454525,27239.592430337587,4161.745901966584,602.7332888677623,5312.731867955014
1932,5,5,1,19992.719259616053,20949.102879906743,13849.967713356611,14658.361398342842,794.269421914381,5759.692480402758,9743.819823114496,6318.796474974593,10320.518816879125,7305.201486463797,16402.853431400625,28641.05985917342,3705.4403850428853,760.0920654343556,4988.665245565853
1932,5,6,1,19325.594101696755,21142.17627681053,13244.33144583159,14658.361398342842,813.6404490164191,5759.692480402758,8355.137062986592,6281.1200696745,9477.77933400734,7594.779526253216,16242.708997170586,27072.99330767208,3710.885558275862,642.8597768922374,4999.6671712334355
1932,5,7,1,18800.708842313154,22084.527889511875,13338.560568077548,13001.668804737172,818.3972396953039,5759.692480402758,6943.58510548896,6223.337926047174,7959.725859311439,8049.239568374394,17166.52726328876,21876.626779339145,3895.0231664377984,593.045889185372,5144.1082943555075
1932,5,8,1,18511.220598111133,25749.086535374,13153.528837122185,13001.668804737172,753.0630062742374,5759.692480402758,6101.279161919063,7025.294636542109,7973.568860805869,8806.335789900782,18540.90113914384,18450.534897956848,4282.265736189847,576.4248684105247,5479.067912455253
1932,5,9,1,18599.36926762587,25741.414744768826,13648.660043104512,13001.668804737172,670.7074857250801,5759.692480402758,5236.189673404159,8557.526729582945,14968.21303484861,8848.63680555759,19958.298892851766,17901.139317868587,4492.086411434043,593.4884607444748,5963.370501746824
1932,5,10,1,18133.583684394376,25461.39438767065,12863.131814928502,13001.668804737172,609.6715571343489,5759.692480402758,5179.2308110415615,8694.507998968742,11879.727160883102,9274.037889097064,19081.089827740856,19382.726935467126,4703.268379986439,550.1164479533049,6112.713472938648
1932,5,11,1,18106.538069883896,27094.20715486045,12475.079156952914,13001.668804737172,578.8956945491785,5759.692480402758,4962.958438912795,8983.768382119777,8776.743548865807,9626.239823804564,20791.28897239177,22333.18468038452,4789.937387278067,523.3654559369822,6636.993356487989
1932,5,12,1,18553.291554016098,27604.38123012214,13358.263020910532,13001.668804737172,589.3262476041167,5759.692480402758,9014.91768972227,9677.85343567663,8868.12606548812,9748.544934290378,19995.34723211382,24740.605590353734,4946.939882162329,662.2837508746766,6436.780095327919
1932,5,13,1,17330.228764497904,26433.154531025502,13049.87680265199,13001.668804737172,615.3453195104024,5759.692480402758,9653.02825303279,9807.229490999553,8448.533466135856,10163.27880518602,19957.103785133702,22428.565857483198,5128.354903707747,655.3501297822198,6735.35710775435
1932,5,14,1,17038.737141443213,27999.47844630207,13087.568451550134,13249.63575746309,686.811801156072,5759.692480402758,7683.536401655287,9854.43426794166,8563.486498816119,10533.87248583117,21833.42290260544,19850.730577764418,5538.557953925598,553.8045442790848,7163.778629050705
1932,5,15,1,16191.307886789633,28861.276257645983,12728.641158632365,13249.63575746309,676.8397339496833,5759.692480402758,6499.648588758925,10129.795466770856,9456.266561414533,10721.468294395936,23193.45548584283,18049.933954142572,5705.089501967556,513.6780562545919,7645.684759286009
1932,5,16,1,18306.875955144846,31831.537853717058,13419.94026456242,13249.63575746309,583.1366886484188,5759.692480402758,5657.342645189108,10488.20210651681,19760.884633334084,11241.035117136646,21884.81253448519,15851.079884762488,5446.5345262882065,513.1863100778307,7229.354463228316
1932,5,17,1,18679.504421730457,30070.861909769523,13781.437442632523,13249.63575746309,800.4016701389843,5759.692480402758,5554.902345360976,10802.900619464537,17438.440531257653,11332.074259528443,21399.59880092235,14520.830401493724,5668.606841306555,452.2737111612579,7404.187044382871
1932,5,18,1,18854.800071333597,28523.717471006927,13463.628312149149,13249.63575746309,692.4855635320906,5759.692480402758,5327.238200759707,11800.3200730014,17835.023817315,11194.136164995452,23387.062936180504,14397.470745779372,5224.462211269857,461.5037868992373,7253.645843662859
1932,5,19,1,18017.38771094283,29885.460303470907,14644.918853757155,13249.63575746309,589.7847334526664,5759.692480402758,4371.100184889255,11750.492808451345,17835.023817315,11425.872163810825,23810.131068400322,15133.8134329807,5485.830526452879,457.3534491672949,7547.321008019648
1932,5,20,1,18127.573547836375,26101.98890322444,13564.710461467304,13249.63575746309,579.8126662463125,5759.692480402758,4234.4845676435325,10906.925961244464,17835.023817315,10715.031183317755,25704.376801644175,17726.909701035212,5177.089204142902,460.58422154868146,7350.702435444034
1932,5,21,1,15995.978448659827,25536.833661957276,12731.211043784404,8169.33959490332,623.3688218603336,5759.692480402758,3824.723368331168,10981.229776801445,17835.023817315,12252.581143711528,21177.308765349295,20912.641016129146,5048.492362957356,454.5849181920709,6689.1708059415305
1932,5,22,1,17640.752486652404,24131.61734939558,12466.512873112291,8169.33959490332,623.3688218603336,5759.692480402758,3676.7159786129428,11670.069855142538,23172.062096190635,9908.553123948614,25546.622582850498,24299.308677644098,4775.053913774547,425.50796675962704,6495.057622379401
1932,5,23,1,15471.093189276227,22997.470971558665,10469.712109886543,8169.33959490332,602.5650264815519,5759.692480402758,3414.8765165941627,8836.909076077565,24131.718821414335,6642.454921597955,16990.84642872297,28031.892074770007,3668.9577243818844,419.970904809179,5276.349262281699
1932,5,24,1,14447.366595593174,23756.9782414968,9410.062798813886,8169.33959490332,589.3262476041167,5759.692480402758,3392.092971649075,7505.384701294544,23342.29360105492,6961.367796158103,14963.943738766158,30010.733562309528,3660.7899645324487,433.3513182791187,5583.422811362447
1932,5,25,1,13683.077563322659,25907.636874553467,9560.829394407056,8169.33959490332,593.1087558548074,5759.692480402758,3813.331595858665,7525.577855875345,23144.937295965017,7542.730885249478,16043.126008242127,28412.145034136727,4020.8974210068254,469.3520558804983,5106.418529197004
1932,5,26,1,12495.073903725093,26631.342454999067,9325.256588792763,8169.33959490332,535.8152180030424,5759.692480402758,3312.436216766031,7330.727026608525,22382.63687583122,7668.530427463577,19548.37694553158,26711.816583725144,4266.020969378129,474.4268764247659,5070.03592352369
1932,5,27,1,12105.416716892336,27844.764002426225,8803.569902904954,8169.33959490332,504.5751384961642,5759.692480402758,3289.6526718210243,7276.616365632348,22519.196214898195,6496.05662393367,19600.96168512939,25441.33930477153,4033.1490607810388,425.97020816578964,5253.2561113753445
1932,5,28,1,11596.558488329549,38415.21282494738,7966.472646008901,5234.933821267428,521.6136188436254,5759.692480402758,6567.999223594105,6301.225808001735,21764.378498274753,4878.778444899917,16464.999032743646,26276.8784161556,3101.6614263926167,420.43314621534165,4705.883076919648
1932,5,29,1,10577.84034177764,46470.59296065471,7330.16908233484,5234.933821267428,494.6317266553229,5759.692480402758,7558.312556882148,5567.191526551375,20940.345774179368,4488.321678642056,14852.79872097975,27243.40767742164,2908.0855179601385,420.43314621534165,4308.9423132267475
1932,5,30,1,10290.355476428287,39296.190112805256,7434.677745189244,5234.933821267428,457.242205704541,5759.692480402758,4985.741983857883,5260.447892680922,19141.690917838954,5205.323894024173,14067.612950165072,28040.79431796589,3069.1718927691204,465.1968006867865,4160.9065015202195
1932,5,31,1,10380.507524795688,33991.14690914712,7104.533165975491,5234.933821267428,437.36111309598186,5759.692480402758,4416.581622354708,5554.603586033446,16625.631862427894,6214.019199978645,15306.939653870839,29018.769320483854,3468.57534940823,476.7331659938273,4262.8649413711455
1932,6,1,1,8903.616634652217,26911.362812098276,6389.933767999301,3215.955652242265,482.1838358666899,1578.720694149593,3382.1572903948254,2572.3106783327175,7602.146165302699,7792.490795083763,11561.950108323676,13597.540607179082,2740.192676609921,235.83163145564666,6054.0002260587335
1932,6,2,1,9084.221238214817,26829.530378973654,6595.524580171862,3215.955652242265,464.11376235997466,1544.0320070222729,3464.640575289895,2534.284608018224,6291.082976466315,5056.074875739591,13768.836020631295,15145.259174232619,3002.2870148907095,246.78281881234358,5896.160718212702
1932,6,3,1,8604.11149618686,27995.642550999484,6687.954782811093,3215.955652242265,432.49543202803085,1591.5683560485916,3464.640575289895,2758.1576334790598,7370.369424064429,6470.676014539564,14966.333954202522,16347.062005675201,3357.947579891515,253.4410620458034,6347.239670587089
1932,6,4,1,8690.156617906505,24745.36059783023,5832.354352819474,6721.0759162858285,399.74808029401373,1664.029169158972,3464.640575289895,2918.5664588287086,6420.066078228823,6360.4174976429285,16332.342076030694,18149.130378325066,3269.735773517262,234.97107564630582,6666.077655035176
1932,6,5,1,11178.853997560498,24227.514731963365,6220.663999310565,6721.0759162858285,377.16192117890057,2103.504857184193,2529.7443607215564,3617.8090713477545,9269.760176415044,6236.089295103892,16839.067748519836,18552.27482019538,3293.9667944039884,224.23133914563945,7041.123497349801
1932,6,6,1,13455.694063551224,23397.682714808372,6263.40975567478,6721.0759162858285,356.2721597034766,1860.3414429757277,4165.791323110028,3458.0995760267783,7997.513512039451,5195.300392488105,17433.036284432725,19198.323326409853,3132.789666707794,239.69675640507123,6930.668520844776
1932,6,7,1,13546.847801344962,22635.61818133587,7965.187703432883,6721.0759162858285,326.9118721757492,1868.6495976704418,4935.720967888307,3351.364330385338,7854.874476370326,4326.014520741571,16933.48125825243,18292.83801848698,3070.7146918518065,270.19485428838857,6818.034945197483
1932,6,8,1,13360.533568052155,21560.28886480702,8031.405077520135,6721.0759162858285,315.0542819171559,1945.649917985107,5279.444147829912,3864.0606577292388,8666.74780726121,3944.385792533854,15387.011870985978,17054.15446523284,2859.986487735478,246.99918713010774,6365.975623209232
1932,6,9,1,12938.82231957777,22119.050947236192,7394.159222623561,6721.0759162858285,442.09497948244257,2051.343349874264,4605.702175883547,4340.129574816252,10108.197104768307,3602.1154006328215,14326.95132500043,16680.260251006464,2750.084741316529,235.83163145564666,6169.574910547835
1932,6,10,1,12902.76150023081,23274.934065121444,7515.8004531592105,6721.0759162858285,437.0115176364636,2085.346828366975,5760.639469263247,4916.290102271209,12721.531305816012,4132.625312206495,12963.33341860862,15717.546236824232,2629.4741542059924,249.57593709639673,5973.065267929219
1932,6,11,1,13223.302116648645,23355.487866478878,8061.215745285264,7294.426275876035,371.51681416839443,2001.580072785466,6846.712213260159,5266.21736541835,13508.15051235902,4751.5075630108695,12272.561157526534,15376.717497325351,2336.796092933367,319.3793068889855,5582.224581834367
1932,6,12,1,14031.665483676266,24761.982810808793,7431.850871522003,7294.426275876035,339.8984838364506,2450.734332774619,7121.742148668259,5314.0340561356925,15125.34980856931,5199.622452783464,12286.902450144227,15084.215220889451,1971.15271033874,291.6743272897213,4964.264935174201
1932,6,13,1,13288.411929358235,24467.89750426642,9204.471986641325,7294.426275876035,312.79623911293953,3312.212888642531,6929.195498155229,5945.354239610032,14927.058165540742,5739.78803097447,10688.565387910561,14235.958619225692,1626.2917389166753,266.32972933896406,4345.3249189000635
1932,6,14,1,13063.03180843999,23138.12046599135,9251.586547764304,7294.426275876035,297.55158464802173,3805.3061523263063,7836.597284425237,6966.987995393246,15130.961836202336,6042.608127839104,9407.648935613626,12370.302795176867,1873.0488392578784,256.01781201209235,4092.6074184150175
1932,6,15,1,12510.099245119573,28863.833521181386,9388.647089212478,7294.426275876035,287.39039202911766,3642.2264972882467,7809.102856126908,6957.284791243966,15638.850336978574,6254.481041041654,8391.926885971025,12277.465116134223,2108.9155931331275,273.20434089022376,4475.6051475984195
1932,6,16,1,11823.941988100984,23232.73921679195,9175.346621583507,7294.426275876035,267.62965195580193,3698.8418607232143,7987.8594662784535,7193.046427193928,14776.468757391518,6254.481041041654,9565.881197494766,13410.59350006577,2464.6669110211465,298.332570523199,4822.111341151288
1932,6,17,1,11348.139510606157,20454.27238585644,8777.014422999171,7294.426275876035,310.538196308758,3702.6105082135637,7822.892896488313,6461.022719576279,14001.073606114349,4230.653318054526,10989.134979021668,14032.47877474863,2695.179244550631,285.6602715478204,5253.473971289561
1932,6,18,1,11355.15133659049,21870.996384326932,8096.080520516167,6344.146623185379,342.15652664066704,4150.308699854172,1141.1472530182134,6385.669908976094,13830.842101250064,3477.7871980937844,12763.75042967992,14594.591845116583,3119.2674865125346,270.4112226061706,5961.30083256188
1932,6,19,1,11424.267907005411,19445.43192124186,7766.107266979316,6344.146623185379,280.04888737892236,4119.388660217282,714.9236576966429,6166.954442477452,13765.368445532984,3477.7871980937844,13618.252448146468,14865.474388076662,3083.329343174873,271.69959758930617,6295.933660790302
1932,6,20,1,11461.330415778708,18749.85623968259,7572.680577860231,6344.146623185379,241.08905239678322,4179.001811428664,714.9236576966429,6334.094319354035,12627.997511934647,3625.7487941628424,13995.906487077082,14323.709302156509,3139.142368812964,265.9019101651694,6415.3208937780755
1932,6,21,1,10615.90453997727,16962.329028615906,7896.914421224,6344.146623185379,217.37960295268533,4141.2296854456035,219.97255687161538,6534.102707583049,12747.72076810297,4200.85868963546,13470.059091097759,13827.727181243796,3248.953362344699,259.4551177877222,6550.611900503182
1932,6,22,1,10361.475425695877,17601.644912402513,8337.90671333395,6344.146623185379,207.21267926065786,4570.084639634305,481.1953214333342,6515.483045566987,12819.741789391532,4101.08346792323,13049.381174314303,13970.163072377689,2942.843873764027,245.49444382919012,6112.277753110216
1932,6,23,1,9243.690194882513,16751.35478696637,8233.312387641243,6344.146623185379,199.87690568355114,4987.633651351959,13.748070673418734,6217.743285817011,10930.359152986368,4022.274836580149,13303.939118276936,13708.182772613496,2660.05787719789,228.7406515866228,6018.489060042282
1932,6,24,1,8545.813171575715,16624.77024197685,7576.192754234781,6344.146623185379,192.53540103335584,4324.69429736336,82.49099361320089,5596.126306491823,10147.481298198432,4022.274836580149,13311.109764585783,13017.623050419359,2423.192841563295,218.00583254772584,5744.094498093286
1932,6,25,1,7528.196883393088,15670.910943367748,7227.031024895055,5315.96239243377,181.80683217683594,3547.0681481562824,82.49099361320089,4735.688122340758,8887.019891852127,4022.274836580149,12649.020088739086,12662.169197098636,2102.6536439151705,214.99634594587278,5150.861951696095
1932,6,26,1,8174.587070187179,14630.10468456425,7201.4178362117855,5315.96239243377,172.20728472242428,3619.528961266664,151.2364861257907,3543.9423370586137,7453.146831649496,4022.274836580149,12607.191318604306,12206.37434546988,1967.6133477373019,214.568526772096,5092.584424644613
1932,6,27,1,8882.48098775679,16860.038487210135,6639.555279112095,5315.96239243377,160.917070701412,4129.923742974475,151.2364861257907,4034.1726872281683,6746.218417493423,3279.9839705336376,12098.075430678802,10626.734877814135,1913.5246269563838,215.21271426365482,4742.156752635856
1932,6,28,1,7810.072287955182,13035.650870401354,6604.776166719495,5315.96239243377,150.75014700941935,6573.120780768395,151.2364861257907,7060.261137980819,11588.837061911621,3233.636770770495,11306.914121273578,10128.717958456544,1601.0624362705419,211.5590401702608,4165.699419632863
1932,6,29,1,6627.077075489285,12753.9682920047,6665.9394333409755,5315.96239243377,142.28535203020445,4826.010064662523,151.2364861257907,6054.274891591448,11052.888422970891,3356.1257987157337,11352.447725334589,10005.739827450618,1606.5076095035192,206.83335941149542,3881.3922315872564
1932,6,30,1,7558.64824195279,13346.358389921264,6145.28070151398,5315.96239243377,134.37647114239334,3414.1376730412585,27.49699787108348,4823.016959683637,10062.365545766497,3529.468004178785,10887.78984452384,9411.324331772024,1558.771590827711,203.82879027141172,3900.128184209399
1932,7,1,1,7971.644792417969,20562.956086100203,4007.9072204652057,5255.142151666946,224.78414940706404,950.3843762089892,847.7620030171621,3221.551193794445,5985.227470473925,3485.143896468867,10374.61059035669,12303.15444649931,1876.769707633743,136.2382782743015,4516.671741427161
1932,7,2,1,7637.88187557347,18887.948470580905,3933.037899699028,3502.093895722584,202.9430297958701,799.7412578891625,0.0,3155.7267548362765,7175.538531409207,3430.6123697635685,12139.904200813582,12876.458908313485,1941.6580219934021,135.79570671519863,4613.728333208335
1932,7,3,1,8248.211243020602,14967.663471203306,3675.7067331295234,3502.093895722584,187.8817696703791,865.1615522788558,1002.7329348558352,3204.242775582292,8019.026284632257,2986.175829178458,11638.795534599569,13113.004227518044,1953.8189088804024,131.19296250063243,4531.595145550633
1932,7,4,1,7398.578271628981,17602.923544169702,3439.448624807922,3502.093895722584,175.45680317417003,878.6087717332174,1057.4648341786526,3186.934357370268,7940.364363977893,2737.979217748834,12050.271121953474,12736.566515235383,1865.970114055002,122.58248694538278,4424.40806775874
1932,7,5,1,7580.585240388657,15869.098867341307,3362.694721597016,3502.093895722584,162.659316925984,788.6922686560125,1795.788734277524,3080.7236092503645,8100.587752896935,2575.304224929724,11306.19705664274,13099.014988210332,1894.3757677537205,117.38964731868538,4065.9195789240976
1932,7,6,1,7436.842807713981,17671.96965961937,3345.3908282391667,3502.093895722584,158.13750024446264,763.4594606863766,866.0316651855526,3311.5899349989672,8201.60425028886,2661.653472107313,12021.588536718325,12423.334729643493,1805.0749267328476,110.41668653207346,3988.4703794220404
1932,7,7,1,8226.073906699363,16583.85402541454,3173.037197367686,3502.093895722584,144.20526152107982,799.7412578891625,1941.6548133806102,3111.8437955307877,6980.520571166585,2608.8691612661005,11730.46029658062,11024.537973766672,1585.3621867821037,106.70400289744666,3719.195525457013
1932,7,8,1,7176.403556874587,15032.873691349358,3053.023560762157,3502.093895722584,128.7714816436466,592.3114739757962,720.1484555975703,3005.1085498893467,6688.040397699086,2458.700555684507,10448.468247337429,9833.163484353448,1445.4212346945374,104.92388173754999,3760.697839114187
1932,7,9,1,6559.162532385545,14205.59893772977,2870.047737928424,1728.9349341633836,117.09728572444534,771.3479250923525,711.0264723770874,2863.669051570031,5977.557699375759,2212.986829956556,9456.050798198223,8557.344859482302,1283.8810954494293,102.69627155676318,4071.36607677939
1932,7,10,1,6277.587634651767,14217.106623638565,2818.2217206934765,1728.9349341633836,106.93036203245269,690.8958662808045,774.8375287081475,2419.944148313911,5486.5052814979645,1984.9291803287804,8417.9802342262,7630.239818083853,1151.3818801135926,97.79847963614031,3986.83643006542
1932,7,11,1,6308.740175809487,14187.698092984017,2923.33002341659,1728.9349341633836,98.64896139266457,737.4300976789675,783.9595119286305,1679.4410640973213,4565.010344177909,1937.9382694578762,6932.341829812901,7630.239818083853,1151.3818801135926,91.42053172342898,3641.7463259548463
1932,7,12,1,5803.0873534110715,13580.34800338736,2789.867321181269,1728.9349341633836,92.24735273202725,683.8039569125214,875.110822193715,1375.3199178348127,3953.4863997811544,1906.948177552773,6875.335191657784,6674.774773361301,993.8348679060489,88.75034998355717,3299.7062606432974
1932,7,13,1,5518.507387397771,12561.278484632203,2532.1078404199575,1728.9349341633836,86.60224572152113,660.9265536243938,738.3752915535599,1572.7058184558805,3455.4189473623424,1867.4978825163757,6112.856467487708,6408.597701804623,942.4687337415894,84.590177328076,3419.4202835022847
1932,7,14,1,6273.580876946434,13172.46446953145,2412.0942038141297,1728.9349341633836,83.96595209223915,745.3185620849434,556.0641057809428,1637.9183436389442,3429.697154044925,1596.6794235834557,5528.807325635207,5937.669036743112,891.0662984222564,82.21996075604812,3201.8871591623665
1932,7,15,1,5733.670276167831,13856.53246518295,2090.858559794505,1728.9349341633836,79.44413541075262,619.1288269129252,820.4217490831379,1514.3991773070168,3713.1980832995446,1428.9467006313996,5236.3644670076355,5544.825761999676,815.3420893289832,77.76474039449239,3196.331731350076
1932,7,16,1,5263.1767526329895,11280.089453523588,2268.9516008390688,943.5044926433757,73.79902840024648,694.0563911079786,820.4217490831379,1565.7125181681129,3618.448350097792,1351.793326422692,5277.47617251158,5298.8694999880745,803.8527738073491,77.76474039449239,3196.331731350076
1932,7,17,1,4621.795012970044,12570.996086065079,2136.516852664562,943.5044926433757,70.03371336885633,694.0563911079786,756.6106927520777,1632.1488709015164,3566.1629593179937,1311.515402818995,5089.605239220842,5005.095474524157,772.0711127042126,74.49954578073786,3089.9071632578307
1932,7,18,1,5630.195758430821,12233.181573072176,1882.5265367930056,943.5044926433757,66.64664916256658,686.1679267020027,756.6106927520777,1265.0880220494882,2870.365066633852,1227.6490413429667,4389.750159481014,4861.896533973402,752.4684890654829,74.49954578073786,3089.9071632578307
1932,7,19,1,5736.675344446832,12722.38608734604,2006.3950011268892,943.5044926433757,63.63210470821901,657.7745939051925,774.8375287081475,1335.4581061947447,2481.732153056396,1214.3150255381515,4180.48679803554,4606.783678960463,709.1975124407124,70.49181444005438,3201.1246494627203
1932,7,20,1,4753.417003586294,11922.601916729705,1896.4039166146056,943.5044926433757,59.11601909982106,685.3799367721219,401.09317394226986,1452.0713884926022,2435.058789909621,1046.5823025860955,3879.558674609254,4612.25219978072,711.230377114398,63.66637750648866,2827.712756504606
1932,7,21,1,4992.720607530261,11903.166713861885,1883.8971422076245,943.5044926433757,55.724943142331,686.1679267020027,474.0176482513648,1225.2262104095496,3196.330338310635,984.5101600462893,3803.9083560511817,4598.517310278464,717.9914672119978,59.65864616580519,2913.876352575196
1932,7,22,1,3828.4569873363807,13251.739639120664,1731.7599411998347,943.5044926433757,52.712691117260654,641.9976650931603,455.79081229529504,1114.9943146242251,2580.5973731890604,1219.2807969413857,3977.6770182680775,4667.318932692226,676.7442799721495,60.106135186659586,2823.7912780488264
1932,7,23,1,4398.518439846368,12157.486572432726,1636.6741905699657,702.6153367963744,50.45407520572496,669.6030079601701,510.4798854058722,1002.4895962454862,3046.5827343065844,1078.4000230583854,4118.819239779744,4757.358763873379,663.9027464310798,56.54097540507899,2982.720085465938
1932,7,24,1,5057.129237641833,14360.31338160665,1885.3534104605453,702.6153367963744,48.94794919318979,685.3799367721219,510.4798854058722,948.8160165371485,2804.891410916771,746.337050152733,4757.006761263775,4485.585996593715,651.7327842553761,56.54097540507899,2807.45178448295
1932,7,25,1,2532.5713765262503,14360.31338160665,1885.3534104605453,702.6153367963744,46.31222867122712,684.5919468423217,546.9421225604598,1075.744416759392,2689.9383782365085,796.6568670383951,4907.470822977039,4186.343450309786,580.7458758747201,56.69341671987672,2816.0572510942657
1932,7,26,1,3963.184215174579,11963.390270114573,1569.0005482300905,702.6153367963744,44.053039652406945,656.9866039753923,519.6018686263551,1164.6467466671418,2306.16922194102,702.7302205343914,4902.809902876359,3958.8275492038383,549.6448614257133,51.20061192535326,2509.9640716274903
1932,7,27,1,3864.718144568713,10095.948573575597,1561.2908927733806,702.6153367963744,42.17038213672927,707.4607850225567,720.1484555975703,1085.0105396405738,2494.9204179936783,576.9490700663032,4871.976123748461,3963.4058457045085,548.9732900602869,48.23243200235957,2509.9640716274903
1932,7,28,1,3621.4077829194125,11344.148905079897,1656.376643403249,702.6153367963744,41.04078762730178,680.6434320854277,382.8663379862803,2142.9220406664044,2051.944370171072,532.5054160078826,4496.353767938551,4004.6105142110287,541.5315533085576,47.9359090577703,2156.2685009056013
1932,7,29,1,3211.21596284734,10276.491379156221,1402.3863275316924,702.6153367963744,38.405067105339114,694.0563911079786,428.44199311882255,869.7305319083824,2081.2204476561615,613.8429124174372,4644.905657302676,4212.159955577602,626.7212885385426,44.96772913477662,1902.6795607636923
1932,7,30,1,2797.0173850704564,11274.207747393297,1633.7616540644228,510.32379869240503,37.652004099088934,686.1679267020027,346.3955355892446,715.0649544198964,1914.730294547156,333.7550135318207,4807.440306969077,4584.782420776209,754.5013537391086,43.038117137129575,1856.4932589509824
1932,7,31,1,3867.7232128477135,8294.612139418567,1405.72717822964,510.32379869240503,36.52240958966144,666.4510482409688,328.16869963325513,784.8930577929021,1978.1462067986763,592.03949760821,5310.2221239883775,4304.870459717521,567.2236956795207,41.40601157643282,1757.8027178132972
1932,8,1,1,5504.283397544253,11585.170993267058,667.4848368535104,1943.6118353617924,47.8928586341577,311.8298845046586,4.979061094738662,652.7459072309034,496.8234529599598,1059.272607283149,2058.573044487109,2774.0661547361633,435.7953644127766,36.99406487844064,2031.2169101483205
1932,8,2,1,4796.088973146848,8577.829075936255,646.4974414442083,1943.6118353617924,45.372332681669135,154.8314560988338,79.66446360127098,633.5667811918776,832.2636979570016,859.9520606830275,2009.8126495873325,2494.662893288634,415.53024469738403,38.395049736065026,1885.3596975839534
1932,8,3,1,4370.9719806232415,14483.062031293579,404.6883811937875,535.3157435341378,43.85990248869125,50.6454832058737,0.0,605.6809962945048,774.2446856124329,794.9096511743088,2029.531926936542,2268.673091016161,368.4294962321289,39.23593569834619,1667.0640635442794
1932,8,4,1,4634.015623970894,13680.081281257733,413.922835173761,535.3157435341378,43.85990248869125,42.68678491483732,0.0,607.4205797410899,24.478729196714593,725.6371400998302,1518.6233774337065,2245.6544336098377,351.7400402730477,36.15317891615948,1515.106773381972
1932,8,5,1,4928.712653189432,13939.643530074756,755.6404638561106,535.3157435341378,42.34747229571336,30.387289923524182,12.447866867908196,548.1611014280115,895.726377105685,684.2465158670298,1524.479405252686,2228.2314719265005,336.2394471365026,35.3122929538962,1420.5555706142827
1932,8,6,1,4283.6246626494685,11374.06888844111,983.1523963766559,535.3157435341378,41.843137862315785,34.004335003490475,19.915901769256244,675.4042001630994,587.4764059899162,631.8668234363493,2007.5419449227766,2198.7268944773564,317.7530840105022,33.070422133990654,1362.1691136056925
1932,8,7,1,4313.174500725262,13630.214642322031,753.121976407054,535.3157435341378,41.33880342888339,191.0019068984557,0.0,748.6065709248643,582.9493703659756,631.0299989961572,2772.6499060728256,2406.1491609409545,310.6017564978794,31.949240850961022,1292.7807309294105
1932,8,8,1,3775.467616684698,10446.42154106704,733.813572630556,535.3157435341378,40.835042102770295,143.97946434809373,54.769586389700684,884.5650701437208,582.9493703659756,593.8602804561116,816.2346693316354,2386.56422591001,299.27579617326535,28.165745766876334,1207.2707146014684
1932,8,9,1,4051.132546803943,11657.669414488026,752.2824805908015,535.3157435341378,39.32261190979241,109.97598585546285,0.0,606.5551588304434,290.1137684819591,523.7417490685488,1746.2913977385217,1919.3236330295802,286.751897737412,31.248502549063037,1165.9862608585104
1932,8,10,1,4443.5944640303305,11323.5629336213,597.7981178108571,1214.5499444340846,38.31451615024692,161.340938127619,14.936926326942183,467.1174927185461,975.4639363895736,560.9114676085944,1677.69221471749,1605.9646725349648,267.085747077639,28.025598106511033,1169.036299657426
1932,8,11,1,3009.375543446888,12262.206514196463,552.456777442815,1214.5499444340846,37.30584728341694,132.3994384232021,14.936926326942183,492.3895316333953,354.4837254312586,509.3869913641162,1352.6229153849279,1539.3250234688114,270.06244177833076,28.025598106511033,1159.0147436037062
1932,8,12,1,4380.488030172888,12602.96188025503,755.6404638561106,1214.5499444340846,36.802085957303845,151.2084154432987,14.936926326942183,387.8134674557953,1664.5273959142119,483.1971451488325,2093.3506790848496,2011.0167379471832,265.2979151994833,28.025598106511033,1146.923518364934
1932,8,13,1,4930.816200985045,12048.930735365371,770.7599548345787,1214.5499444340846,36.297751523871455,134.57497583808558,14.936926326942183,343.36230250192034,974.6221322446097,443.48936566919514,1896.0383948207084,2011.0167379471832,243.23588831717154,28.025598106511033,1013.1030660607304
1932,8,14,1,3026.2039258091863,12897.55863950304,849.681127857504,1214.5499444340846,34.28098689748965,309.6629121976676,14.936926326942183,441.84545380382644,974.6221322446097,457.85331924663285,2114.2650641521204,1925.8095530724013,242.63691926155192,27.60515512536152,1018.1356300790118
1932,8,15,1,3353.455861382517,11811.616679304389,853.8786069393644,1214.5499444340846,33.77722557137467,353.79034826680663,44.81163550507256,0.0,974.6221322446097,475.592158203515,2066.6997769704053,1897.4495497483013,237.87239268270446,27.60515512536152,1060.3895604402858
1932,8,16,1,3740.7089935923877,9925.379095780669,796.7843251422923,1214.5499444340846,32.26479537840831,354.5183824410385,32.36376863716444,579.534794843717,880.3120078739327,444.3353859823923,2078.2923218363185,2355.915074335822,228.3342642362461,27.60515512536152,1015.1182702671741
1932,8,17,1,3570.2214532350254,7652.355402567331,584.3661847487245,1272.5390664492872,31.256126511556953,323.40991042963054,32.36376863716444,747.7324083889257,738.8795581458477,399.5698763699213,2192.066576602703,2336.330139304878,221.7728304905396,27.465007464978346,948.7145684155427
1932,8,18,1,3769.1569732994235,10587.071035499723,448.3507299290257,1272.5390664492872,30.24803075201627,256.1224225105476,0.0,499.3566070450277,723.4745422934444,417.3087153269165,1795.0517926382981,2152.9439294699187,224.159631424315,22.981265825185126,1011.0878618542865
1932,8,19,1,3090.412218034865,9578.102707708735,667.4848368535104,1272.5390664492872,30.75236518544198,205.47693930473085,42.32171952179256,467.98291362919264,378.96151929003224,414.770654387438,808.1079368483394,2009.8721638218922,213.4235648666173,23.541364720528357,996.001062795098
1932,8,20,1,3771.2605210945144,11389.54033282787,696.8757567100649,1272.5390664492872,31.256126511556953,179.43044608145652,27.384793194850378,442.710874714473,938.3310202187101,346.3441636261566,2124.7820120717784,1774.0898940341938,207.47017546523384,22.981265825185126,917.5279216962252
1932,8,21,1,4070.0644769613327,13924.299948864407,784.191887896711,1272.5390664492872,30.75236518544198,201.85389864919577,32.36376863716444,384.32555893733314,703.5237840586115,257.64996884151964,1938.942761901745,1663.8292533082097,207.47017546523384,23.96180770167787,865.2088632983883
1932,8,22,1,4207.896942020433,12848.970632335557,787.5498711620203,1272.5390664492872,28.23183923293497,183.04492162901886,32.36376863716444,440.9712912678878,749.7575383743102,164.72567249112274,2322.09429633592,1715.0807391359053,196.73410890753613,23.96180770167787,881.3087109586266
1932,8,23,1,3195.689776739694,10301.296835447663,730.4555893649482,1272.5390664492872,27.22317036608358,186.66796228455394,34.85282809619843,652.7459072309034,1104.259970564267,0.0,2096.936002239273,1677.9456675188958,189.5827813949133,23.96180770167787,849.1090156382595
1932,8,24,1,3816.4367142209016,11890.763985717196,497.88954937862957,1187.7031286861645,26.215074606542927,183.77295580333103,34.85282809619843,530.7303004608628,395.28316632240063,136.00696120936558,2124.7820120717784,1679.0902416439399,181.83248482661065,20.879050919491167,846.0916558264217
1932,8,25,1,3608.085313549282,8215.081243475499,471.8566127873843,1187.7031286861645,26.215074606542927,196.0724507946424,34.85282809619843,473.21914721966147,841.3271225842318,122.48902794523818,1991.2884799561843,1621.2256608706953,172.88425014706866,23.40170880633464,916.5148730951754
1932,8,26,1,3460.836967882438,11233.419394007396,902.5436654373949,1187.7031286861645,25.71074017311725,266.2463800869755,34.85282809619843,414.8250898171001,1174.0361807998672,282.99379474371926,2000.4908093857357,1483.6224160431739,172.29435638015232,20.178312617593182,861.1893478812663
1932,8,27,1,4100.61600446346,8672.319963559414,928.5851683124704,1187.7031286861645,25.206978847002244,329.19135828418393,34.85282809619843,592.6122663818865,578.4129813626859,277.0808484246831,1632.517142972137,1390.9119119032546,172.88425014706866,20.178312617593182,853.1394240511471
1932,8,28,1,3869.125578044267,11420.2274952496,874.017940248285,1187.7031286861645,24.19830998015089,271.3169239831622,1784.9965287772663,517.6615705481149,643.6902161126015,143.60275228167788,2153.8231296225854,1408.334873586592,163.34612170067047,19.89850904301629,841.0699848037964
1932,8,29,1,4027.993521056371,12693.105419868934,784.191887896711,1187.7031286861645,24.19830998015089,202.58193282342765,1784.9965287772663,447.07294576887375,1179.461140845075,231.46012262623586,2644.8928910041654,1235.834835431157,157.38365701052354,25.643579626222312,807.8681338780352
1932,8,30,1,4012.1668281209286,8955.920489607362,810.2162582041262,1187.7031286861645,23.19021422061024,188.83493459154496,1784.9965287772663,440.9712912678878,708.9674508625172,277.9176728648752,1793.856684920237,1355.9388136338523,153.80799325421214,29.987665351821818,828.9896525607896
1932,8,31,1,4097.410598299088,9888.043048168127,502.08702846049,303.2030558170788,22.685879787184525,178.70241190714432,0.0,488.0274605788649,472.3363057218371,194.2904040860771,2253.614624086694,1274.0381762317215,147.84552856412532,16.25516161933014,716.312504930762
1932,9,1,1,4152.403347803438,12514.736288292423,453.1735477310859,659.4261321170161,13.780938393356903,90.12206566750726,107.60514103176199,191.93986802190634,441.48886049963454,187.78892189708418,748.340599864284,756.1946895281003,132.98020563807313,16.615119820726242,693.0886380758774
1932,9,2,1,3783.4811320953654,11596.422952822004,535.8381867922753,659.4261321170161,20.14185643493839,94.67870308765693,76.51845004551326,170.08580462279454,108.51790766125954,212.77410875343875,567.9510408891844,891.7377009302463,126.5912023780298,14.192286407777324,671.5531855561126
1932,9,3,1,4002.1499338575936,13158.399520088284,524.9590063148187,659.4261321170161,50.883905688761956,98.86704086674442,162.60256287095007,156.8072757014836,284.74492871326333,144.62349418118194,687.0315739241446,891.7377009302463,126.5912023780298,14.192286407777324,662.3268181892267
1932,9,4,1,4002.1499338575936,10389.77815376309,613.4230195359023,659.4261321170161,43.46331222968646,101.90765418286189,83.69184060616539,153.80889820313143,220.74910693959626,190.06030252043027,649.6844577324526,1073.6486818927233,117.55221481127455,15.230362586940133,629.5171151090547
1932,9,5,1,4002.1499338575936,11381.868542222695,685.1999118355064,659.4261321170161,28.62212531152915,100.38306497085694,119.56221950671882,156.8072757014836,83.47516968743993,158.26097379403745,714.5190514412319,532.6593628798042,120.74671644132629,14.192286407777324,725.8983411560495
1932,9,6,1,4002.1499338575936,10217.802181024568,721.4609913325181,659.4261321170161,23.322028902073747,103.42367828697441,107.60514103176199,164.94572891131517,0.0,180.974780027159,627.8498397219632,384.0427714697844,116.4904060308852,15.230362586940133,644.8980250522706
1932,9,7,1,3903.283187481508,12492.360232359972,520.6073341237166,659.4261321170161,20.14185643493839,105.71056210494167,124.3416247997063,145.23336372533058,103.8786314847395,112.0701038715192,588.3873828692307,917.8975784358718,115.95496399630882,14.192286407777324,671.5531855561126
1932,9,8,1,3483.8758246875855,10937.288276638352,510.4562877727203,515.3514750963187,19.08160791012301,119.77446933037115,124.3416247997063,146.95546392107252,79.76561942210155,184.7634796903665,610.2339519566375,803.7453856843431,106.38053439497719,14.192286407777324,571.0761931218558
1932,9,9,1,3164.236728753658,12338.157241190793,538.0140228878264,515.3514750963187,17.491235122899948,21.293714831409147,124.3416247997063,164.94572891131517,287.52288239141484,91.62216073795803,644.7606139336089,500.56041741338345,106.91597642955357,14.88466502467037,759.7319858330371
1932,9,10,1,3303.070883239614,11518.170688646122,635.9009483334459,515.3514750963187,16.43155970539531,31.56070971029992,71.73561865554571,178.6525974753034,297.72741930403157,234.73385340307564,635.5941377355276,769.2682695357273,102.65966601911249,15.922741203833198,586.4571030651812
1932,9,11,1,3678.303742333483,11831.051882171176,759.889340640952,515.3514750963187,16.43155970539531,102.28451893189681,74.12703435052953,188.0848112383292,151.1786710505894,228.67377311663515,615.8629093091613,781.1591229471958,109.57503602496878,15.576551895386658,708.4695480192026
1932,9,12,1,4250.168235810766,11033.313522382543,625.0217678559892,515.3514750963187,15.901435442987621,136.12526037384822,69.34420296056189,178.6525974753034,84.40302492274387,263.5077399226377,545.3993582478581,769.2682695357273,107.44234317536653,19.03844497984699,666.4334775721447
1932,9,13,1,3623.611499656928,10702.659347288145,504.6569136128262,515.3514750963187,15.901435442987621,97.34245165473945,155.4248896889807,161.947351412963,166.94846869900212,175.6687613240901,579.9260202248296,771.6464402179222,118.08765684585093,16.96130912917277,586.4571030651812
1932,9,14,1,4114.639656431606,11723.774676872037,395.89937397358017,515.3514750963187,15.901435442987621,80.23193553769327,90.868657263898,181.22263533097828,48.23070081497024,223.3769502865714,624.3242719535625,840.6133900055254,114.35771318128296,17.65368774606583,677.7077281325521
1932,9,15,1,4751.613962618999,12083.453793089693,539.4617248566184,622.2603766435597,15.371311180579934,79.0910631610617,105.2154383853084,170.94248390801954,283.8189441537402,240.79393368962926,696.198050122226,749.0601774810218,111.69865358580762,18.346066362955195,564.9325435410725
1932,9,16,1,3765.55089136431,12516.909962296531,281.3338938904405,622.2603766435597,15.371311180579934,77.56989999221966,112.38454632474944,181.65097497365556,144.68742575521676,193.08574472714793,671.5310268198593,695.557695873859,99.46516438906076,17.65368774606583,661.3028765924113
1932,9,17,1,2895.182948848527,11967.354028594602,311.0588988168396,622.2603766435597,14.841186918172244,119.77446933037115,76.51845004551326,177.36757854740114,45.44807044699712,172.64331911737244,670.8259132661792,765.7073722573738,97.8679135740349,17.65368774606583,552.6234583881935
1932,9,18,1,3531.1555656090636,11042.263944755938,569.1867297834455,622.2603766435597,14.841186918172244,88.5974764555023,86.0806867284625,178.6525974753034,0.0,151.4376360511071,506.6420149488058,863.1996527424258,90.95254356817861,18.346066362955195,559.8019425614485
1932,9,19,1,3391.3197216972962,7185.782670579764,691.7274201221595,622.2603766435597,14.841186918172244,182.8993147942046,16.73819681639456,141.3783069416239,0.0,158.26097379403745,669.4156861588189,678.9105010975069,89.36164545528113,17.30749843761931,663.3507597860422
1932,9,20,1,4143.989156622551,8003.467685942884,532.2146487276336,622.2603766435597,13.780938393356903,160.46729711849258,121.95192215317239,145.6617033678783,287.52288239141484,137.8093523112568,596.8367944364753,700.3140372384958,86.70167833094749,15.230362586940133,640.8022586651181
1932,9,21,1,2450.432843568994,13627.65737878766,519.8877662810863,622.2603766435597,13.250814130949214,175.6703636989996,90.868657263898,163.23237034086523,0.0,142.35211355794894,577.8106795637891,677.7150570112237,88.82892600733977,14.88466502467037,636.6955992823096
1932,9,22,1,2771.0736289292545,14396.115071098155,350.2153822520326,710.9427309176623,13.780938393356903,123.57737725253128,28.694418767067486,181.65097497365556,403.467373286853,93.13580142863265,641.9401597188884,725.2784706578379,85.10624257369835,14.538475716223848,581.3373950812132
1932,9,23,1,2739.5204120007947,14498.405612503928,402.41831597610457,710.9427309176623,13.780938393356903,77.9501907844302,71.73561865554571,185.07769211455542,0.0,144.62349418118194,649.6844577324526,601.6263126671605,82.4462754493647,14.88466502467037,612.0883219720984
1932,9,24,1,3976.90736031493,16628.60613727944,402.41831597610457,710.9427309176623,15.371311180579934,104.18597289293672,59.7793967048727,172.65584247846945,304.2186645994157,184.7634796903665,654.6202526082137,557.6365137892711,80.31902777303254,13.153718482437737,562.8737673517854
1932,9,25,1,1724.0076716127367,11381.868542222695,598.1921668673435,710.9427309176623,16.43155970539531,59.31851149849459,69.34420296056189,152.09553963255192,209.61858546766535,187.03486031359952,625.7344990609228,474.4005399077579,71.27641009078394,16.26893051227972,591.5877040448052
1932,9,26,1,3493.2917052948064,2430.934716508695,594.5686288027018,710.9427309176623,15.371311180579934,50.192388996235465,76.51845004551326,143.09166551220338,265.26183944776193,45.43221040266194,560.8999053521435,363.8219619249541,357.9747636247743,17.30749843761931,588.5049862587026
1932,9,27,1,2843.595943393397,3943.683960723381,433.59958915555376,710.9427309176623,14.841186918172244,63.88114449422752,88.47038937491608,151.66719999000424,0.0,182.48290319401525,566.5408137815847,134.36028480625453,76.5954368105328,15.576551895386658,649.0046844351884
1932,9,28,1,2762.659437748367,7719.739296718527,330.6414236762019,710.9427309176623,14.311062655764593,69.20521558517481,28.694418767067486,158.9489739146108,262.4838857694015,156.74365475417605,589.0924964229109,321.0276071333481,72.8718458480932,17.30749843761931,579.2786188919262
1932,9,29,1,2402.1514132211823,13017.750025654568,240.0015743599195,1355.5201333064945,13.780938393356903,88.5974764555023,184.11845193180153,133.66819337446958,307.9319562164394,112.0701038715192,622.9140448462022,498.18224673118846,67.55281912834434,14.88466502467037,541.3492078276768
1932,9,30,1,3067.5736991156095,13361.701971131613,255.23242702836842,1355.5201333064945,12.72126297585223,88.5974764555023,184.11845193180153,178.6525974753034,0.0,138.5726097677466,503.1164471804051,640.859770180413,58.510201446114394,15.576551895386658,582.3613366780287
1932,10,1,1,1908.819370766042,17994.184865047046,743.3992442481635,209.0049012168656,44.98491213963395,294.9480567693596,97.31828483666051,511.7609734304001,0.0,243.7366130396395,627.180579399753,288.4326795461407,143.01747496417445,14.498644275905429,651.1614975859273
1932,10,2,1,2590.2686874812835,12921.852643086784,704.3112910839106,374.6936855342298,42.81684718319046,286.61420675088783,97.31828483666051,454.83550908829835,298.06414096185006,197.03997010377017,698.8870424879838,216.00657240267242,133.9512615312492,13.437947772611164,659.1133844545947
1932,10,3,1,3345.8430217425916,4475.08332332674,699.9681851766387,374.6936855342298,43.35843359182056,322.7247017950216,97.31828483666051,486.2616522562742,90.94851981856773,197.03997010377017,622.1252737521859,259.7165864943532,121.00989981420268,13.083890525336301,401.635644844093
1932,10,4,1,2514.94164262299,3948.542761440336,794.7883810074735,374.6936855342298,42.27468766727588,312.7206557296503,0.0,413.9159607797343,0.0,197.03997010377017,621.1213832688707,232.24680748999728,116.48133074212178,92.29583991807806,807.2363401268087
1932,10,5,1,2532.170700755508,11648.846855292075,736.1607344027104,374.6936855342298,40.64878222678179,230.51274979187664,40.549570856706055,413.9159607797343,300.75791422565146,177.68265750430888,579.7109008355307,278.4367321862053,113.89487345645313,85.57858714338548,609.4086450273503
1932,10,6,1,2866.4344623131733,12539.28601822898,650.7463182290497,374.6936855342298,39.0228767862877,203.30140188976708,44.604356637527395,366.4751599527992,0.0,137.2484040602024,694.847578400649,254.7186128143855,117.77909702933782,49.863062324541595,609.4086450273503
1932,10,7,1,3028.7081493744977,15117.26338800938,605.8675571884341,374.6936855342298,37.939130861743024,236.62823685584206,36.493928551638625,320.8176506992979,155.78053370955686,192.48801298418593,688.7883822697667,253.47229876686305,112.59710716929723,40.666917072740674,570.6404732934237
1932,10,8,1,2708.4680397849793,16563.395917133388,415.4904651167726,374.6936855342298,36.85481182987904,244.40535485865385,44.604356637527395,187.97991173404768,88.24726385127148,101.36610773576402,595.86875718463,249.72063913441778,103.53996902507528,36.42314756721545,579.5836227718287
1932,10,9,1,1919.5374476273926,16918.855548519226,437.20599465253514,576.064328600321,35.22890638938495,274.9570948544822,243.29571209173162,189.76320330735197,0.0,132.11710694355344,391.86386969910575,213.51394430782844,104.83773531229131,32.179869807861806,587.5355096404959
1932,10,10,1,2949.174008926021,1874.7298976138927,576.1853836810567,576.064328600321,34.686746873473055,275.50526176216937,486.59142418346323,172.56842622490154,289.9547610323989,132.11710694355344,978.6378571490734,239.73740926480872,102.8956235258189,28.64372305070815,544.7913944722904
1932,10,11,1,2537.5798236573955,3145.1784218742314,670.2860116692611,576.064328600321,34.686746873473055,257.17593078629903,48.659142418348814,137.5756999101875,174.69306683238614,132.11710694355344,693.8317368401772,292.17162168846124,102.8956235258189,27.582534801236584,544.7913944722904
1932,10,12,1,2048.555045735385,8897.487017829559,681.1480595790574,576.064328600321,34.686746873473055,50.54698446464794,77.0434994083446,198.06774739902738,0.0,132.11710694355344,675.6541484475301,202.2716829004713,102.8956235258189,25.814707295736607,544.7913944722904
1932,10,13,1,2466.6602122751783,7583.565013471509,582.704325683581,576.064328600321,34.686746873473055,25.55142998473908,0.0,162.48059055992178,625.8346148607251,48.97538025756438,681.7133445784125,274.69779004388477,99.01139995299437,24.046388044082928,518.9423156510477
1932,10,14,1,3434.9933806841823,12589.664109871352,554.4698541452941,576.064328600321,34.686746873473055,233.29640987001574,0.0,280.49253291525497,2418.6903759802985,161.7370137763127,715.0448988370831,312.1507989179605,102.8956235258189,21.21737228911139,574.616416727812
1932,10,15,1,2217.2395451254524,13223.609740234335,543.616372519328,576.064328600321,34.686746873473055,37.21625047824147,52.71392819917023,138.7645609591002,589.8147508369921,136.10811581208333,207.04046108968,283.43470586617303,102.24220273791938,22.27856053858295,457.2988529249823
1932,10,16,1,2039.9405166691263,11644.243780928971,579.8089217456984,877.9787372616455,34.14516046485114,26.662324483606344,52.71392819917023,224.74718799677396,436.7373437704816,107.05835310348952,247.435101962412,136.10258097458924,112.59710716929723,20.863806788011395,558.7017499946027
1932,10,17,1,2985.735672986149,13031.814975098767,497.28990950992034,877.9787372616455,34.14516046485114,91.09848797182505,16.219999647531605,224.74718799677396,557.3959378776765,107.05835310348952,162.60635612942656,339.6205779224724,106.7707718100003,19.803110284729282,584.5508288158453
1932,10,18,1,1330.544064960538,12980.669704395877,711.5498009290652,877.9787372616455,33.60300094891851,102.20743296046317,93.26692515279959,265.666736305338,106.2543898493285,107.05835310348952,173.7089068308992,489.45804839927166,106.7707718100003,20.510241286911402,563.6798490343848
1932,10,19,1,2731.0060518769596,13263.24732502946,688.3865694242121,877.9787372616455,33.0608414329859,0.0,36.493928551638625,176.71195664544723,863.5601053898376,0.0,256.5298716975533,755.4189226208682,101.59785723866301,19.803110284729282,566.6536368633792
1932,10,20,1,896.3718000229615,12781.97032771462,462.54506225264066,877.9787372616455,33.0608414329859,334.39037879931965,0.0,108.51853721478625,0.0,78.0187058551207,150.48796386753926,2503.4379615815433,99.01139995299437,20.156675785811405,568.6470550784015
1932,10,21,1,3035.2191306456652,11797.679593037632,419.1140031811157,877.9787372616455,32.519255024364014,140.5277258512912,68.93392784670183,146.47467452638406,612.3283350241132,112.18965022011443,190.88260474049704,1194.9353866913307,99.65574545225076,20.156675785811405,546.7739196915471
1932,10,22,1,2412.8694900825326,11967.098302240753,408.98008939777975,877.9787372616455,31.43493599249878,40.5489339748431,0.0,141.72797195602521,371.0017934305833,73.46307038634657,178.76421247860975,735.439745391369,96.42494266732572,19.449544783629285,551.7520187313294
1932,10,23,1,2921.226873932153,13841.18888397157,314.1513272834134,1575.2735233008846,31.43493599249878,43.88161747144466,77.0434994083446,229.49389056700326,362.8924135011322,63.781655324728845,162.60635612942656,640.5418329233465,98.3579791650347,20.156675785811405,576.5989419470686
1932,10,24,1,12122.445437139482,16183.642282164836,494.39450557173905,1575.2735233008846,33.60300094891851,29.43913247537768,0.0,192.72661430427695,25.213904816622765,63.781655324728845,184.8234086095534,574.3727309974834,97.06928816658211,16.974094529768823,508.9970105673583
1932,10,25,1,6851.756013809513,10396.81062848519,432.86288874526315,1575.2735233008846,39.56503630223711,52.21375446834542,198.68792935718193,151.80706599571295,290.85268545366597,63.781655324728845,184.8234086095534,746.6820067988268,97.06928816658211,19.095487536339842,508.9970105673583
1932,10,26,1,2926.6359968340403,14265.69463080605,595.0055092786378,1575.2735233008846,51.48853390157546,201.0744738272879,474.4287798895127,174.93740669743494,423.2310639340787,65.49024852234331,203.00099700238434,1063.8307793967551,114.53921895570952,19.095487536339842,522.918259085436
1932,10,27,1,2076.5021807292537,13896.170049977043,268.5529984003808,1575.2735233008846,43.35843359182056,158.86562193513427,283.843569899892,91.91819065679698,459.25092795781177,163.43825027548618,210.06408361656128,1208.6702761935867,124.24977788783099,19.095487536339842,608.4173824176125
1932,10,28,1,2042.0440644647394,12175.387417178481,287.37312399800885,1575.2735233008846,39.56503630223711,117.76166896624746,965.0458680294124,108.51853721478625,404.31853081116606,87.70012091673843,223.19831743886323,856.5611228163807,111.3084161707845,20.156675785811405,575.6076793374403
1932,10,29,1,3789.6916065382156,13075.288455195447,358.31052048110024,1575.2735233008846,39.0228767862877,86.65319695475918,709.6132073710745,101.99728469648184,199.0024998621753,103.07654010797238,208.0443515729133,836.5819455866347,100.95351173940665,18.034791033057726,551.7520187313294
1932,10,30,1,2748.235110009478,13226.167003769739,305.46511546916815,1966.2607853747572,38.48071727037313,88.31482789368593,364.9392855163734,138.7645609591002,705.0764450370264,109.3389295997673,173.7089068308992,687.9907891573579,108.06853809715619,18.034791033057726,550.7498631259353
1932,10,31,1,3477.965857072531,17220.612645665748,424.1766769310178,1966.2607853747572,37.939130861743024,66.09950744878893,158.14007154894125,43.88208514294388,0.0,109.3389295997673,165.62997865630783,751.667262988423,130.7204587463843,16.974094529768823,564.6711116440132
1932,11,1,1,2297.2745302870953,8117.777365964122,933.8106014551458,588.2674266675574,35.32289598835816,29.670390389559813,35.08237659414099,428.1298436145462,38.188912703857675,40.478393634336015,194.0496401935543,398.75690772348884,29.29956963779321,48.99463857634823,501.23030462572
1932,11,2,1,2297.2745302870953,4774.794609645556,1222.6656925576046,588.2674266675574,36.332137962507446,135.8597420279774,29.600621419393004,260.3955362134419,440.90895097769675,1249.903053927639,190.97821335794768,582.8044270530767,64.93459833215407,46.20643775406448,513.7354637015028
1932,11,3,1,2572.238277807803,5038.959932825685,1280.1454571276315,588.2674266675574,39.359863884990105,81.20236226644481,17.541616559193542,238.10439154623126,411.39903900804586,682.3521660354261,211.51016395550434,555.6653027957559,50.68094986596134,45.808123350886206,501.23030462572
1932,11,4,1,2214.0341389610808,6284.475137618173,846.794290203153,588.2674266675574,38.35062191084083,56.998223759534454,32.88967452424178,213.47923290817351,411.39903900804586,350.2616055108712,755.6905123309597,506.1179606657484,46.72140139671268,45.011494544511756,464.6734110210317
1932,11,5,1,2109.2574249694185,6718.187033178863,671.2111703241142,588.2674266675574,36.83647239593984,56.217085916075085,19.734318629092673,284.4437475778217,909.5880853588133,263.5261316686481,463.0683875455592,416.4596541930248,45.92912869131411,43.01992252858459,465.63199464358235
1932,11,6,1,2626.029000000449,8339.108524930645,554.6840112413471,588.2674266675574,36.332137962507446,45.286295172402454,49.33494004848575,202.91934947366778,672.6389253190127,209.00380083624162,226.91510244226245,427.06604108634986,43.55412563286269,43.01992252858459,492.5703730357959
1932,11,7,1,2584.759395636449,13944.758057145562,461.30295109577276,1121.220650415828,44.40607375580614,43.724875996276815,49.33494004848575,316.10591463049576,414.86914276115914,185.0485517523963,167.36288484760334,510.8361495595175,41.97048775093764,45.011494544511756,381.9411085993992
1932,11,8,1,2823.962830637992,8423.242495236818,656.0488479261968,1121.220650415828,60.05018401629046,47.62885219198754,35.08237659414099,272.71248634511676,458.2688231219855,247.82877651077408,156.06911691122914,631.1690425871725,41.178215045539076,43.41823693178074,649.3859392851214
1932,11,9,1,304.51358559663925,8432.32078078662,728.6738023261822,1121.220650415828,70.14260375788771,99.15825453645323,41.660482803838555,202.33366057456823,814.9786528477139,265.1721929300166,731.0473911829064,633.5344957792428,40.38594234014045,55.36570204260386,473.3333426109558
1932,11,10,1,2307.1912556074835,11060.548379031947,577.8301101785398,1121.220650415828,53.48867841593482,70.2715715227921,42.75683383878812,192.95389656368317,633.5885663734509,257.74192757123217,824.4809125867375,578.0862381593076,38.80230445821547,54.9673876394077,637.8393638318892
1932,11,11,1,2091.327184238885,8972.159113055672,698.349157530646,1121.220650415828,53.48867841593482,78.8606617576729,37.27507866404021,265.67547793063,633.5885663734509,244.51826224202662,850.15182637218,422.34785219258083,42.761852927464076,55.36570204260386,704.2212796919896
1932,11,12,1,2368.995493210275,6955.117499709588,600.1795447183322,1121.220650415828,52.98434398253725,67.1487331705409,44.94953590868733,198.22509665557925,634.449077277113,192.47881711118075,656.0902351015967,401.12236091555906,80.77279220909892,72.89645324446803,735.9743621883781
1932,11,13,1,2109.2574249694185,6294.832054935158,594.5943276544909,1121.220650415828,50.46095249345216,59.340780779119534,31.793323489292217,231.0673831317445,634.449077277113,215.6064376278392,873.7671548826048,356.28049018894916,80.77279220909892,64.53185077759893,651.3139995258788
1932,11,14,1,2640.3531587963907,5810.61420455569,641.6831899256797,774.5355155653527,45.91965016338783,31.231809565685367,32.88967452424178,281.50656145703186,650.0785742347285,269.3011398930588,950.767945162015,331.50681912394543,127.48965596145929,57.357274058513156,583.9735000431181
1932,11,15,1,2107.4543840021224,5936.175844131872,761.3970065971525,774.5355155653527,43.901166215054445,159.2853122237921,55.913046258183314,215.82198850457178,630.9789735242086,308.95374413477816,805.9925961872989,585.1571627547755,112.45190254974398,52.17918681712395,596.478659118901
1932,11,16,1,3146.306488023124,7015.980371846385,758.9984471217184,774.5355155653527,42.89192424090516,249.8527635038755,61.39480143293123,208.1992911908559,629.2485983373265,303.99716860454913,816.2705225631054,506.1179606657484,107.6964512595998,52.17918681712395,617.6437497844984
1932,11,17,1,4470.1392338271235,9465.455248984943,794.1202108678243,774.5355155653527,43.901166215054445,219.4038048032385,272.98284245996945,209.370668989055,198.7593119980836,247.82877651077408,807.020388824688,613.479013608008,98.98417408682437,48.596324173169954,603.2105304679582
1932,11,18,1,8147.54145567722,6935.6822968428005,697.543926849714,774.5355155653527,51.47019446763626,239.70311060360964,272.98284245996945,129.0263903085423,633.5885663734509,198.26302120859665,685.8723194375533,627.6335802893151,86.31597856027602,55.76401644578214,499.3131373806187
1932,11,19,1,8975.137259690026,6052.65919815722,411.0274312358783,774.5355155653527,57.02131187916919,218.6243799813307,243.3899297587402,212.29911348455283,197.01958343188858,188.34987014813854,698.1938800114602,751.5019356148275,76.0209710344481,56.958959655334866,565.6950532408287
1932,11,20,1,8615.130079876008,8555.325156827399,438.96208283981053,774.5355155653527,47.938134111721205,265.46695526514793,186.37967594137405,180.63694643187873,638.7890453132374,167.69593946014857,648.907637715593,642.9708735667808,76.0209710344481,49.3909859948402,490.65320579080407
1932,11,21,1,5335.298391326912,14477.947504222773,559.4725639080865,1328.9661919123405,45.41531572995543,251.4201782555034,230.23371733937273,151.89448224928088,320.2690636294088,147.0420087720455,616.0541265441469,576.9035115631491,62.55959527365688,49.3909859948402,490.65320579080407
1932,11,22,1,6582.902571789232,10887.03804817239,675.2030585937518,1328.9661919123405,49.95661806005459,267.0343700167758,733.4417118963472,219.93055242356075,365.3991191771173,124.7420168225739,562.6567136977656,749.1491999128818,84.7323406783652,46.60475215724278,434.8483887655101
1932,11,23,1,5950.536036963285,33480.97283388543,660.8374005932347,1328.9661919123405,70.14260375788771,207.69530225923725,535.0107398129275,228.72462753534623,39.92489991829741,113.17360862774208,581.1450300972043,778.6410598719015,171.0510418253364,46.60475215724278,434.8483887655101
1932,11,24,1,3538.6682363065647,20376.275848034405,492.4328265722409,1328.9661919123405,105.46320731703831,131.17462798879842,245.5740665862002,181.80832423007783,412.26890329126593,103.26045756734956,617.0699681043794,805.7674666388508,649.3459833215406,45.409808947690045,416.5699419632207
1932,11,25,1,3589.654228105581,16895.84017670267,924.9873290996179,1328.9661919123405,121.10903689944571,168.65554030215011,123.88766694923791,160.11161008738839,190.0793759258849,132.99991074854523,665.3284177626181,647.6890624605498,711.1123983610148,48.19800976999166,1719.2415129979306
1932,11,26,1,3438.298955790978,18780.543402104326,796.5102040594282,1328.9661919123405,76.19461695900685,144.45054528442756,123.88766694923791,149.5517266530122,629.2485983373265,97.47625346993546,699.2097215719322,455.3878919395824,268.44704038589833,47.799695366795504,539.7152584711657
1932,11,27,1,3021.8966612760564,17858.649897684136,712.7148155314616,1328.9661919123405,66.60653165080717,121.80439991044038,82.22461457267364,135.47770982390907,575.4386067173691,115.65649432930266,681.7611488870392,385.78506763809344,197.17879805489923,47.00306656043893,529.1272666404842
1932,11,28,1,3233.253130226155,15448.429015810445,443.75063550654994,1507.5219228318929,83.76536453351176,125.71008912771153,74.55015732808033,157.17442396659854,1210.7949617953072,114.8288657621158,754.6627196933312,265.4394571203137,152.83693736097592,44.61318014133347,480.06521396012255
1932,11,29,1,3283.3376015412623,20172.973396991074,687.1701571188347,1507.5219228318929,75.18594809217687,110.09589736651942,96.47889107554897,161.2829878855875,0.0,112.34598006058506,604.7603586076291,515.5543384532865,186.097870525755,47.00306656043893,508.9316525930935
1932,11,30,1,3400.735602304517,50063.54822753279,524.3593664458109,1507.5219228318929,113.5382893249408,121.02497508861285,65.78020557272966,179.4568270083876,189.2095116427875,105.74334326894224,549.30736048623,683.0818379092502,186.097870525755,65.72679398715167,570.498864349238
1932,12,1,1,3014.283821636131,32244.535914642744,747.9736398188502,246.0827943843025,57.19610960894569,291.16227906314504,20.21054610989892,277.1095239010743,626.1993966567996,236.98684228052446,403.2412951757204,746.860051662547,191.52489318132555,23.866408943372992,285.27666466381396
1932,12,2,1,2674.410599290685,27223.34896338537,617.6804626045739,246.0827943843025,51.26101029922376,250.1097167418539,20.21054610989892,299.2520609370251,626.9850805254606,171.38348452063835,403.2412951757204,625.6496518056753,363.90092716004796,30.685453176654587,389.95835344233114
1932,12,3,1,2583.557368324745,36086.82437619831,552.5424402811167,246.0827943843025,46.94436603494941,222.31594150032666,12.437588576955543,269.7315920974782,875.8972128028072,168.10055787079335,750.2527722134214,620.7534180479391,275.9704547361377,113.75072561058168,281.082861315319
1932,12,4,1,2679.3188774794057,23250.640061537702,515.6560220639052,246.0827943843025,45.32533788218254,212.8429321267773,0.0,288.51734499538344,1624.2143307513086,193.52714662958726,709.5474033337615,673.4038278063811,235.92120560752875,113.75072561058168,216.7052566658968
1932,12,5,1,2277.8417554165394,32054.01978127436,833.5165502502621,1240.7133866900654,44.246176816122656,267.7966646228184,28.76122765825969,362.32288790696145,379.6349626058781,146.7845243289182,1439.3877357214496,537.4920091859295,255.0791400988953,40.603973562117396,289.98243881077127
1932,12,6,1,2042.4447402349597,6135.770263050058,1718.0538870551368,1240.7133866900654,45.86520496888954,304.4296312508014,17.87823058789292,278.4557342064093,384.33035905872805,200.90223675067986,975.1361915347466,615.857184290203,255.0791400988953,30.685453176654587,363.79337774552994
1932,12,7,1,4218.7151878247305,13847.58204280956,1460.6370576473307,1240.7133866900654,304.86443393270446,277.9034919833811,104.16191356259455,447.5362519129782,638.7235716575854,279.62810523705383,762.8611586398067,688.0925290795894,200.22809506533758,28.205577207203095,309.87304897825953
1932,12,8,1,10900.384337047624,10905.961798332508,824.8903024228281,1240.7133866900654,491.02688167097034,246.32393903555902,714.3669169367179,335.4860980529221,385.8923734167009,719.9724823510293,915.0461754669822,657.481529976022,191.52489318132555,29.135469227469255,302.0191990709349
1932,12,9,1,7418.612060155129,10929.232896501884,572.9473283893699,1240.7133866900654,188.31733122650468,221.69068862120582,301.60788276312576,409.2916409645001,388.24942502247484,489.5514933703079,915.0461754669822,630.5458855634112,190.65366546406605,29.445269318834114,433.9333771259121
1932,12,10,1,5487.555184124901,8400.099260243853,547.0428860555771,1240.7133866900654,118.70771726756195,217.8963458070988,146.91103868319126,360.312314074251,137.76592500798927,356.7079124620592,812.2908138617935,673.4038278063811,161.05914894281167,29.755561156388428,774.1652051495773
1932,12,11,1,4368.167250229612,10434.402402451578,595.7079445536077,1240.7133866900654,92.80899789651964,214.7443860878172,81.61990845500753,312.0060923367988,385.8923734167009,348.5051937738928,800.6624157644101,757.88611573517,176.72309727631665,29.755561156388428,2932.8301651115553
1932,12,12,1,4255.777696598025,10023.322289177187,487.39585167412787,627.7176020990285,79.31805180238582,208.42333643354945,80.06531694842447,373.73070900140016,1392.5311233069467,345.2314629969399,676.5863324676658,733.3922294563649,175.85186955905715,18.597348659276726,1639.9405042250369
1932,12,13,1,3796.70343252255,10014.883319511495,739.3388257075859,627.7176020990285,69.60961395894275,208.42333643354945,50.52636527474739,332.8024190674146,892.3404537671307,343.58540173557145,777.3936684922469,732.1713503893387,175.85186955905715,19.21694884200645,1135.8126627402432
1932,12,14,1,3083.7008988788484,10339.016472590461,847.6509185873645,627.7176020990285,68.52644114168254,202.11085188717414,48.9717737681587,371.0470300158926,389.02575551157787,340.31167095861855,776.4256312406412,620.7534180479391,172.3760339786623,26.035993075288044,843.259476941613
1932,12,15,1,2163.548991875231,8778.318537091369,773.8695158688128,627.7176020990285,76.61871636892045,227.36935518056782,41.19881623521523,315.35413484955234,136.98024113938513,282.083403319825,630.0607890004965,803.1858161119458,172.3760339786623,32.234945379668346,721.3014969662001
1932,12,16,1,1573.5539197820433,10727.848393109845,597.2755744963207,627.7176020990285,79.31805180238582,240.0028893812912,41.975683726386535,334.14862937287916,892.3404537671307,300.1257060846342,769.6374194015259,741.963817904811,161.05914894281167,24.176209034737855,606.1407463141095
1932,12,17,1,4068.261435994037,10400.518660611368,911.1956121163195,627.7176020990285,68.52644114168254,291.16227906314504,27.20663615167108,385.81163524837683,641.0712698840102,269.788521160411,474.0036231664192,596.259531769134,134.9404680019521,24.176209034737855,531.2949727868793
1932,12,18,1,2180.177036352158,9027.396005414996,1104.2796498815999,627.7176020990285,64.7496639641152,259.58272611540326,26.428912136253686,240.2111232579313,388.24942502247484,263.222667860608,607.7600789801786,828.8878639674056,177.5943249936363,24.176209034737855,529.1926246147491
1932,12,19,1,3129.5782746037726,6976.087060698444,1772.192800927216,3013.4818491110927,62.594780475841624,366.95491915927164,27.98350364284238,326.76195594399104,893.9024681248947,249.2817244398254,1178.6988891647557,886.4345074835837,173.24726169592182,20.456640953655338,467.4293389358101
1932,12,20,1,3161.8326741307706,7738.918773232496,1364.0950387645414,3013.4818491110927,59.35672417030786,275.3767851432204,31.093543180265772,299.92516608982214,388.24942502247484,286.18476266385164,623.2725771616206,597.4931283262849,173.24726169592182,21.69682481145794,437.5934236846324
1932,12,21,1,2997.7559461021506,9232.872130463473,1144.2841954168757,3013.4818491110927,56.11694854288581,240.63670736830454,14.769047574715536,316.70034515501686,894.6881519935556,241.90663431884587,1128.2892456137672,651.3644171515066,173.24726169592182,21.69682481145794,488.888540485654
1932,12,22,1,3505.612485238604,8357.648685560507,903.400293821308,3013.4818491110927,53.95862641073122,260.21654410241655,23.319729123076307,324.07827695848346,642.6426376211233,236.98684228052446,1128.2892456137672,516.6861950882057,173.24726169592182,30.685453176654587,796.6701342875488
1932,12,23,1,3029.0086562028155,8190.275787185089,676.5479651565818,3013.4818491110927,51.26101029922376,234.3242228219292,22.542861631905,342.19966632914276,642.6426376211233,230.42098898072143,767.7013448980749,517.9070741549853,147.99980847238186,31.30505335938431,626.5542202757161
1932,12,24,1,1750.3521035246806,7107.402543227473,661.6340649903366,3013.4818491110927,49.641982146456876,203.36992275322794,22.542861631905,289.1904501481805,642.6426376211233,216.48924143294406,375.13236164528905,517.9070741549853,148.8710361896414,30.99525326801945,490.4680248636657
1932,12,25,1,2735.914330065681,8026.099468229182,668.7012491585891,3013.4818491110927,48.562821080397,253.89549444806843,6.996004389347492,301.2713763951572,394.5068358330887,217.30767412712572,618.432390903113,521.5824288459419,149.7422639069009,27.895777115838236,514.0186815898743
1932,12,26,1,3090.5123869778113,7850.159737010631,627.1033748291098,928.4995632600313,46.94436603494941,152.84435105846777,36.53418519120315,287.8442398427159,902.5169305414914,212.3878820888043,775.4575939887961,539.9464848101068,154.08932720455522,25.106101055021885,467.4293389358101
1932,12,27,1,3092.4155968875316,7353.283432132624,603.5546605516004,928.4995632600313,43.167015750062774,66.31706119027872,52.080956781336,247.5890550615274,393.72115196442775,326.37072753783593,868.5086809228955,576.6745967381896,154.08932720455522,24.176209034737855,1048.4508371414647
1932,12,28,1,4748.108049626831,7521.679235921376,836.6603764198169,928.4995632600313,44.246176816122656,226.7441023015273,105.72078769046495,295.8952767989796,392.15913760666376,474.7921172552306,611.6441790639977,549.7389523255789,156.7030103563939,26.965885095554206,977.2651101729549
1932,12,29,1,5193.459168561955,6186.659807399095,882.9268754424133,928.4995632600313,46.40449894824241,215.36963896693806,158.57689891443323,276.4451603736988,392.9448214753247,474.7921172552306,513.7409547944734,473.82825284523585,170.6335785441433,352.72461513580157,675.2350181062545
1932,12,30,1,7369.729616151726,6008.674265352841,771.5137878125295,928.4995632600313,46.40449894824241,223.58357747435326,1512.7074709565509,290.52791882809396,904.8646287679163,474.7921172552306,533.1256019825779,549.7389523255789,164.5349845232065,490.03490007547447,798.2496186655605
1932,12,31,1,5607.657746338839,5056.093598510921,766.8108979840919,928.4995632600313,45.86520496888954,246.94919191467983,3551.5777862644454,303.95505538053516,904.8646287679163,474.7921172552306,942.1870717458078,630.5458855634112,164.5349845232065,490.03490007547447,942.7125277790543
1933,1,1,1,2339.8622813401334,15776.69844742447,1115.7290094472835,1713.043446314867,79.93361691418602,988.7112646582926,46.57474426414626,330.8204435509561,992.6137117791511,78.62996143352022,733.3046674818103,217.36330678814147,62.355970058655465,134.93292584314213,380.766894229458
1933,1,2,1,1298.5208746927099,46108.82657149553,1285.0416953361735,1989.3206065740164,78.39729048798955,949.012050960811,79.17680458894449,451.545547850841,992.6137117791511,100.778374706598,481.5563678489938,217.36330678814147,63.45030223894955,126.49950457673482,369.51391257271234
1933,1,3,1,2156.9212183677014,30978.345357101898,1360.876336647055,1989.3206065740164,76.85942465656896,1028.4104783557743,78.01295730252744,565.2986856410193,995.9475350545675,81.951191986426,275.7739817576303,217.36330678814147,62.355970058655465,123.12649895405123,368.4848128585818
1933,1,4,1,1594.272253605924,19319.441278128885,1408.6284623472761,1989.3206065740164,76.85942465656896,609.1038359156669,25.616370005366964,417.87512519679717,1608.1895575491467,167.23049077943918,455.434485270331,240.33178411878657,66.73190116528684,123.12649895405123,370.53182642036717
1933,1,5,1,1323.0666361540207,16642.956738285153,1212.2878363287853,1989.3206065740164,75.32155882512225,1352.1729553728949,80.34195517581139,479.39545399945416,1613.6874415471607,110.74550449215604,409.4793214746828,264.4797522614701,61.26163787836139,118.06608331032749,401.2370298475303
1933,1,6,1,1480.5602566321184,17132.93664029201,1133.3842618773317,1989.3206065740164,75.32155882512225,1095.3931201265548,41.91805181799128,219.38285906620678,1007.036884054727,86.38179147481182,308.1522164599038,260.95181099342756,59.07437113231818,155.17277399865125,337.77960943141863
1933,1,7,1,1149.8436909845063,17171.38247567484,1036.7780383451015,1989.3206065740164,73.78523239892579,951.4899913690338,60.54742820346281,481.723660601593,1615.9099903975305,83.05941487967482,248.60937382507595,193.20480747749943,62.355970058655465,155.17277399865125,367.46689901092697
1933,1,8,1,1204.946420795268,16484.265417768525,883.0233030874455,1989.3206065740164,73.78523239892579,929.1624441120703,59.38358091704576,721.9971126034998,1011.4702841298293,100.778374706598,387.53909005778274,213.82483435202622,62.355970058655465,134.93292584314213,370.53182642036717
1933,1,9,1,973.9157027148444,14771.380751987734,1043.0106979278937,1829.1638175844994,72.24736656747908,723.2325544001042,59.38358091704576,390.0252190481841,1010.3590097046443,74.19936194506087,405.2976703129201,213.82483435202622,61.26163787836139,129.87251019941837,354.1557179259202
1933,1,10,1,5403.373685272066,12927.616646606562,949.5089550242341,1829.1638175844994,73.78523239892579,662.4447636497704,40.75290123112799,1174.706763755494,998.1583862793,17.718959826905078,442.9002815309783,213.82483435202622,64.5432368046987,160.23137522298916,402.2661295616609
1933,1,11,1,3055.5966481950613,11474.036870535616,1027.4290489710086,1829.1638175844994,72.24736656747908,682.2943704985112,40.75290123112799,797.4487211288601,1007.036884054727,77.52173854027139,362.4706825790773,207.34816605388767,65.63756898499277,158.54577962133482,348.01467724050946
1933,1,12,1,2748.5241629753773,12115.346124581742,1076.2475993148275,1829.1638175844994,72.24736656747908,692.2191739229091,82.67095304909536,609.4080781144746,1007.036884054727,85.27356858156298,415.7464233443592,306.2990202486986,68.91916791133006,136.61852144479644,383.8430075053739
1933,1,13,1,2808.836605423221,8015.874877673782,1313.1242109466425,1829.1638175844994,72.24736656747908,703.3829475513634,65.20542395003073,357.5188996952934,1007.036884054727,109.63842764113842,340.53045116230766,220.8912480562982,64.5432368046987,126.49950457673482,320.3744012228411
1933,1,14,1,3939.444434364387,9955.017374664478,1065.855883622788,1829.1638175844994,70.71104014128261,466.4396773621472,48.9037421374401,453.86110115627,1007.036884054727,55.37332526722539,645.554491560406,275.0846384018573,64.5432368046987,121.43908893301106,282.51024326261233
1933,1,15,1,7150.831527753106,9735.794313332372,643.05405998979,1829.1638175844994,70.71104014128261,581.8073660506958,83.8348003355124,434.1346115216394,399.26335451160935,56.48040211819168,107.59420688440298,222.0707388683366,75.4837633785496,118.06608331032749,355.18481764005077
1933,1,16,1,5030.578671404961,9054.403230909084,796.796946084716,1275.4482933532631,69.17317430986202,482.5723735986089,83.8348003355124,465.4641742767508,555.6489101915462,84.1664917306189,220.41279028443475,190.8458258534226,112.6784789777109,119.7516789119818,329.5915551842225
1933,1,17,1,7602.373351859259,7461.273252363324,956.7843409249729,1275.4482933532631,69.17317430986202,552.0329557776122,83.8348003355124,508.4221167459302,470.2445462137207,56.48040211819168,488.8661950725618,296.8841560884225,402.5828665814997,121.43908893301106,350.0616908022948
1933,1,18,1,7933.089917506872,7475.915389669011,1363.009185933868,1275.4482933532631,66.09898205221884,590.4931992709824,83.8348003355124,312.245403920685,1041.4162054806668,87.48886832582943,391.7207412195454,262.1207706373933,369.7668773180596,124.81209455570554,212.90059629461405
1933,1,19,1,9100.366108468312,7422.254819432706,2429.9077958746025,1275.4482933532631,93.76825177617933,496.21408763528586,175.81522837565888,456.1893077584088,489.10111856439886,733.1347125585937,446.03920733871894,262.1207706373933,175.03724426545622,128.18510017838912,441.1593872360202
1933,1,20,1,5428.720940985152,6562.785899501595,7576.354633453392,1275.4482933532631,773.2124622757283,550.7939855735009,2791.0178766976614,343.58761997259006,0.0,2422.0457731181764,1389.2971623278504,462.4025229871232,154.2547161416162,128.18510017838912,1162.7708183064465
1933,1,21,1,5808.529029555744,7310.843696471969,4005.846435613986,1275.4482933532631,825.4752700607296,657.48888283338,4028.762297664231,432.9705082205699,425.88715021266796,724.2758056662844,1370.4851069728861,1199.28940780224,137.8397334372386,134.93292584314213,748.233793240385
1933,1,22,1,5944.1819316723195,7364.504266708276,4550.196970272732,1275.4482933532631,642.5477457869865,466.4396773621472,2185.504495649922,546.7236460107482,455.8330715636439,1514.9533015448835,911.9224456406193,792.2702971405588,150.9703219862226,134.93292584314213,892.5538422811859
1933,1,23,1,13005.24610322401,5668.306729477234,3375.2339964641296,2376.1800896270365,845.4567500327591,492.49717702300677,1143.4115356452612,789.3253046147939,0.0,695.4872233720046,988.1811431766929,511.28820467850943,691.3859339323034,136.61852144479644,745.1576799644143
1933,1,24,1,13015.264781371747,4938.163055801773,2143.158058418292,2376.1800896270365,410.4362242015314,455.2759037336929,2247.280936161472,971.5707377173358,432.5430991380018,469.5564465609422,601.6847784726715,655.0175850586035,1160.690918377376,237.81594780293435,596.7436038000426
1933,1,25,1,8524.592675333299,4731.61894018147,1854.3939633022774,2376.1800896270365,285.9137346071274,291.52316812737615,2247.280936161472,973.886291022681,520.1583143405597,521.6096873176084,862.8283560371002,655.0175850586035,654.1954111767433,406.4843731310916,606.9786716090789
1933,1,26,1,6613.5298187044145,6075.750784885567,2345.778740670496,2376.1800896270365,247.49017989979157,332.4613520289691,888.4208059810529,695.2986564592462,0.0,497.244828258033,700.9156830336016,936.5788917587134,344.5958395567845,335.6494406352743,570.1324274965048
1933,1,27,1,6253.859273210545,6152.969654250218,2127.5171636479477,2376.1800896270365,230.57211634875821,282.8373349070896,663.6927123649166,396.98453226118085,423.66460136243643,410.86762095229307,631.9775624671616,821.1256973634374,264.73614507157,352.5053966518284,605.9607577613693
1933,1,28,1,5460.279777149592,4671.4143979649725,1960.325477883141,2376.1800896270365,202.90900424574642,239.42121059732892,527.4587181313656,582.7096219701374,382.6293310113011,352.1673349207435,563.0286921547864,542.5131176934235,219.88669466849635,295.16974432426696,513.8339616135133
1933,1,29,1,6510.2372470040555,4888.592468053016,1565.5113765589629,2376.1800896270365,186.00633474708474,209.64680032424522,381.91915880805794,546.7236460107482,423.66460136243643,382.0675782351128,656.003244591845,561.3639083500069,212.22776702098275,239.5033578239745,511.78694805172796
1933,1,30,1,6300.245753033018,4746.26107748658,1645.4932248163614,1492.4147409024388,173.7064869060899,303.92591195994174,301.57068713005214,717.353352695932,272.83541780814755,355.49085755818516,870.1381832607985,557.2356905078724,377.41182882022457,220.95999178639116,542.4921514788365
1933,1,31,1,5132.0678810389145,4328.264867260685,1744.1967501474057,1492.4147409024388,167.54886595938055,222.06258594842785,301.57068713005214,330.8204435509561,0.0,294.57870990928336,623.6142601436363,447.090204766655,273.4852120557764,205.77330159709516,479.03473106272475
1933,2,1,1,15432.771818354691,50031.93777354132,2983.7376606972803,4361.3918215255235,5165.782152701026,1417.3819134831012,900.0723118497219,1563.441346535092,1829.040727512266,548.0374224969778,2306.357986516903,927.2272146061885,745.3618072437962,871.8829434481355,870.8532613526926
1933,2,2,1,21330.76764376739,53682.656141916304,3219.417506896041,4361.3918215255235,4787.242405003331,1513.8911714861872,500.0372770266236,1863.1979465627633,2999.856066580646,434.71676098186487,2177.1460405932135,2062.950492574542,612.3508320222576,670.8089880386492,763.3570846915686
1933,2,3,1,62877.22405348993,94069.59721334848,4341.651706668143,4361.3918215255235,4302.021874404227,1399.123405212241,373.8908281424299,1023.740280221057,2432.8721572526283,474.65633474603544,2068.573606830347,1354.2028885606678,554.4057334335885,591.3918518874722,724.2624814209188
1933,2,4,1,36087.27868716882,66777.96207051232,4456.11461839664,4361.3918215255235,3956.733279818659,1316.9601179933711,318.21383365606397,1015.7687032680109,3125.839493514034,372.4866647008867,2297.005707569032,1213.9277312729068,550.4644604471094,520.4299100352346,748.1554921751639
1933,2,5,1,27249.80269328984,72485.94163011872,3409.9520431892556,29994.785132575966,3669.6342031792788,1539.9747547302259,270.47393880504296,1600.3889730476076,3361.4296716420354,352.05273069181294,2034.4969122730458,1087.6590273780732,530.7021909332524,490.0202412690891,752.4956083608736
1933,2,6,1,35745.64176234009,83435.64274575278,3235.058401666385,29994.785132575966,3740.9086656372074,1476.0699757822708,295.48427410920226,1281.6524278936954,2754.322906754029,421.7091810041669,1945.596513538528,961.3060741394578,546.5092113152482,473.10985267122135,743.8153759894543
1933,2,7,1,38376.54664386439,92433.60421833395,3097.134147782371,29994.785132575966,3528.4707429764267,1455.2031091870178,5148.167039338557,5689.301818085126,3380.964706273324,388.2791274402955,1299.4292864607266,1094.6095982346876,570.2127538155842,474.81540688602183,714.4972200030996
1933,2,8,1,30964.728550369615,74191.46432742216,3497.991322086044,29994.785132575966,3578.347472644603,1353.4771345350912,4437.868303499074,7092.425894787013,3552.5688727648526,438.42993799755277,1247.7230085995109,885.1236050839659,525.4331841392537,481.56504697016067,765.5271427844235
1933,2,9,1,22902.69824510484,48202.897605114864,3879.2973779266904,29994.785132575966,3297.0981359046027,1466.9407216468408,10323.57305772129,9820.09707536806,2995.4109688800445,1075.652371407782,1575.4827616122816,875.0979331817537,638.695865992284,462.985392545024,714.4972200030996
1933,2,10,1,19212.81908339333,37712.09252458276,6544.2925618647005,29994.785132575966,3074.038317110791,1605.0532949242074,3343.4869301331864,5178.488228253257,3413.601081495604,1759.2895175138535,1452.3981708613712,1036.4880822383197,617.6198388162562,441.0127738840575,774.2185610222639
1933,2,11,1,19281.947962611066,31522.313027944034,15957.267414563405,29994.785132575966,2896.083071751478,1472.1574382956264,1837.6536101534884,3605.936508057469,3235.446244708648,1759.2895175138535,2355.9143151948547,1029.4637932059961,587.3335318597843,417.352745202051,745.9854340823091
1933,2,12,1,18053.65802173161,33676.09780588111,19481.208402973105,6909.966000806718,2746.6068232706143,1434.3362425917098,1336.5345937676366,2856.1021426020657,3187.719932555543,1759.2895175138535,1951.7238687113072,911.1882457962404,636.0543745225937,368.36342201077974,728.6137834731043
1933,2,13,1,17346.33934452051,39706.367985505465,45533.96244203219,6909.966000806718,2608.9839951120975,1499.5452007019167,1070.5440084511847,4170.653142047995,3176.841140814783,9830.406940511175,2022.0272070093044,981.3574179439964,599.1853031099523,368.36342201077974,759.016968505859
1933,2,14,1,23027.931721947967,50831.12035160575,24648.628258539462,6909.966000806718,2490.2958513646763,1443.4654967271401,901.2061832261763,4127.884999030133,2556.633035335785,3320.7721359834363,1955.9162696190049,955.292777231722,587.3335318597843,346.3908033498024,785.0800373529589
1933,2,15,1,20422.073535792297,40580.806241340666,16080.498706693372,6909.966000806718,2402.5497528743354,1547.7998297034596,811.4348494195178,2231.661947947535,3774.2388765148485,3169.3799496349343,1933.1268082746562,727.7458310217622,643.9648727862826,353.1404434339412,788.3351244922138
1933,2,16,1,17010.713626580637,35171.3954033247,12017.42081521504,6909.966000806718,2350.3639153511663,1932.4022646373817,795.5215511358807,2352.247865983193,4184.708556282162,2477.2850114376265,2084.0532409509974,759.8237686417724,671.6096882731312,356.53340766978187,804.6217460550187
1933,2,17,1,15759.380725962179,32388.571318804723,9134.993495643863,6909.966000806718,2563.879421677598,2135.85421394118,2710.4739099547555,3736.3919975587555,3976.2568693784265,2477.2850114376265,1816.384567614838,846.0319095995906,921.824618334179,652.2293336135125,1001.1574197216614
1933,2,18,1,14502.036618455219,28814.744621194823,7822.106267951247,6909.966000806718,2531.859792754814,2231.059292782015,1562.6572188468522,3634.9125576169386,8484.63872401222,2477.2850114376265,2285.610976896857,1019.4486524717423,751.9445716999655,447.7805581619568,858.9179418420185
1933,2,19,1,18677.821670318717,50507.19373859288,6545.24049488119,11459.294177064146,2312.3406060053635,2084.9912266151896,1474.032789420982,3292.261281603888,9821.560345573978,1906.0975347071926,3509.684544478766,1238.9919110285518,633.4268591982855,390.3178964779749,1068.4851499322115
1933,2,20,1,17183.03489071713,39745.63181738604,6687.074972457694,11459.294177064146,2234.1388199824028,2789.1175562890526,1252.3804848260784,3249.493138586025,5448.98792331678,1892.1158187839897,2514.150575094764,1183.8085908943217,583.3782827279231,349.7656233918718,1151.025658525587
1933,2,21,1,20761.706724991407,52280.61014518916,9014.842985817006,11459.294177064146,2142.6981489240625,2730.4294939898828,3250.300949192776,3759.294464677845,4535.52034585806,3165.5980100819165,2266.046439327731,2110.024813376036,563.6299893594147,329.49855894570584,1113.004898434916
1933,2,22,1,19032.48287673908,39367.717435537306,16725.093157834814,11459.294177064146,2059.7242066674507,2576.536352849824,1761.540864881892,3329.208908116403,4038.1373084199354,6429.7556569993985,1663.3081857551024,1867.4920151525505,557.0472249032788,307.5259402847394,1199.9078949469529
1933,2,23,1,18819.085032198083,34998.79814235052,10326.782280493324,11459.294177064146,1991.9903762538568,2406.9930617633527,1248.9658376923267,2670.8578781695887,4153.241943612563,2517.2818873162255,1679.86279446745,4414.560299057226,555.733467241108,265.28625717759616,1301.9229970436975
1933,2,24,1,17395.430867443134,33034.78855183556,7416.390936938595,11459.294177064146,1901.9351699085232,2091.5121224262266,989.8566786606596,2390.0812232682415,3712.2414612180714,1738.8899647734809,1979.6732080958293,3558.4816552193925,574.1680029474454,287.2588758385735,1248.7901313683187
1933,2,25,1,14786.56707784321,28005.746085159808,6886.4963807796785,11459.294177064146,1822.3479191725821,2040.6491351002906,1155.7798567519162,2986.5576321033527,6170.146537100001,2318.443550212021,2733.337894344799,2142.1448756678806,601.8128184342604,275.4288614975647,1108.664782249261
1933,2,26,1,13528.221102521622,23051.95929625541,23895.021510513663,3560.4292298524097,1773.702713693748,2066.7327183443845,986.4420315269077,2712.7402904149185,5000.383984329173,10501.98772173918,3076.469784018999,1985.7570313943477,582.0645250657522,263.5988471565668,1818.8218860667057
1933,2,27,1,12643.571822100519,20728.031246836803,18657.691594989003,3560.4292298524097,1758.3086613270139,2081.0786891286,823.9335005694578,2152.0727113846733,4586.638969414215,4590.586991957203,2184.34837035769,1796.301319712248,636.0543745225937,285.55332162376203,1383.3561048577217
1933,2,28,1,11744.89639227316,19851.95699800612,13173.899095204215,3560.4292298524097,1745.2237168152988,2015.8697310183934,710.2857028351493,1874.2063147360416,4052.1744590532094,3488.896539748151,2470.7216015895915,1939.6305157096901,612.3508320222576,310.9007603267979,791.5902116314687
1933,3,1,1,8746.205835955267,26234.783668056185,6684.586648289745,3144.450330619626,1587.4346800563972,1045.0778880487535,492.24354043889775,2255.9562777092237,2407.2543573469857,3094.772596635045,4533.060355788068,2158.2575626536523,843.2786815111018,649.8887326165992,548.0291553755399
1933,3,2,1,8968.62049082901,22224.146840777557,15228.543908217856,3144.450330619626,1760.617769182033,1237.7703592643902,672.867947411388,1500.934060585889,2415.2087427057677,2386.7476706235975,5035.073490117377,1874.3372743294653,960.063351990386,606.4515327203369,500.9925869197781
1933,3,3,1,8746.205835955267,17491.219106200166,27286.251876629463,3144.450330619626,1309.6643991512715,1288.9333077976273,568.4344837364979,1635.4386050474573,2797.4871449512643,1950.2201628254534,4508.013447801233,1772.1849450734398,780.8192879769267,537.9390570276618,498.8001570939718
1933,3,4,1,8941.269499486303,17468.31520426978,25019.50705119988,3144.450330619626,1125.9825663115255,1223.6069735628125,463.9879870572189,3161.299660232618,2808.59988920256,2044.4248389635686,4305.488234722768,1738.4852075869055,1106.7150450658833,509.54339377050394,521.77592679868
1933,3,5,1,7872.176354370465,19466.680647680612,12662.015266356673,4155.054854115592,994.5635412568072,1623.1813852788423,594.109502261307,2935.3117802623774,3955.3181196837827,3419.4463770477837,4014.277617828097,2693.5568302913844,729.2053832282515,464.43692804698367,522.8721417115557
1933,3,6,1,9038.851424642624,17726.802097482465,9491.179326550233,4155.054854115592,903.4769334029108,4216.280813488709,2443.166991201228,7783.042831448478,13176.20539441005,2145.1619561477837,4104.037996236129,2551.491374449649,1099.9226384295844,457.75986473795155,528.3308445430381
1933,3,7,1,6833.139243696763,18245.411876901573,7959.082588818771,4155.054854115592,852.7073486974654,3469.3774072945394,1349.176607965196,5420.798861032056,7545.553346647857,2691.480315211539,2973.7022130513765,2114.342592241424,480.7095190442846,410.98413318718417,496.61891313469584
1933,3,8,1,8124.647043686703,20426.19053925658,6685.771564560261,4155.054854115592,861.6666871749045,2408.036405093099,878.3332606316956,3083.355352247389,5261.007081086476,4175.1466622726475,3929.7846149195907,2370.776532178138,904.3823889471273,414.32266484170026,507.5475046641363
1933,3,9,1,7379.958696985516,22132.53123305718,6979.630799639472,4155.054854115592,931.8481719147845,2054.2125983872106,830.3848377114952,2433.4820311236035,4112.3002542655595,3072.653980461449,2858.8949266566397,2085.803127057529,851.4267742456175,415.9919306689583,484.5829208259039
1933,3,10,1,7027.301226194776,19817.601145110835,6349.966293505913,4155.054854115592,1048.3349661737884,1992.1336702662975,562.4393017458763,2435.7596245388195,3447.290243015434,2365.775096738866,3304.5793923802785,1891.7137014710577,923.4039227578404,402.61965985712277,474.73935834286357
1933,3,11,1,7059.1606227036755,20474.452332609413,5600.269769172798,4155.054854115592,1145.39446634596,1820.1124387716034,596.6770041137879,3193.0594350772026,5493.438900322102,2034.4542710510964,2596.923618656503,1898.8748956869563,570.3385391236886,397.61186237534866,545.8367255497882
1933,3,12,1,6483.086629224563,18147.252297201,5608.445691439106,10222.16560622984,1155.8470279029812,2166.3720063367086,512.783555258745,3229.121330817185,5100.04775382531,1907.0143685381959,4459.962083551736,2086.750932174366,1098.5669523313675,434.37199896256783,561.1501767307319
1933,3,13,1,7752.75371085262,16170.154762725655,5014.921131555405,10222.16560622984,1148.3809125050975,2755.33931598795,596.6770041137879,4769.786743200789,7037.525469979509,1727.4295418856468,2831.6980694864105,1778.2930224929164,768.5901608025123,447.7261255806322,541.4630517647059
1933,3,14,1,8110.921454624547,15417.59798501857,4429.5724939378215,10222.16560622984,1130.4622355502454,4530.84882741226,586.4069967038643,6908.193894094585,12020.479992272496,1663.251173713658,2431.915018828874,2217.5480382939854,1257.4477725812792,469.4447255287578,1194.5386790471127
1933,3,15,1,8563.064399419622,13660.54150837307,4447.109254740953,10222.16560622984,1155.8470279029812,3184.2838424368265,2278.8208066336174,4423.845610032556,6357.542498053826,1786.2215113002526,3713.714721985686,2227.7632712195655,850.0710881474006,441.0490622716,1857.4131253467115
1933,3,16,1,10276.158175854825,13141.931728953381,5522.0652953210765,10222.16560622984,1187.2201066263378,3081.905778203829,1790.0831443587545,3413.3533315095287,5169.531649459796,1665.428654062309,2334.8448131972737,2312.5391733342267,721.0712666390845,405.9581915116388,1336.7110417279557
1933,3,17,1,11064.628146060304,13192.647511798858,6271.880311281301,10222.16560622984,1173.7657048578335,2274.0972051347717,1706.1505964907096,2293.283503124205,4896.859998408913,1746.339239650584,3440.2411858542832,2384.045803813399,605.6422822580173,365.8776674636639,1165.0079915980464
1933,3,18,1,9918.39117920861,11788.147525578484,5287.807348647049,10222.16560622984,1164.8063663803941,1992.1336702662975,1736.1265064435984,2704.7687134618723,4808.4259494194785,1744.0471550730026,3335.8611529989844,2129.718097469757,605.6422822580173,309.06819675556613,1056.6728749526067
1933,3,19,1,9464.444872347129,11222.093949303702,5466.137247354356,6819.213464491469,1190.2065527855018,1970.3538782575235,8142.108793412823,2974.916599092575,4411.993420285439,1744.0471550730026,3087.4345248545465,2321.701289463384,1457.0131519222737,282.3417993256664,977.9131892219722
1933,3,20,1,10235.081595449963,11105.938446657457,5572.305745189438,6819.213464491469,1157.3402509825369,1742.9050323691788,5525.99383478788,2826.7464941401304,4005.6179094529234,1818.310695386247,3149.030568959613,2567.9199964744043,680.3308029666404,285.6803309801825,997.6003141879982
1933,3,21,1,10187.993808156962,10480.989122561521,5926.714201690323,6819.213464491469,1151.3673586642612,1930.1851600616094,3585.2491604051897,3134.2216051858145,4337.596521929279,1563.430890360446,2972.627238459679,2264.517047415895,634.1536187560807,329.1175308764447,927.599161894004
1933,3,22,1,20366.970805981535,9929.659483242027,6698.56866028133,6819.213464491469,1170.7792586986957,2184.891350440019,2863.6117108008884,3506.1019966932836,4349.645076222858,1467.0487338736796,2631.322805591339,2123.5047083705813,723.7826388354847,354.1746624790864,946.1900719471543
1933,3,23,1,27632.516198523077,9599.188898248964,6611.121839519895,6819.213464491469,1182.7250433352726,1814.7653042065926,5155.20486167535,3008.8274343848584,3923.149649482575,1529.164225925801,3612.4521154463882,2157.309757536815,810.6863105731397,359.1824599608605,994.3228553158465
1933,3,24,1,41841.00554725791,9747.246264297852,5210.7877910658435,6819.213464491469,1105.0774431975092,1737.4274798878878,5020.052606800918,2763.4800103858274,3933.2096074364586,1556.7838450855627,3599.8749127234246,2375.831492801078,890.8115518198784,382.57032573624423,984.4792928328061
1933,3,25,1,31305.36360738372,9674.44457601973,4989.208448485967,6819.213464491469,1031.9095122984916,1649.2649685229358,4569.762307291653,2668.580284754457,3970.4080566144694,1448.2536403375993,3441.3161604459806,2136.879291685656,919.3228883179082,397.61186237534866,879.4663785253665
1933,3,26,1,24963.540340038162,9081.397115326437,4788.720615520576,5896.235159622632,1248.442252888805,1549.104008865656,3657.1913442920463,873.6974873494496,3525.781310306392,1665.428654062309,2781.60425351261,2321.701289463384,1233.0034943777991,412.6533990144422,1141.9651066946476
1933,3,27,1,20440.10715645779,8526.795490016559,4962.429340773122,5896.235159622632,1128.9690124706633,1538.2793218193542,2309.709026889392,3101.449566601097,3083.1431603378705,1827.2498252387852,2744.0876402619033,2393.207919942556,654.5308386649771,399.28112820260674,1120.1526671015604
1933,3,28,1,17647.90155675937,9774.240148715206,4630.178818530322,5896.235159622632,1009.5111661049197,1524.0637689513635,1709.5391776158483,4611.4940008476815,4036.8505696118477,1802.8391244876818,2893.294113591476,2572.974957097345,1056.4708025607401,380.90105990898616,1022.768513718458
1933,3,29,1,16030.886903758543,8387.736085440507,4715.255806750725,5896.235159622632,939.3142873126418,1371.605224889726,1284.9629956443955,2667.4414880468908,3617.3737181883403,1662.1051314248673,2663.6795408018725,2351.293871443701,847.359715951034,359.1824599608605,1066.5164374355923
1933,3,30,1,13526.21736689236,8302.664449699741,5412.4605403015585,5896.235159622632,925.875279596509,1416.3385701533002,914.291319570817,2379.19938806248,3437.2302850615506,1707.4884060607756,2768.059573657041,2615.836810713037,900.3153306525438,379.2317940817282,1124.5151550202218
1933,3,31,1,14214.500555622975,9203.278593455134,5115.1650480381,5896.235159622632,910.9430488007944,1372.7789861356973,725.951374036605,2117.0230793848236,3632.4636551190274,1620.0453794264745,2463.3042769068015,2458.6064730023663,869.078645812765,349.16686499731236,1228.4318544147857
1933,4,1,1,18635.743222099583,24647.870462892213,15318.59754477435,8663.294283615907,2881.6126625267566,4372.912730869387,8012.951720529012,7546.932314077577,13183.223969726687,6332.456666681554,9003.127200501967,6290.371936901797,2102.7110667310194,557.2989117851029,4088.4341903898153
1933,4,2,1,18041.635607954617,24186.520438298194,12382.375026523072,17172.41644353088,2489.987970317321,3871.0645892533507,4109.697254536938,5828.867681247025,10061.946550168384,7100.763417083044,7790.7708559697685,6851.999124450995,2212.2840462137124,497.7859562046019,4293.582981229077
1933,4,3,1,46804.2587015119,29605.747234284165,30145.45483729934,17172.41644353088,4165.014808340394,6915.410007585713,15047.906796335157,14124.875162975071,27912.874034216416,21309.510317668522,8808.019312106422,7491.3463315784265,2350.9274080081136,472.52923847043314,4153.535933175241
1933,4,4,1,47290.164591664245,27137.8518013048,50723.895706737574,17172.41644353088,3665.939630611253,15248.462764487032,39758.483000952685,27748.67977461647,45666.36029761854,25468.497783669314,10674.175203317523,7858.568158502056,2353.5828756231526,441.8655509914577,4178.815991370239
1933,4,5,1,38399.58960360376,23177.112760373915,37283.39045067505,17172.41644353088,2973.053333585097,10887.157228161244,24118.8778081568,16933.907041664046,28901.323391307636,18497.122540990105,11012.03971749246,8382.704388097485,2382.653257934861,615.0155921819254,4358.6847240145025
1933,4,6,1,31394.529842896216,22692.04083735177,22534.73763200177,17172.41644353088,2698.577379886438,6940.9719191649065,10757.832761907966,9715.201245303459,16990.801078995562,10094.111271160658,11151.78641441494,8866.506244388636,2576.7819167377734,515.8212848164928,4470.207812600507
1933,4,7,1,26712.80154458561,21087.949705739866,18285.62788605807,17172.41644353088,2869.29742063339,5813.6394513559635,6528.622857689383,8013.965497151533,13049.87103871072,7904.597478436825,14654.053634211046,13016.523604176527,2941.419548715254,445.47624555258585,3982.392176368245
1933,4,8,1,26333.093642796623,22545.61946429836,17824.695456840967,17172.41644353088,2483.830349370638,5599.623650838314,5448.447459040257,8086.848486436431,13495.550571316486,6836.142252602558,20269.720901311906,17001.51756196011,5890.665738822138,445.47624555258585,3447.26032501871
1933,4,9,1,22634.19767075272,22746.846602684793,15300.823800717191,12948.314630191171,2242.2976677367765,5109.2522858496495,4003.2176091826527,7419.260549861488,11716.341728552014,6062.219894986046,13631.75279749344,10910.290011267725,3448.4741017295655,461.7152989808092,3140.543866741023
1933,4,10,1,22190.37022881987,21824.14655349676,15902.761266121226,12948.314630191171,2100.8263264865955,5241.62647081333,4279.25664083546,7147.214669718203,11766.641518321154,5606.897293651748,10532.708547048276,9450.98606642082,2863.432657705889,481.5469027763786,3050.050207096005
1933,4,11,1,23264.372526228326,29218.016894466007,16845.95461742394,12948.314630191171,2106.8300069096144,5290.141935647324,4848.668599896514,7633.860462755901,11704.644103024377,5521.517143137241,10161.84231290787,8822.275338937538,2699.6322342955277,519.4319793776318,2785.1688893711575
1933,4,12,1,31278.313176385473,44028.66147833432,17969.25524183964,12948.314630191171,2255.69049329582,6217.413319974267,4440.083914234757,7393.953956359833,12398.31329681739,5348.006340615217,10181.191855558682,8170.9226003304375,2588.6616402786053,818.8111766575972,2735.5036422977455
1933,4,13,1,27266.834446140347,33348.08121038069,17329.40045578007,12948.314630191171,3443.9573954831185,4865.892454182387,3744.6428033284046,7365.990170540414,10822.877090745793,5121.777592809038,10143.99773468538,8406.820762736294,2629.611746131212,739.466617281516,2747.6962367369247
1933,4,14,1,24754.149966756406,26421.286869487903,16299.708216732408,12948.314630191171,3212.122966840301,5405.953045251015,3396.9222478752567,8032.186244472758,11459.929776984773,6232.8655917861315,11277.558441645224,7551.689924015296,2464.5534696400414,640.2541657223121,2658.321163737734
1933,4,15,1,28318.79565162443,27339.896936188976,17966.885409298608,12948.314630191171,2575.4249609526423,5897.759007318101,3233.8793637403323,7922.735227577895,11575.15138843267,6003.886342486869,9828.170199640632,6965.94636182729,2136.952622819352,633.0509207938163,2981.5927043732067
1933,4,16,1,43470.04261403574,27696.543409102225,22516.963887944614,10559.807916537002,2238.6030951687503,6440.297538794896,5902.647659847746,10417.838813878252,14464.113965010753,7809.246760009919,9152.011181454005,7569.0663511567745,2593.9725755086497,636.6616153549553,3658.002049086945
1933,4,17,1,33683.79779959178,22843.37018939104,21050.037545089588,10559.807916537002,2044.6380353480456,6321.878070866756,6285.166336854838,9896.14338884062,16681.98376506408,7548.865951998026,9740.344775497811,8823.644390772944,2501.590254796833,647.4755548445792,4229.599825089479
1933,4,18,1,28583.288754717305,20975.884185581748,16840.030036071556,10559.807916537002,1927.4892968372951,5474.813705015362,3781.5262055747467,7952.217409007346,12969.157422569531,6093.506849469894,17407.063563584194,14610.942434008552,3636.033972221623,690.7676011906499,5103.551571451039
1933,4,19,1,27460.19493438658,20405.74062681884,14886.103106048853,10559.807916537002,1871.4549462224359,5090.080852165269,2951.323829923818,7385.602780504238,10905.93023199248,5578.475444889914,20523.414904955738,13411.442402846913,3823.5938427136816,728.6345335981209,5019.6575730162285
1933,4,20,1,26118.693930441,19265.4535092936,14457.163416134903,10559.807916537002,1870.223422033094,4967.879264666765,2477.574122625372,7089.642169501813,11136.256478633004,5720.6992929280905,14453.033385561035,10563.814585234126,3086.6316988205094,1019.0142107659121,5212.837486745443
1933,4,21,1,25836.167206682625,18584.880423367475,14393.177937528984,10559.807916537002,1937.341490352004,5026.436909049709,2097.271056353907,7248.187977789953,10449.722836411896,6295.439500753827,12993.217890016744,10481.67147511069,2901.7272959434567,1403.1630813605584,4939.119334518789
1933,4,22,1,26623.635309073114,18274.04175431441,15061.470714079967,10559.807916537002,2139.773278974385,5147.464735302187,1736.517496573399,7227.056972216097,11738.567217054742,6187.367712921365,13990.794311125048,11015.60169091313,3383.764548795261,1100.173189519454,4766.96884973056
1933,4,23,1,26110.678987922878,16704.306475597794,14351.705868062092,13997.864139743719,2383.769008986957,4934.753113946789,1730.0009944097465,6718.014843929294,10680.04908305242,5801.839086974079,14585.255260341504,11494.76983329991,3352.178460321933,934.2445374512423,4674.349875458535
1933,4,24,1,26213.871372841993,16472.813466803622,13876.554443599382,13997.864139743719,2649.7782338839133,4816.203228102423,1586.5076167658342,6556.685310355956,9838.872831355033,5308.124068965474,15330.212652397544,11709.60565977664,3415.490398722008,984.7398287257979,4524.235547592526
1933,4,25,1,25365.289333751527,15941.115743423548,14162.119264785177,13997.864139743719,2437.494251746797,4710.564715963962,1458.2628541849092,6628.302969965771,10678.528391733797,5591.311118524253,13340.434683139549,10751.269375003081,2920.175807795143,1006.3858518988277,4575.01938131171
1933,4,26,1,25716.944936727636,15878.130013115424,14333.932124004934,13997.864139743719,2220.2841728523654,4775.512838241663,1386.5813303846232,6952.227366787613,14989.337351204753,6178.886999984328,12057.989995227666,11009.28299013437,3144.772463443959,1055.084867989705,4582.737629167745
1933,4,27,1,25557.647954183132,16395.10379954021,15681.181923541348,13997.864139743719,2108.061531098956,5194.545603057758,1327.9328109116416,8591.715026795353,13876.893163519702,6974.125744172289,12401.98186457538,11960.247457332745,3286.0712928533994,1107.3764344479498,4525.354134238299
1933,4,28,1,28178.534157559694,16548.069144573812,16758.27081340829,13997.864139743719,2109.293055288298,5602.232009162706,1221.4010335400203,9673.065767123095,15043.146428632213,8529.190525824702,12985.693067874732,11762.26149959934,3221.3617399190953,1282.3227508220957,5115.744165890219
1933,4,29,1,30115.14464346488,17357.885677106566,18724.046906135758,13997.864139743719,2176.411123607208,5972.879727061033,1108.3918530177484,9678.633217693494,16423.46624090174,10528.117485923507,12511.629272929944,11518.991519618417,2876.70999578095,1134.429427365786,4769.20602302216
1933,4,30,1,31259.27768790535,17220.46226552484,18722.861989865436,14122.02361363979,2227.6733179883904,5737.21455245078,988.8531373274903,10128.837516088824,16617.646824661664,11336.191903745806,12422.406381817891,11608.506447317035,3241.207866305011,975.7221644198524,4487.88148160412
1933,5,1,1,10556.68116398358,15568.927337057843,7692.713411214677,7498.606959781318,1533.1706454637053,3698.9129398424316,3423.379246659722,3562.02956833204,13341.141914350746,2881.379522463278,13247.986868252405,10402.161156978367,1251.871290589744,364.2446900239592,4980.730757742495
1933,5,2,1,14365.782595649722,14549.70370116356,8793.382134864238,7498.606959781318,1386.865571770361,3482.6800347490644,3933.7516961179936,3805.9851296884717,14002.057756666212,2944.9848694908346,13725.275586972284,11805.439288254018,1248.5729202890016,811.8619504419531,5328.611204585515
1933,5,3,1,15909.660898174292,14058.905802658965,7589.388712428678,8034.189841422002,1231.4164309712219,3821.505781089611,5716.015037880355,5333.8707123537315,13830.102661408879,3422.999108143013,13028.692051543147,13408.283052457647,1456.4541061085954,650.5782119800257,5802.780083739098
1933,5,4,1,14091.270814409467,13330.070923380006,7064.826279486986,8034.189841422002,1118.6396033325893,4065.1264485892684,4711.040074199937,6588.065486298074,13349.330252220063,3600.750267133629,11902.118679429597,15320.743154818849,1658.8286906633637,563.5949470248738,6340.93211903228
1933,5,5,1,13530.22483815124,13200.827476773955,6404.353950320982,8034.189841422002,995.1946974038628,4137.247556259133,6721.120331604056,7818.218996415844,12861.539267714612,4618.665028032467,11109.862405338223,16108.474518566663,2322.276310056664,521.9177339247367,6682.884056652545
1933,5,6,1,11888.163489781786,13233.547336674339,7791.53542817283,8034.189841422002,908.3260598984461,3806.1164669755944,5763.194513545288,8284.366448717185,13316.576900742517,3599.031203700407,11002.364946167052,15227.015759934315,2175.9460683240186,476.61168206971115,6655.03124917222
1933,5,7,1,11945.269955222166,12729.661494209358,8570.973350894983,8034.189841422002,826.029455945953,3550.497351183664,4789.498760250447,8741.403527357998,12536.345278044357,3099.471370019065,11628.000158543122,12304.616649773387,1804.0408407686193,489.2944735181092,5916.428486952108
1933,5,8,1,11079.656163281194,12116.164121078904,7515.212953896748,8034.189841422002,762.0209862051018,3449.2930481966373,4208.487427338059,7555.916154770672,12827.616153684383,3470.2160504410012,12558.92815496528,10377.62353562099,1601.6662562138508,516.4744757923769,5199.750022989624
1933,5,9,1,10380.352428588209,11391.419224287492,8127.3406992269865,8034.189841422002,711.7286171230213,3545.411052451048,3611.8364892329396,5904.281329882088,11207.611994352057,6129.3779731088325,13518.880465363656,10068.744379220974,2499.3540715420863,492.9233122730194,4721.330514582028
1933,5,10,1,10205.02556100747,11134.568324070293,7565.808878646244,5382.8044718859,681.2483934369079,3442.3808986369245,3572.4768161644,5533.160136179635,10841.944220355868,3877.061062959663,12924.4195161472,10901.865076896005,2108.860570681548,449.43167979544353,4591.686322334091
1933,5,11,1,10133.892946160471,11415.14112271504,8849.547166084985,5382.8044718859,624.8599796176047,3714.3022539564486,3423.379246659722,5760.033746922409,11250.30832752822,3223.0147287500913,14083.242126012194,12561.577148108256,1727.032279933191,469.35400455989077,4784.530660069579
1933,5,12,1,11179.842944756056,11566.470474754313,9062.950586398554,5382.8044718859,582.1876664570722,4058.3447169457813,6218.567684742178,6687.773464694826,11637.967637516464,3373.260872809803,13543.604880973086,13915.885348348624,1620.3942909723762,453.04237435657154,5307.5817756445285
1933,5,13,1,9621.738119262372,11071.58259376217,8790.06436930691,5382.8044718859,557.8034875081814,3967.4434293402114,6658.301250746335,7703.7066608206505,13158.658956118457,4249.6394110436795,13517.805490771958,12614.232987930958,1832.6919387200685,429.4912108372141,5202.210913610411
1933,5,14,1,10918.355445107069,11292.44164808918,7409.636914196829,5382.8044718859,530.3712861906662,3709.2159552238327,5299.871209708718,7942.980502379217,14197.408102978958,5289.901996573826,14788.42545817491,11165.144276009634,2213.2623763876495,393.23911167567644,4824.128627330819
1933,5,15,1,11377.210904261172,11423.321087690136,7284.98372254232,5382.8044718859,507.49572437372916,3807.811899886466,4483.353488601465,6459.761057244486,13144.621805485183,6602.349625690419,15709.67868327166,10152.361852859398,2796.3471600634184,387.81399773708785,4492.243969522727
1933,5,16,1,10355.305733219584,12040.090446810975,7619.72256895307,5382.8044718859,478.5395118719149,3904.7124116381724,3902.3421556890785,5656.909378402958,14055.866834093671,13472.873146956626,14823.899619701442,8915.581487103389,4896.402759179432,391.44283649199804,4074.5637159819494
1933,5,17,1,9670.328708277319,11860.131217359443,8171.182601234716,4620.161602731745,448.0592881858015,4096.948420147049,3831.572942191678,5228.595283386666,13524.794635135715,8096.674166037217,14494.957394637753,8167.1313798632045,3819.4009991110274,424.0479527048543,4008.00781055697
1933,5,18,1,8959.503493714654,11102.66646066765,7363.543671275177,4620.161602731745,409.95900857816633,5182.0254831006405,3674.6555700906606,4667.295039518922,14202.087153190094,6812.648385682458,15840.82558346056,8097.836294656462,3414.6518300014905,358.8195760853706,3799.167683786609
1933,5,19,1,8933.855677657464,12871.992884775795,6422.364677632358,4620.161602731745,374.90675133915545,5520.851229441187,3015.05522108448,4275.5489721125105,13645.28017807109,6812.648385682458,16126.768824855704,8511.816507342715,3875.44534193315,360.6339954628202,3753.641207302616
1933,5,20,1,8968.119556921694,13483.036268413603,6225.787068359649,4620.161602731745,341.3785052844177,5498.549765767512,2920.8265997978983,4311.104735982428,12633.435569924319,6812.648385682458,17410.288487359285,9970.80451715075,4102.138419383327,311.6991048528845,4020.6478396544694
1933,5,21,1,9021.418924666048,12206.96173230212,6941.239512475882,4620.161602731745,312.42229278262954,5221.542111715373,2638.1407359380983,5062.457497047947,9202.872931413463,6812.648385682458,14344.460951798168,11762.26149959934,4164.8913119697245,279.07584444624615,4418.193533570901
1933,5,22,1,10036.711768130217,12739.477452179935,8754.04291468416,4620.161602731745,291.0861362023372,5751.690941151276,2536.092312055123,5341.968822274294,10575.940215855819,9162.722703065045,17303.866002779814,13667.34978438536,4548.676263065989,262.76421424293784,4829.162267236932
1933,5,23,1,10129.88547490159,11885.489108781894,9244.953725544327,4620.161602731745,269.7499796220708,4629.575189991063,2355.454872078299,5558.466729681373,8101.307535469311,9177.277440132608,11508.677978863154,15766.211559718979,4883.1254211043715,257.33910030434924,5438.120837209106
1933,5,24,1,10065.765934757723,9479.761409612911,10408.5415031564,5633.535150465683,256.03387896332634,4222.149619718621,2339.815266885511,5392.3289433426535,13559.887511718764,9107.82727743224,10135.93542524752,16879.35601357138,4861.182872917128,241.02747010103002,6030.1887488297125
1933,5,25,1,9612.220375022309,9434.771602249884,10717.449174870795,5633.535150465683,242.31777830455573,3769.2081966851983,2630.320933341705,5163.304272152264,13141.112517826865,9655.406283013715,10866.918147611363,15979.994269399285,4998.708143084173,228.34467865262104,5978.733763123021
1933,5,26,1,8037.183983459007,8678.942838552994,9827.814038993769,5633.535150465683,248.41382304177841,3900.539038319133,2284.8159886241842,5253.775343920804,9344.063271532945,10029.703694530881,13240.462046110391,15023.764218218686,5269.286316908801,206.58979031695293,5765.643007098592
1933,5,27,1,9263.47018870884,8853.994089019812,9355.032447072088,5633.535150465683,262.129923700549,3952.836622723545,2269.1763834313965,4687.919913222795,7445.5386483859165,10475.170332181637,13275.936207636925,14309.751030222587,5282.423893530444,202.96095156204274,5486.891214965878
1933,5,28,1,8989.058594249833,8425.3639243256,8557.58379703856,5633.535150465683,277.3700355435927,3110.46730185609,4530.402634223114,4842.54319951817,6398.718139911367,9510.317329253525,11151.78641441494,14779.441121441225,5105.3461320450215,188.46374073618412,5427.158688080238
1933,5,29,1,8985.251496553808,8296.120477719549,7498.38714285589,5633.535150465683,252.98585659470194,2666.1334612932524,5213.592721061761,4553.9215006312925,5567.718822422994,7866.663478678094,10060.257213991035,15322.849388411692,4517.9287433131785,197.5358376234541,5584.655687808555
1933,5,30,1,8410.68030479664,6941.518277847491,7869.02895226228,5633.535150465683,228.6016776458112,2676.4364766746535,3439.018851852509,4274.410175404945,6546.576126581543,6877.858191914307,9528.359786012254,15771.477143701319,3724.782495144464,175.78276370715005,5704.23260024432
1933,5,31,1,7981.880880085031,6174.482962134499,7949.840241909058,9655.855487883997,205.74150988121966,2884.8443067947874,3046.464761513341,4434.8539782057505,5901.686031239045,7429.792158193231,10368.34493197559,16322.25722824697,3867.7584619949725,210.2186290718522,5745.508447474246
1933,6,1,1,7365.1310533271235,11037.226740866883,4088.316608039525,4521.191317065073,136.07418649039678,1015.2643524007639,718.9005186954781,2645.677817635451,6637.115748166079,3502.992859900212,8891.007350586473,6489.411011431737,2334.994602318047,108.4206298997799,3414.821312290591
1933,6,2,1,7501.685636477081,11003.688884468758,4293.18863120565,4521.191317065073,131.5883596307285,972.5264012553629,736.4299095157629,2429.939108033389,7616.791886111641,3463.454400937114,9168.888282543889,6233.503629893292,1853.6561567333408,86.39720749623875,3588.5378183829125
1933,6,3,1,7274.6623896555375,11482.216835510711,3719.8076479199467,4521.191317065073,125.60777028625417,890.9369528679163,736.4299095157629,2382.8688441202116,6679.578128831707,3290.287411101734,8881.44007672029,6148.622416099045,1621.0930982394739,99.95092024581922,3273.0963842680135
1933,6,4,1,6903.770924636445,10148.882544573555,3984.04397623723,4521.191317065073,122.61670591139189,984.1857629654837,736.4299095157629,1881.418693883988,6595.706153798002,3357.560093453451,8704.391761465415,6508.261802088206,1621.0930982394739,105.03310892207497,3217.390769307308
1933,6,5,1,6017.9194028375005,9936.203455221641,4703.169660791928,4521.191317065073,119.62564153655572,915.5468136586823,537.7156925369552,1750.0774736101685,4822.112171286949,3169.6091580926477,8243.227661621126,6734.892536685205,1621.0930982394739,91.4793961724836,2965.932491332061
1933,6,6,1,6829.031585656277,9595.916912258579,4450.7824951794155,4521.191317065073,128.59729525586621,707.0607327887914,885.4753470031055,1715.1543745778354,3843.605795894205,2971.6876548195196,8252.794935487442,6177.899063040493,1830.5955169187414,103.33844122353503,2604.7408634040353
1933,6,7,1,6502.322491267543,9283.44225021119,4294.373547475974,2892.201154876938,128.59729525586621,811.9558628048076,1049.1307823413986,1845.356798144089,3191.5801489798037,2865.90795156464,7615.657494979976,6124.084794741668,1765.7462025310513,89.78654289331863,2510.667726492457
1933,6,8,1,6103.779474561285,8842.542138054332,2915.4864835177355,2892.201154876938,122.61670591139189,954.398310900728,1122.1938046003752,1583.8131543040156,2139.261756507102,2818.461800808938,7201.684779711931,6103.233082171825,1533.183144037151,105.03310892207497,2240.8646275260894
1933,6,9,1,5473.504432304433,9071.581157356439,2102.752413594999,2892.201154876938,115.13981467688743,993.2498081427736,978.9871530517013,1523.4569288024281,2746.6024739057834,2495.8508965159926,6353.207334473977,4777.780282154337,1330.4032512674726,99.95092024581922,1984.9320029676423
1933,6,10,1,4909.753412946419,9546.019125910841,3215.151808322224,2892.201154876938,109.15922533241309,942.7389491906072,1224.4637895569738,1648.8510996033842,2496.0393351022244,2177.3657444626356,5509.029787602943,4777.780282154337,1114.080473661209,108.4206298997799,1857.8605600050314
1933,6,11,1,4725.209361470076,9578.738985811226,2697.461889749214,2892.201154876938,103.17709658271465,788.637139384621,1455.395593232911,1686.1783250183662,2576.518998732877,1657.062545354203,4546.927528021172,4777.780282154337,1114.080473661209,88.09187519477868,1863.3416345694652
1933,6,12,1,3821.925339694915,10155.426516553747,3366.8210909437958,2892.201154876938,100.18603220785238,833.9704070628527,1513.783452619322,1795.8824078482628,3189.3576001294336,2110.093062110919,4628.4106020729005,4105.681142657094,1000.5103166106422,110.11529759831981,1697.7908109913878
1933,6,13,1,5240.970912501705,10035.181031420532,3468.7238902050594,2892.201154876938,94.20544286337807,523.1714709180495,1472.8598190315258,1741.5997647871393,2244.4234100012527,2208.9965116330545,4701.401376850141,4105.681142657094,1049.175254692124,96.56158484873936,1606.4022820297844
1933,6,14,1,4261.044002898003,9489.577367582911,3026.868612942931,1178.9790618369057,89.71961600370977,872.8088625132814,1665.7482830759989,1580.1436982462842,2305.9529202769577,1638.2674518181225,4822.55101333597,5761.49668172241,1028.8958678006013,96.56158484873936,1584.4779837721037
1933,6,15,1,4083.913773250857,11838.045311926802,2307.742928388042,1178.9790618369057,83.73748725401133,788.637139384621,1659.8834311287173,1405.401670117019,2815.8524170297333,1435.417966703187,4722.793371225257,6525.216982511116,1004.563398759877,91.4793961724836,1660.3181583572095
1933,6,16,1,3713.022308231765,9528.023202965745,1929.8731297318323,1178.9790618369057,79.25166039434302,672.095689450101,1697.9398037645153,1398.1892909689889,2008.4823031073088,1246.4355932825242,4573.694395354775,6237.294850360525,970.7551031771512,83.00968651853384,1654.8370837927757
1933,6,17,1,3916.0007274993127,8388.55408193767,1429.8384635888708,1178.9790618369057,77.756897909537,696.69250844925,1662.8810221240008,1499.4156649758568,2389.824895310661,1119.8437620633715,4542.627629654383,6237.294850360525,886.9401595600755,69.45778818832832,1541.5242565734916
1933,6,18,1,3674.2500238009825,8969.331595168318,1662.0820526031944,1178.9790618369057,74.76583353467473,620.2936931273551,242.55724353588346,1905.5864906781599,1878.755636005066,1113.907263007431,4183.263623645241,6237.294850360525,886.9401595600755,67.76312048977748,1499.4653986915193
1933,6,19,1,3510.0438889642164,7974.811453498523,1723.6976986680825,1178.9790618369057,73.2710710498687,510.2209718373492,151.96483045662197,2034.5235845693308,3435.4756412323914,1193.030022625154,3882.915722721012,6237.294850360525,858.5406322247679,62.68093181353264,1316.5764821036098
1933,6,20,1,4284.187149418975,7689.739674117646,1912.099385674675,1178.9790618369057,68.7852441902004,639.7129208525694,151.96483045662197,1873.0675180284754,4739.409958806064,1115.8899161670693,3794.98280111897,4009.320955781561,805.8086358487361,76.23283014373816,1231.5638970230257
1933,6,21,1,3574.564176233794,6956.651213051361,1831.5250792819231,911.0089742914889,67.28894230017026,607.3431940466548,46.75720632472886,1803.094786996209,4193.5987516832265,1351.2984627064009,3670.5007433988267,3661.055231194101,805.8086358487361,66.06845279123755,1152.9272558234607
1933,6,22,1,3256.2707714888884,7218.900890152031,1540.0356767437424,911.0089742914889,64.29941733055821,471.3694745953036,102.2830179608777,1605.4502917479385,3639.014325414592,1352.3299007662613,3311.244234848906,3661.055231194101,648.9823089641394,47.43436578478718,925.2501299378104
1933,6,23,1,3175.0192917129048,6869.943584315692,1548.3300906369677,911.0089742914889,61.308352955695945,497.2704727566491,2.9223905603171936,1540.41234644857,2670.4509317203256,1208.8454062103638,3955.906497498253,3211.690294146923,589.4858582424725,27.105611079785984,975.5417855328816
1933,6,24,1,4465.925971013923,6818.409804972473,1281.8424214059542,911.0089742914889,59.81359047088991,387.1977514666432,17.534604021989722,1589.7602037768793,3418.6310604725454,1024.8712375917376,2848.8976629536983,3054.9865148345207,569.2064713509498,11.858500725228048,853.9402312682288
1933,6,25,1,3973.20737972166,6427.24387986473,1832.7099955524388,911.0089742914889,59.81359047088991,257.705802451423,17.534604021989722,1393.3810382036913,2715.2528374914523,935.8466725989449,3176.0124312115286,2966.2087688934557,569.2064713509498,11.858500725228048,837.4858217085608
1933,6,26,1,2321.5281003305345,6000.16790851582,2345.660249043578,911.0089742914889,58.31728858083366,257.705802451423,32.14590517335929,1441.5900988244346,3225.152334244228,908.1468304789537,3604.067313630992,2865.214868113437,527.2920114697544,18.63408700645037,791.7691854948076
1933,6,27,1,3470.369923500052,6914.933391678141,1721.327866127243,911.0089742914889,53.83146172119148,665.6139190139149,32.14590517335929,1558.5065608022778,2484.9265908509283,823.0646509595628,3361.6605432001115,2572.5537103787756,527.2920114697544,5.082188676249668,818.2796890002274
1933,6,28,1,2644.5302838048483,5346.179708758467,1516.3373513340082,740.2495021713837,52.33669923635934,626.7624217718692,32.14590517335929,1362.0008622615733,2657.1156386187977,857.686588503753,3051.6378709504775,2485.6715746712703,527.2920114697544,5.082188676249668,815.5391517180379
1933,6,29,1,3815.4131988987424,5230.760402960362,1818.4910003066364,740.2495021713837,50.840397346329205,529.6401995625636,32.14590517335929,1337.833065467485,2114.69674289901,884.4008342553385,3629.7592063728976,2833.094805821593,527.2920114697544,10.164377352499336,814.6219106684464
1933,6,30,1,2450.769048432544,5473.541763420814,1831.5250792819231,740.2495021713837,50.840397346329205,301.7348909674583,5.844781120634365,1287.2198784640093,2906.509014869538,826.0329004875331,3223.311313246864,2655.6446256190475,481.32446943932405,10.164377352499336,847.5419156542581
1933,7,1,1,4702.46696207553,10578.33070576493,651.4195688593954,976.4829990152107,18.89465987491503,66.98003341244616,53.649059013020945,417.0400076112711,386.91066195436116,662.0571698082067,1609.3444612512696,1672.4547844492424,246.49727540001325,33.70646877496152,942.8566837426783
1933,7,2,1,2487.337223670853,9716.162397392372,586.7942354673944,976.4829990152107,18.89465987491503,63.229214141929866,47.55221958869598,405.50020097450675,386.91066195436116,617.487585197345,1607.1945120677447,1568.4068449595432,239.87258250783137,32.100707625913685,895.9207880850345
1933,7,3,1,4146.22995132832,7700.046429985828,625.8727740677949,581.2181875494446,18.89465987491503,38.981915158272066,41.45668346480377,257.1529498675387,878.854303522106,554.4323384683464,1514.9616920989129,1464.4642171494286,242.52805012283685,35.31041550463443,903.7397087391316
1933,7,4,1,2901.5093782872805,9055.221227406246,704.7644993563267,581.2181875494446,18.072617478532056,29.068849346360835,26.824529506510448,232.42840801637735,899.6643793359821,550.0888381938713,1684.9151750485319,1274.6925704283453,255.77743590723418,24.075530719435264,839.0406571462324
1933,7,5,1,3385.8122799357175,8163.441445823911,493.6361182821401,581.2181875494446,18.072617478532056,31.881963799234487,19.509104177580184,240.6657042011666,710.3734030465936,554.4323384683464,1881.098038035905,1362.4171995729885,255.77743590723418,85.0672380925637,898.761998165342
1933,7,6,1,2531.319220738358,9091.213073297014,307.2961855863627,581.2181875494446,17.250575082149084,32.28495516035544,52.43047310841559,164.83449677325638,681.2463154826324,435.9430262308849,2452.769525908011,1668.347628943025,344.56788726608715,36.91617665368227,868.9069205890252
1933,7,7,1,2847.5087030723967,8530.885472504106,230.6676503742913,581.2181875494446,15.608029694619791,30.811232707065113,53.649059013020945,253.85043941556359,781.0972469870322,545.7338774964959,1536.9986712289692,1514.3819533014344,515.5240970916448,30.496760896251686,841.1659717732389
1933,7,8,1,3552.9238314354848,7733.0116888355915,319.32308573170184,581.2181875494446,14.786910941378833,24.6489861656521,64.62284865662471,252.20551083793097,534.5931842417731,313.098753296048,1662.8781959184755,1616.3236591981752,384.3300207645943,19.26006169167758,889.5224724710638
1933,7,9,1,2465.296131746476,7307.653510131764,440.2911877852086,581.2181875494446,13.965330366566855,16.87868671724176,20.727690082185543,280.2325631410674,1015.1082456689152,407.6701629665352,1492.9247129688565,1485.842488117425,339.2709281814248,8.025176906480645,871.7481306693326
1933,7,10,1,1984.0990203238953,7313.6248845635955,614.6042203354555,814.7094571639569,13.143903732278543,12.592241064826506,47.55221958869598,229.94836185313486,454.5112398790594,416.3686239384593,1296.7418499814835,1300.2833085822585,302.1642622979232,1.6050535254899025,889.5224724710638
1933,7,11,1,3276.708874909713,7298.655548658927,525.1904385650452,814.7094571639569,13.143903732278543,14.870250807447924,21.947579287223586,215.94116235000524,612.6046488860206,328.31819489109813,1569.4629038987246,1384.8485873375212,243.84180778500772,0.0,876.7258412431222
1933,7,12,1,2054.1295805746568,6986.099086961359,495.88745919606197,814.7094571639569,13.143903732278543,15.271937989406679,32.921368930835406,237.3631937491915,898.6232906639303,293.5243510035489,1599.8846848441767,1366.5243550792059,227.93695438560488,0.0,869.6116301758505
1933,7,13,1,2793.508027857513,6461.845131708818,226.15311938390886,814.7094571639569,12.322323157466567,13.931241810661156,47.55221958869598,257.97541415627126,798.7723591593923,341.3601561374973,1853.7936834064535,1377.7927048012075,227.93695438560488,1.6050535254899025,858.9514994413912
1933,7,14,1,3728.9520064863946,6776.364785000849,225.4066221334478,814.7094571639569,12.322323157466567,66.04232859480335,46.333633684090685,292.59483406664805,521.070729131706,270.6951886110104,1549.5758739520627,1381.79454862784,192.1580223096228,1.6050535254899025,1000.4415242683604
1933,7,15,1,2884.5778122180204,7127.857879979435,387.6927545385468,814.7094571639569,10.679469888889969,66.17665904853008,41.45668346480377,239.84323991235027,440.9887847689923,278.30490940849865,1737.3739351240404,1326.716540173195,170.95620982552404,1.6050535254899025,878.8623417366044
1933,7,16,1,2521.300542590979,5802.785353667555,510.91219750578404,814.7094571639569,10.679469888889969,59.47839487141356,51.21058390337749,290.1147879034893,715.5671487809383,248.95476639276066,1711.144555086286,1190.1272916730825,186.8610632249269,0.0,794.2412619820161
1933,7,17,1,3258.7754410258226,6466.834910343708,553.7350715210287,458.4342934362919,9.857889314077992,19.691801170115415,53.649059013020945,287.6473950370403,715.5671487809383,308.7437925986725,1760.3783913867026,1096.2945851089628,186.8610632249269,14.445499873596473,684.0269197715995
1933,7,18,1,3195.657768696584,6293.092454273389,660.4367816778129,458.4342934362919,9.036462679789679,16.611329988990004,56.087534122639994,234.07333659392623,725.9663378749885,243.52252594392334,1564.1955283993293,1195.1822522960226,181.564104140231,14.445499873596473,774.3304196868575
1933,7,19,1,3127.6309440754417,6544.708176906321,573.274340821133,458.4342934362919,9.036462679789679,28.93582307181608,23.166165191828945,317.3193759178094,906.9403024141536,483.7673709418595,1352.3180363729923,1275.7456872248817,186.8610632249269,17.6555706361922,773.6257100999775
1933,7,20,1,3877.0280695056767,6133.25593866004,362.9043061599461,458.4342934362919,9.036462679789679,23.442620440613577,53.649059013020945,252.20551083793097,792.5375247531342,377.2312797764349,1056.4527794961919,1281.8537646442437,186.8610632249269,9.63039372971451,729.5422103891169
1933,7,21,1,1859.9675980766438,6123.276381390839,225.4066221334478,458.4342934362919,9.036462679789679,22.639246076696015,75.59663830020021,242.3106327787155,471.15696100500526,313.098753296048,1343.9332345575965,1257.4214549665664,200.11044900932424,12.840464492298606,657.7177618624701
1933,7,22,1,2958.6158437276613,6817.346409525929,382.431726297512,458.4342934362919,7.393455470689417,21.968897987323253,39.01820835516037,265.390246052328,864.3024573656245,267.42896808792364,1420.4714254874646,1236.0431839984558,210.71834332403117,8.025176906480645,760.1131834187349
1933,7,23,1,3247.754895063455,6254.155820991794,386.1879108748946,458.4342934362919,8.214882104977729,22.639246076696015,53.649059013020945,245.6131432306906,590.7651820257303,562.0420592659082,1355.4354626889929,1210.4524458446567,182.87786180240187,9.63039372971451,895.2160784981545
1933,7,24,1,2978.553013241171,7387.48996828826,619.8533994137603,351.68394289449833,7.393455470689417,30.006554163985403,35.35984404047887,238.19831133471766,1017.1904230128802,400.0604421690469,1769.8381677937957,879.0576523363236,108.67012049357837,6.420141525184515,1126.304893653447
1933,7,25,1,3688.9774806777687,7387.48996828826,651.4195688593954,351.68394289449833,7.393455470689417,31.347250342730927,36.579733245516906,226.6585046979533,1017.1904230128802,275.03868888548544,883.3496209928971,945.3513546731779,140.4742368342379,8.025176906480645,900.8984986588241
1933,7,26,1,2355.2910456874483,6154.27844864614,541.720020538228,351.68394289449833,7.393455470689417,46.484857878430596,41.45668346480377,253.02797512674726,916.2984028362904,302.2228119754729,1536.9986712289692,1009.5914792568663,123.24863770000663,6.420141525184515,773.6257100999775
1933,7,27,1,3205.6764468443216,5193.62336197345,310.3058729134757,351.68394289449833,6.57187489587744,76.89309922433927,4.877210879373409,268.692756504303,818.5296486757176,248.95476639276066,1480.2400127866715,941.2652615028774,117.94748577170947,4.815106143888382,675.4921036641465
1933,7,28,1,3484.8970068139843,5835.75061251674,398.2148110204252,351.68394289449833,6.57187489587744,61.48813496037097,3.657973324551691,353.5837244057351,328.6564868264388,327.22945471673586,842.4360880323954,1020.8177043071482,111.32139526498264,8.025176906480645,721.007394281664
1933,7,29,1,2354.2891778724593,5286.46596444073,626.619271318256,351.68394289449833,5.750448261589128,60.148742960825054,19.509104177580184,275.28512411145965,531.4816158513936,235.9128051463615,1007.1436949744896,985.1170449072404,99.39415282995867,12.840464492298606,682.6063147314185
1933,7,30,1,3278.712610539332,5799.758766626549,623.609583991143,351.68394289449833,5.750448261589128,60.416099689056374,0.0,281.0550274298837,1059.828268061271,344.61491623761015,1224.2885625000913,929.0280443281216,124.57357627843629,8.025176906480645,656.297156822289
1933,7,31,1,3440.814822965231,4266.915129947466,667.9491508325783,380.0798398379878,5.750448261589128,67.91773823003403,7.315816319060119,215.94116235000524,646.9254821843266,525.0821954526084,1295.6668753897861,746.4913099986462,143.1297044492434,8.025176906480645,681.185709691292
1933,8,1,1,2773.470671562397,5715.668726682726,0.0,629.8904877840147,0.7945332248036411,0.0,0.0,169.78193580286413,92.65806156752635,509.64500582267107,646.220975807347,581.3415339787218,152.7033640086522,0.0,692.2037881523745
1933,8,2,1,1061.1783893793265,4231.986679503818,0.0,629.8904877840147,0.6952107989335495,0.0,0.0,126.03822360549431,92.65806156752635,0.0,369.8127590405814,609.5755952917058,141.59232846162806,0.0,669.8767987022769
1933,8,3,1,2175.8565200662215,7145.117606076968,0.0,629.8904877840147,0.6952107989335495,0.0,0.0,127.51992465506817,92.65806156752635,361.75970887786997,387.9475804026694,614.7990546020964,117.99500466586811,3.281377444126208,607.7393105282282
1933,8,4,1,1646.169006409941,6749.289100933317,0.0,629.8904877840147,0.6952107989335495,0.0,0.0,117.51243225480059,113.80034994630545,263.92207868429597,425.86193425232767,476.7880984266714,120.77206474537682,0.5469022887522935,644.630298106596
1933,8,5,1,1047.5529870987768,6877.223753143447,0.0,629.8904877840147,0.6952107989335495,0.0,0.0,139.3887170073758,113.80034994630545,277.57144234368144,267.60417486054797,568.7989129329408,111.05445088894722,2.1876454433967276,533.9573353713836
1933,8,6,1,2412.9986318167507,5611.537772550322,0.0,516.0835916035551,0.5959037671158217,0.0,0.0,167.55495557473864,113.80034994630545,169.49965451129341,332.4466422325767,501.87334051823336,111.05445088894722,2.7345114437614675,521.3396780068357
1933,8,7,1,818.2454816595458,6724.340207759448,0.0,516.0835916035551,0.5959037671158217,0.0,0.0,131.22734060301278,113.80034994630545,139.92030303769428,347.84027838587565,401.50077864822407,126.32478728981579,2.7345114437614675,551.429658778761
1933,8,8,1,2533.423143149225,5153.868732194693,0.0,516.0835916035551,0.5959037671158217,0.0,0.0,121.21984820274518,0.0,141.06634532648505,287.9426941358372,449.59662274226525,136.04100353170045,2.7345114437614675,419.40287697531204
1933,8,9,1,2613.171821203263,5751.496973273715,0.0,516.0835916035551,0.5959037671158217,0.0,0.0,123.81503936638178,0.0,53.46631089868712,318.7084669505647,286.48989330743393,138.81806361117563,2.7345114437614675,444.63819170446243
1933,8,10,1,932.9192717355544,5586.588879375875,0.0,516.0835916035551,0.5959037671158217,0.0,0.0,139.7556626131322,0.0,76.21868845793622,303.8738175849848,401.50077864822407,138.81806361117563,2.7345114437614675,493.1848521321021
1933,8,11,1,3183.635354919586,6049.7384962645765,0.0,516.0835916035551,0.4965813412457302,0.0,0.0,141.98264284125764,0.0,122.85573335773735,347.2920413442221,364.90496997138615,138.81806361117563,2.1876454433967276,387.35536957318874
1933,8,12,1,3471.2716045334346,6217.836776502622,0.0,516.0835916035551,0.5959037671158217,0.0,0.0,130.11385048895002,58.708042998459945,0.0,295.6287624664863,381.63899586705264,133.26534106673668,1.093804577504587,407.74720412609474
1933,8,13,1,2845.4047806611707,5944.54414668563,0.0,518.3256080025525,0.4965813412457302,0.0,0.0,133.08737522538183,58.708042998459945,153.5696666971533,336.29505127099924,339.80919671186564,133.26534106673668,1.6407068662568807,476.67451324010995
1933,8,14,1,3605.321518146458,6363.194754109487,0.0,518.3256080025525,0.4965813412457302,0.0,0.0,163.4805940209539,0.0,105.79574784685232,418.72410296333214,331.4474493480117,133.26534106673668,2.1876454433967276,465.9920107727537
1933,8,15,1,3456.6443344382546,5827.407048242443,0.0,518.3256080025525,0.4965813412457302,0.0,0.0,140.86915272719494,0.0,128.55156353298995,390.69951535752415,442.27746100687483,95.78411448807864,2.1876454433967276,443.665021322656
1933,8,16,1,2508.176074217745,4896.854232677712,0.0,518.3256080025525,0.4965813412457302,0.0,0.0,143.4630785610768,0.0,73.94379451463178,443.9967556145461,424.50084948274474,68.02050176585023,1.093804577504587,442.70303680727073
1933,8,17,1,1776.411822326939,3775.3810345953093,0.0,518.3256080025525,0.397258915375636,0.0,0.0,137.89562799076313,0.0,105.79574784685232,359.3747557549472,362.81979871445895,63.85561045385961,0.0,448.5196873653763
1933,8,18,1,1349.8165068078051,5223.316634832829,0.0,518.3256080025525,0.397258915375636,0.0,0.0,119.7368818235841,209.1535444353444,129.68614539888029,468.1729341820619,309.48996414195454,62.46777922137771,1.6407068662568807,405.80086336237264
1933,8,19,1,3229.220340490643,4725.4839664498595,0.0,518.3256080025525,0.29795188355791086,0.0,0.0,115.6587242807864,209.1535444353444,0.0,572.5852162750358,459.0114869025413,63.85561045385961,0.0,362.12005484398367
1933,8,20,1,3153.4791336958438,5619.145139977057,0.0,415.1124626163411,0.397258915375636,0.0,0.0,120.84910660797584,192.6364971901658,89.86919815962644,447.84516465283826,467.3732342663953,63.85561045385961,1.6407068662568807,512.5923304366712
1933,8,21,1,3000.894665510008,6869.698185366311,0.0,415.1124626163411,0.397258915375636,0.0,0.0,166.8210643631421,192.6364971901658,180.8798544388982,620.9375734101978,576.1180746683312,63.85561045385961,0.0,428.13903867894606
1933,8,22,1,3147.6683003701987,6339.30925638216,0.0,415.1124626163411,0.397258915375636,0.0,0.0,131.59428620876915,189.52492879978635,103.52085390362141,493.45633657921115,433.9157136430208,58.30288790942063,0.0,371.8293869295334
1933,8,23,1,3463.4570355785295,5082.2940386628925,0.0,415.1124626163411,0.397258915375636,0.0,0.0,57.08787895081484,189.52492879978635,116.03678173942129,541.2604566725893,493.51159315437934,59.69211675644746,0.0,468.91152191828223
1933,8,24,1,2508.176074217745,5866.425481173638,0.0,415.1124626163411,0.397258915375636,0.0,0.0,70.43331103393746,189.52492879978635,201.34816971659976,569.8332813203115,401.50077864822407,61.079947988929355,1.093804577504587,576.6761593744419
1933,8,25,1,2591.7318499674493,4053.0090458492296,0.0,415.1124626163411,0.397258915375636,0.0,0.0,34.10443073256889,189.52492879978635,100.10793996765943,492.3598624956433,392.0964456559065,59.69211675644746,0.0,247.56559644785742
1933,8,26,1,2840.595815150515,5542.171669561209,0.0,415.1124626163411,0.397258915375636,0.0,0.0,7.4140726981936815,189.52492879978635,101.24595996039051,549.5055117909574,401.50077864822407,59.69211675644746,3.281377444126208,448.5196873653763
1933,8,27,1,2787.096073842946,4278.612479861748,0.0,342.04595207900275,0.397258915375636,0.0,0.0,103.42551698206434,527.0716110274279,83.04451632993371,386.8511063191017,274.9898578901165,59.69211675644746,0.0,440.7566960435486
1933,8,28,1,3068.92149013115,5634.359874830528,0.0,342.04595207900275,0.397258915375636,0.0,0.0,124.92599882110255,195.16318430420498,58.017244827452444,418.17586592167856,422.4156782258176,54.139394211974945,1.6407068662568807,326.2022376474224
1933,8,29,1,3252.5638605744693,6262.3357859668895,0.0,342.04595207900275,0.397258915375636,0.0,0.0,133.45432083122196,195.16318430420498,0.0,501.7013916975793,467.3732342663953,51.36233413249977,1.6407068662568807,378.61920786950003
1933,8,30,1,2293.4758015176594,4418.571680585142,0.0,342.04595207900275,0.397258915375636,0.0,0.0,136.41519227086025,141.28392112361254,131.955309130661,522.0291612269333,488.2881338439888,51.36233413249977,1.093804577504587,360.17371408031624
1933,8,31,1,2696.727596952967,4878.367511834435,0.0,342.04595207900275,0.29795188355791086,0.0,0.0,119.36614022881476,141.28392112361254,31.85309937449059,357.18180758794205,457.9583701061192,48.586671667535974,0.0,433.95568923710624
1933,9,1,1,3541.50253834705,6069.452211854755,42.739929876238556,549.2940177865313,2.252765623346151,0.0,0.0,132.30287082686237,146.2437143472828,61.09207628826262,479.4494176492096,143.75044271601098,96.78620410911178,1.672114465680618,551.1947555831525
1933,9,2,1,2498.157396070366,5624.134918611947,50.535494019731175,549.2940177865313,2.252765623346151,0.0,0.0,117.23659038560591,35.94797300919889,79.19381423958792,349.3129935765245,503.53726505670585,91.48225695175832,3.3441563545861293,438.63138141654224
1933,9,3,1,1858.9657302620137,6381.599675303742,49.509356529494866,549.2940177865313,1.5018591429498012,0.0,0.0,108.08193018634192,94.32497320522462,30.546611165275667,270.5496052418456,601.8878426775391,91.48225695175832,0.0,337.70130836625225
1933,9,4,1,2403.881634702396,5038.940224294769,57.85235198994934,549.2940177865313,2.252765623346151,0.0,0.0,106.01438149726229,73.12419669880707,151.59847396041553,232.87174580237127,505.2117207630227,114.02158654509047,0.0,319.2670004434895
1933,9,5,1,1994.2178852528807,5520.085764128566,64.62296355947598,549.2940177865313,1.5018591429498012,0.0,0.0,108.08193018634192,27.652016984948443,200.24796911933709,454.99374568776904,528.74888116377,103.41508984492846,1.672114465680618,257.1630698688135
1933,9,6,1,2123.9597672625637,4955.504581548907,68.04144699981288,549.2940177865313,1.5018591429498012,0.0,0.0,113.69240196572011,0.0,72.40580576314825,361.5462044302124,437.1277198721938,88.83098218035404,0.0,323.1484961044033
1933,9,7,1,2123.0580862291813,6058.654658087812,49.09937549990859,549.2940177865313,1.5018591429498012,0.0,0.0,100.10908790370848,34.4120747774108,181.01737951355602,386.01262613758814,322.80136044916367,95.45986791613717,0.0,253.28157420789972
1933,9,8,1,2436.5425254634315,5304.461887385825,48.141963153360074,429.27914791135,1.5018591429498012,0.0,0.0,101.2896404905006,26.42376630453915,90.5063976721685,633.5577751169019,225.2827450975096,90.15731837332865,0.0,153.32467153941613
1933,9,9,1,2367.5138330273003,5983.889778215229,50.740484534524214,429.27914791135,1.5018591429498012,0.0,0.0,113.69240196572011,95.24674609680805,105.21470440643402,310.66765700457466,156.35625076954304,91.48225695175832,0.0,288.2150351561788
1933,9,10,1,3416.4694350667746,5586.179881127294,59.97216719783941,429.27914791135,1.5018591429498012,0.0,0.0,123.14188397924346,98.62619011176277,87.11296645509312,208.4160738409307,131.97659693165807,86.17970740894977,0.0,328.0031621471782
1933,9,11,1,1791.7403998922887,5737.9182314151485,71.66610587121332,429.27914791135,1.5018591429498012,0.0,0.0,129.63302521238677,50.08104417177543,82.58724545666333,60.17600266941751,192.49921922382242,84.85337121597516,0.0,306.64934307888694
1933,9,12,1,2388.0521232297315,5351.005888094155,58.94721462387363,429.27914791135,1.5018591429498012,0.0,0.0,123.14188397924346,27.959664536327242,151.59847396041553,176.12383710600864,177.37646202672167,79.55082167313309,0.0,245.51858288607204
1933,9,13,1,3384.71022533948,5190.678574582624,47.594531836398026,429.27914791135,1.5018591429498012,0.0,0.0,111.62611860631146,55.30403396989702,57.698645071170155,152.64639202297877,144.58240498519015,79.55082167313309,3.3441563545861293,281.4252142161576
1933,9,14,1,1719.906477575121,5685.893654173748,37.33789659911722,429.27914791135,1.5018591429498012,0.0,0.0,124.91461085406372,15.976616945743293,49.77834681337698,168.78176064450457,168.96205882307513,62.31404162264302,3.3441563545861293,260.0713951478663
1933,9,15,1,2722.1750394476608,5860.290507442028,50.877934821899984,518.3345403388925,2.252765623346151,0.0,0.0,117.82749934387934,94.01732565384596,69.01122850376701,139.91869285705275,170.64704569746465,53.03388111542206,0.0,298.88635175705923
1933,9,16,1,2805.22988129005,6070.597406951476,26.53264512860367,518.3345403388925,2.252765623346151,0.0,0.0,125.20943266832309,47.92985083723001,55.435211550819794,60.17600266941751,234.53964173829382,51.707544922447454,1.672114465680618,265.8992315725023
1933,9,17,1,2365.7104709608943,5804.012348413876,29.336157024561043,518.3345403388925,1.5018591429498012,0.0,0.0,122.2561532067107,15.054844054159986,70.14237224279782,174.1673833490569,188.2972832059784,51.707544922447454,3.3441563545861293,241.6370872251582
1933,9,18,1,1603.2890639386726,5355.341269530505,53.68144671785736,518.3345403388925,2.252765623346151,0.0,0.0,123.14188397924346,0.0,82.58724545666333,181.5094598104306,184.93784062527203,51.707544922447454,3.3441563545861293,254.25474458976078
1933,9,19,1,3107.593587780326,3484.9922779799845,65.23793510385549,518.3345403388925,2.252765623346151,0.0,0.0,97.4506302562717,0.0,21.495169168451667,202.5467125702058,210.15998790040885,47.729933958068585,1.672114465680618,247.45373778331842
1933,9,20,1,1680.7334460186303,3881.638779621376,50.193053217562166,518.3345403388925,2.252765623346151,0.0,0.0,100.40390971796784,95.24674609680805,49.77834681337698,165.36334144296958,168.13009655389595,41.101048222251904,3.3441563545861293,267.83438646974867
1933,9,21,1,3348.3424236640262,6609.166300910144,49.03065035622061,518.3345403388925,1.5018591429498012,0.0,0.0,112.51184937884425,0.0,82.58724545666333,225.54041908693276,131.13410349440622,37.123437257873036,0.0,195.05913929413762
1933,9,22,1,2461.7895943949115,6981.92730482421,33.02954103964928,592.2049611388384,2.252765623346151,0.0,0.0,125.20943266832309,133.65706927958934,54.304067811788975,179.55300605347887,184.93784062527203,29.16821532913019,0.0,231.92775513960842
1933,9,23,1,1774.0073395716113,7031.743291522347,37.952868143496545,592.2049611388384,2.252765623346151,0.0,0.0,127.57053784207483,0.0,27.152033905894488,266.6366977280725,271.525103629825,21.212993400361185,0.0,291.1233604352316
1933,9,24,1,3075.8343780530317,8064.463869625597,37.952868143496545,592.2049611388384,2.252765623346151,0.0,0.0,119.00805193075522,100.77738344630832,27.152033905894488,245.5994449682973,230.3271745524913,18.561718628949603,0.0,317.33184554624313
1933,9,25,1,2526.2096948832414,5520.085764128566,56.41623347012676,592.2049611388384,3.003687497794875,0.0,0.0,104.83382891047016,69.43710513247356,45.25377185725377,232.87174580237127,196.7011552416664,14.584107664565096,0.0,282.38719873154287
1933,9,26,1,1900.9439916998995,1178.9783518568763,56.07497758422827,592.2049611388384,2.252765623346151,0.0,0.0,98.63244817281856,87.87256296414107,7.919381423962175,229.4533266007059,144.58240498519015,18.561718628949603,0.0,246.49175326793312
1933,9,27,1,2583.115786760768,1912.6394104715234,40.89383032682969,592.2049611388384,3.003687497794875,0.0,0.0,104.5377417664561,0.0,56.56635528985062,202.5467125702058,165.60261624236875,15.910443857537985,0.0,286.2686943924567
1933,9,28,1,2988.070757481234,3743.9699690908483,31.18344149024042,592.2049611388384,3.003687497794875,0.0,0.0,109.55856991723185,86.95079007255761,113.13385662193922,244.62121808975624,146.26739185946548,42.42738441522651,3.3441563545861293,279.4788734524901
1933,9,29,1,2312.511289997786,6313.296967761748,22.635455514992714,1129.1366255534213,3.003687497794875,0.0,0.0,92.13498029132035,102.00563412671761,82.58724545666333,239.7300836975724,158.87319991311173,55.68515588682633,3.3441563545861293,293.06970119889905
1933,9,30,1,2834.1838611363078,6480.168253253472,24.071574034815296,1129.1366255534213,3.003687497794875,0.0,0.0,123.14188397924346,0.0,46.38491559628452,181.9931983767335,176.533968589584,53.03388111542206,6.688494151110015,244.545412504211
1933,10,1,1,1754.5711039654173,8168.7584230577795,671.9541678267175,202.24595740671808,16.42391447005608,273.83849868788474,57.34521904023988,493.2255073481442,332.1657744847574,96.26755225790932,143.79935113315057,347.7075726853168,71.584418828083,14.794231277940048,187.06124477670153
1933,10,2,1,2196.19443670544,5866.0164829244795,602.2218453089807,362.5724607850603,14.930691390484006,85.65718319438287,57.34521904023988,438.360812636444,163.98901227291435,67.78037908561191,138.73622080626387,318.6520802711122,74.01067765949784,13.314753717562615,138.7159299452977
1933,10,3,1,2881.9729558994795,2031.5761012088158,532.4895227912441,362.5724607850603,14.930691390484006,73.51657937337977,57.34521904023988,468.6528050580028,124.29896885742313,53.04571337870304,272.3985615395755,330.83664160607543,76.43693649091271,11.835457599133576,158.68270157278053
1933,10,4,1,2881.9729558994795,1792.5575246375095,594.827967781133,362.5724607850603,14.930691390484006,151.75428731398867,0.0,398.9204866640599,69.98338424461747,78.58526578422332,175.1886092112085,187.44425860088222,75.22380707520527,11.835457599133576,139.7674013923798
1933,10,5,1,2881.9729558994795,5288.265556735413,751.1895188338463,362.5724607850603,14.930691390484006,141.63385701528057,23.893406833293955,398.9204866640599,99.23095735154527,98.23186874089212,210.63052149993672,172.44787541939777,72.79754824379043,0.0,183.90683043556453
1933,10,6,1,2881.9729558994795,5692.437626153362,946.6533068124203,362.5724607850603,14.930691390484006,145.01168104540724,26.283659826926254,353.2041255031852,290.38185609974045,77.60310754273192,119.49417561464918,263.36344845729695,80.07632473800143,0.0,156.57975867872568
1933,10,7,1,2881.9729558994795,6862.499816188157,530.3803718296998,362.5724607850603,14.930691390484006,126.12586259754332,21.504457140094402,309.1959594037432,0.0,70.72685381007817,111.38886719314455,300.8544064110651,71.584418828083,1.479423127794964,175.4950588591264
1933,10,8,1,3037.7634010927777,7519.269204036557,499.73843707509354,362.5724607850603,16.42391447005608,149.05463644822171,26.283659826926254,181.1699028786085,265.3138445939407,55.01002986168056,141.76764915478262,285.8580232295807,66.73050355074191,1.479423127794964,173.40330183149263
1933,10,9,1,1907.4561324957135,7680.33271439623,472.27207792543794,557.4313761118019,17.917137549628148,118.70638734376936,143.36304760062714,182.89075123675113,183.83988279337112,0.0,217.71460405925612,240.86887368501323,64.30424471936061,0.0,188.11271622372894
1933,10,10,1,1679.230644296326,851.0435560066365,462.75720027350724,557.4313761118019,17.917137549628148,149.05463644822171,286.7260952012543,166.31493249315926,0.0,45.1873014045042,147.841255598016,323.3384500153903,64.30424471936061,5.917728799567399,167.0944731492187
1933,10,11,1,2472.1088328867513,1427.8128863987604,633.9183555444548,557.4313761118019,20.903583708772288,153.11063364270814,28.672609520125867,132.59389665210878,184.88097146528455,68.76253732710066,148.86248146016763,179.00879306131864,63.091115303653176,5.917728799567399,194.42154490605756
1933,10,12,1,2786.695326717238,4039.1849050412834,717.3838576370193,557.4313761118019,19.410360629200216,126.80012322440145,45.397863973388354,190.88763478330065,183.83988279337112,81.53288655100229,180.2517395380952,218.37429891272953,61.877985887945755,1.479423127794964,184.958301882592
1933,10,13,1,1763.487727516559,3442.701859058982,767.0436985329484,557.4313761118019,20.903583708772288,107.9156089557047,0.0,156.59720058846713,686.2528992084376,72.69231633534447,154.93608790327067,237.11977788961357,55.81094119489724,5.917728799567399,228.0462594786946
1933,10,14,1,1805.2656153915905,5715.341528083745,479.66595545328573,557.4313761118019,22.395267383107686,128.82420928414308,0.0,270.32503178514213,0.0,33.39911042206161,88.09954266371517,231.4961341965712,55.81094119489724,2.9587736788148216,1297.8960851188174
1933,10,15,1,2187.277813154298,6003.194495556824,413.1092085403083,557.4313761118019,22.395267383107686,151.0761141496839,31.06155921332542,133.73269335967487,337.3829154701004,96.26755225790932,258.21964667500146,190.2560804474034,59.45172705656445,8.87650247838222,1332.5722711385367
1933,10,16,1,1938.2134744083776,5286.13876584175,320.12882879562176,849.5812978900068,22.395267383107686,82.2858800600372,31.06155921332542,216.6117870778016,193.2330760921436,86.44482380076406,141.76764915478262,186.50698465200375,59.45172705656445,8.87650247838222,857.5308944012647
1933,10,17,1,2706.345527974637,5915.8324696226155,312.7349512679653,849.5812978900068,22.395267383107686,30.350857462807184,9.55749306336088,216.6117870778016,0.0,97.2497104994007,254.177742210136,211.81338127080866,58.23720002631209,19.232845401009843,709.3629072989224
1933,10,18,1,2199.2000401496894,5893.010367342411,391.9703022749027,849.5812978900068,23.88849046267976,79.58753337343744,54.956269347030506,256.03945975339224,412.5869499877761,45.1873014045042,139.74669692248025,240.86887368501323,57.02407061060466,2.9587736788148216,705.1570215107034
1933,10,19,1,3245.250225526521,6020.86321990294,613.8458739224557,849.5812978900068,23.88849046267976,168.6173238812782,21.504457140094402,170.313374266434,0.0,0.0,285.5670002880635,297.1053106156655,60.66485647223833,0.0,642.102292287118
1933,10,20,1,2076.170672499033,5802.621754367776,641.3122330721112,849.5812978900068,23.88849046267976,79.58753337343744,0.0,104.58835495346275,222.488837536872,67.78037908561191,210.63052149993672,252.116161071098,64.30424471936061,4.43825123919111,638.947877945981
1933,10,21,1,2987.1690764478517,5355.750267779665,394.09130239898565,849.5812978900068,22.395267383107686,43.16572191062187,40.619964586989184,141.16017855244135,471.08677525173374,97.2497104994007,739.2277774822113,238.99432578725632,60.66485647223833,7.397206359943687,526.4963624439642
1933,10,22,1,2397.6700542510425,5432.641938545335,383.52184926637847,849.5812978900068,26.874936621817344,18.884514268711253,0.0,136.59233842538353,86.69578183605361,47.15161788748171,227.84086471315987,280.2343795364241,40.03886117625641,0.0,486.56281918894393
1933,10,23,1,2959.417337979437,6283.767294201572,323.3044044005724,1524.3031813203554,34.34105201967469,27.65381495536973,45.397863973388354,221.1796272048594,92.9633695937995,74.6566328182577,217.71460405925612,390.8221743321273,58.23720002631209,0.0,466.59604756146115
1933,10,24,1,3350.446346074893,7346.75374271256,398.30960432207405,1524.3031813203554,77.63990311153842,31.025118089666588,0.0,185.75039630245982,34.46939314249658,7.8585265784277025,221.76725827005683,348.64484663419523,67.94363296644934,10.35598003875851,425.611032859468
1933,10,25,1,3025.941360878634,4719.839790617586,337.0375839754002,1524.3031813203554,80.62634927070226,27.65381495536973,117.07938777368913,146.3100703300757,314.4087789336267,127.70349223924212,188.35704795956616,283.0462013829453,77.65006590658659,8.87650247838222,459.2469332985808
1933,10,26,1,2435.4404708671946,6475.996471115746,686.7419228824131,1524.3031813203554,59.72276556191012,33.72346477626625,279.5579428211763,168.60517920508494,309.1799403227846,121.8128348749032,194.4306544027996,145.26693090283592,97.06293178689462,10.35598003875851,388.83190394563934
1933,10,27,1,2912.7302978121434,6308.6343877258405,626.5244780166071,1524.3031813203554,49.271743410165286,47.21258985094033,167.25254453261118,88.58573055266687,126.39284382688291,188.60417946531706,158.98874211407136,198.691545986967,78.863195322294,5.917728799567399,401.4495613102419
1933,10,28,1,2747.0213612530733,5527.202333657118,301.11092265449037,1524.3031813203554,41.80562801230793,34.39772540312565,568.6690778143453,104.58835495346275,249.6390263867752,105.10812247356317,208.60956926750399,356.14303822488034,55.81094119489724,13.314753717562615,388.83190394563934
1933,10,29,1,4059.9691324784676,5935.627984862394,314.8441022293182,1524.3031813203554,40.31240493272602,25.62972889562937,418.137877833695,98.30219712760429,329.03081084324134,110.02005972332493,151.89390980881672,340.2093810945175,69.15676238215676,25.149666990894612,349.9498321377011
1933,10,30,1,3163.798372187683,6004.176091353767,272.589988023967,1902.6769449344781,40.31240493272602,29.002336209088426,215.04457140091327,133.73269335967487,336.34182679804866,57.95650458614683,90.12586976909125,205.2524636288878,120.11518591429139,19.232845401009843,336.29188919254693
1933,10,31,1,2545.545743707829,7817.510727027997,247.23277983566433,1902.6769449344781,38.819181853144094,28.32807558222908,93.18598094035553,42.29237906004467,310.22102899469803,176.8228647366392,294.6827848257509,210.87610732193022,141.95570824049213,19.232845401009843,382.5230752633654
1933,11,1,1,9630.554556031906,15333.344345775544,12832.643209305917,1238.1111278218955,305.8182443172985,1080.3559343863622,366.5793127147876,1124.8654278539116,2288.640434495901,156.89318933459504,952.1479948624399,790.5326544263767,48.163194463675985,27.88762583146536,234.3327164280717
1933,11,2,1,8421.700850759007,9019.229381516056,10534.97206921678,1238.1111278218955,243.9341538030588,1080.3559343863622,309.2992586961629,1124.8654278539116,1774.0618875321259,169.3506690137352,997.2324292388994,859.6065851058767,45.560836200941736,32.958927991449656,208.44862144431076
1933,11,3,1,8117.533782201967,9518.207244995747,8144.758968403008,1238.1111278218955,211.1602163143239,971.7047683831611,183.2831398551994,1050.6285358166274,1787.7481093994577,146.9340818450967,1791.0151672504678,809.7204424578608,48.163194463675985,32.958927991449656,234.3327164280717
1933,11,4,1,7935.995334169874,11870.765171826606,5842.466654859106,985.1473651790919,196.5974427753987,1049.316470325933,343.66729110735963,966.129820114455,1784.8237030176178,54.78998974223383,1881.2055354949966,891.5897422141461,44.258259455063225,40.56315960236368,174.38765807982946
1933,11,5,1,8272.222172798669,12689.579665831621,5072.389570673585,985.1473651790919,185.6830596473841,1066.3881755591499,206.1951614626822,881.6184511154892,2796.0834298879095,154.40627756800072,1847.6663282336744,978.5771896013508,50.76695034092163,32.958927991449656,182.5645264606045
1933,11,6,1,8427.010750176978,15751.340556002016,5480.711717481294,985.1473651790919,182.03466923647352,1066.3881755591499,515.4944201588451,881.6184511154892,2791.2874034216416,117.04529895355421,1989.240481962014,892.8745447058837,49.4657712095545,30.422369701770034,227.52052375520822
1933,11,7,1,10614.78949723895,26340.30521623469,5545.289654222566,985.1473651790919,174.75328246702398,996.5363396315262,515.4944201588451,928.4356490936331,5312.593609663704,104.59813365508326,1977.7382538307481,892.8745447058837,58.57821797265854,35.49367186175433,303.8193188650552
1933,11,8,1,10561.690503057449,15910.03187651807,5059.473983325407,985.1473651790919,174.75328246702398,1050.8684435289629,366.5793127147876,930.7258958055587,6830.477498139128,75.95853685836167,2266.046439327731,927.4062444615973,12283.075095428545,9431.170482070027,11486.76626569448
1933,11,9,1,8117.533782201967,15927.209802966003,4625.320661821342,985.1473651790919,174.75328246702398,1050.8684435289629,435.3153775371264,736.5863637572897,4308.703386875854,174.32449254707095,2227.2398565670137,787.973580610974,8090.231492774468,12442.925206706508,14040.499578050141
1933,11,10,1,8066.739083994185,20891.630546338143,4780.42620162716,985.1473651790919,178.40167287793457,957.7370095559486,446.77138834084036,845.0757300990268,3290.425084688926,144.44717007842883,2047.9340946695233,745.7646594091664,1944.780624364381,2469.2433307776428,4369.199438484996
1933,11,11,1,14228.526705029593,16947.251435357448,3496.0954560532573,2763.486189492515,171.12028610848503,1112.960413441493,389.49133432221555,917.0223754243854,2780.876516701954,114.55953322919109,1974.5133300556558,909.5032589218509,1159.8383735115099,1267.62595386471,2596.6870395542746
1933,11,12,1,10935.387197957936,13137.02374996809,4547.827137731892,2763.486189492515,163.8388993390094,990.3284468194623,469.6834099482683,901.0286083312865,3292.2967047733537,227.87904870199927,1974.5133300556558,965.7818205243371,907.3034033236568,861.9762136472365,1596.7824368758768
1933,11,13,1,11244.964352714553,11889.579091269443,5211.972707336359,2763.486189492515,156.55751256955986,540.1779671931811,332.21128030359085,1338.4657303049844,2781.4613979782944,244.06116581965424,1990.3154565537113,1015.6679631724672,766.7173573266632,684.5259985322034,1311.9902768558707
1933,11,14,1,10073.780877275842,10975.059007056501,4323.048521221605,2763.486189492515,156.55751256955986,1100.5446278173106,343.66729110735963,1201.3799133062444,2782.046279254635,84.67418846456285,1831.9716991947105,741.9313142700987,667.7802244493408,588.1803295893765,1179.8851939872006
1933,11,15,1,9937.426667688738,11212.277991333125,4545.220321936835,2763.486189492515,156.55751256955986,1085.0118539954515,584.2304849811838,1062.0544627826687,2795.7325011221046,104.59813365508326,2172.738644767202,949.1531063083701,576.6697329636826,552.6902865663722,963.2149606962117
1933,11,16,1,8413.685908240888,13252.361256116596,5671.838711909862,2763.486189492515,152.91066156387336,1008.9521252557089,641.5105389998085,1072.3289397443502,2785.5555669129535,673.6665781935991,2291.200844773788,1033.581479880172,476.43281856957174,484.2322434550106,863.7614220183176
1933,11,17,1,11788.978576121912,17878.94944601832,5431.53769225634,2763.486189492515,222.08999349468405,1387.6466285848135,2852.403327079411,1063.1932594902346,2787.427186997381,2594.983554495842,2479.966383078371,4972.185642779792,420.4583564741253,461.4068476866439,863.7614220183176
1933,11,18,1,11296.059611266437,13100.21390758016,4299.824162320307,5674.266603772646,2173.486253657531,2691.5649549562204,2852.403327079411,843.9369333914607,2789.649735847751,2942.463576455466,1484.8624035309963,4972.185642779792,400.933681431095,418.31438747210035,772.4847517212532
1933,11,19,1,10006.755920469328,11432.319049162972,6273.894668941006,5674.266603772646,1791.2519333918108,1850.2389774185117,2543.130134391861,862.208293899692,2788.0120682738598,1656.1457115231997,1979.7807055550513,1972.4877597590869,402.2334629479172,395.507135897494,772.4847517212532
1933,11,20,1,10511.597112320198,16159.520808257914,10883.811419246222,5674.266603772646,1143.1931168575163,1791.2900792868918,1947.3915065896274,885.0474945349807,2788.5969495502,1561.4826184695091,2209.3952783445247,1987.8632649873061,408.7463466773769,390.4267616406241,795.6394952893004
1933,11,21,1,10126.879871457342,27348.07690116407,9237.844227921425,5674.266603772646,993.9169910574059,1561.4937109066047,2405.6319387385156,885.0474945349807,3313.469406978394,5952.085231033791,2473.73153044637,4033.226707061085,378.79546720910525,395.507135897494,707.0809905414741
1933,11,22,1,16904.515638217632,20564.431947335466,7857.890739319588,5674.266603772646,2344.6681159754767,2980.3102214681276,7663.797534599837,901.0286083312865,2787.3102107421123,7283.2133494576065,2128.6646865070893,11041.929610824482,495.957493612602,347.3343014260806,682.5615712656247
1933,11,23,1,40757.986439517066,63240.127218793205,7491.040661978769,5674.266603772646,3997.5275185904743,2345.4358053073406,5590.376876164912,839.369093264403,2272.380735012395,2978.5639085521907,2456.961926815709,3937.287766904121,441.2828130339778,291.55904976313894,717.9872103380175
1933,11,24,1,28451.04220317069,38486.73520772191,8328.18400707351,5674.266603772646,1947.8094459613708,1654.742521004172,2566.068222007957,881.6184511154892,2786.725329465772,1865.2984292264475,2054.276444760616,3002.225363332233,399.6338999142728,271.27384112320175,599.4617693493353
1933,11,25,1,17897.366642631358,31913.31535375258,8199.028133591159,35148.74314969801,1205.077207371756,1631.3977140007512,1294.477088803386,745.7220440114053,2279.0483815632283,1380.9809579858832,1792.0901418421654,2578.8724111575366,367.0834574123568,278.87625831472997,713.8931832143921
1933,11,26,1,16958.616500213764,35474.05410740209,9276.59098996615,35148.74314969801,913.8217365933566,1333.392775437134,1294.477088803386,1159.1179021584483,2784.853709381345,1141.859234430937,1843.4739273259763,2578.8724111575366,337.1465540894003,253.52881961169405,519.0801329822841
1933,11,27,1,21390.879712652382,33733.357560706776,12358.676701113529,35148.74314969801,749.9982313066927,1384.6470165117455,859.1617112662047,1159.1179021584483,2268.8714473540763,895.3111568446149,2002.8926592768048,1875.2850794463022,312.40877683373253,256.06900674013445,546.3177178074808
1933,11,28,1,18718.89825072322,29179.571059083173,11268.790715525332,35148.74314969801,655.3402033037181,1321.0030733962406,778.982668644486,873.6215675689396,2281.972787945206,889.0881472164581,2309.045422996277,1700.0464445163004,291.58432027388005,240.84602816328507,540.8702008424196
1933,11,29,1,20755.695518102908,38103.0948503913,8881.184430506808,35148.74314969801,615.2848790455075,1321.0030733962406,1008.0898517145962,1044.9218989820035,2791.521355932178,677.3912156321139,2853.3050587797093,1698.782704360594,279.87231047713163,243.38621529172548,564.0361302768878
1933,11,30,1,60272.367735149244,94887.59371085632,8374.751216503408,35148.74314969801,582.5109415567727,1358.1721795190313,687.3345822147193,995.8144542919339,1753.3570903480186,730.9457717870422,1594.9398017223168,1632.2257228246626,270.7598637140276,238.30584103485558,562.6714545690309
1933,12,1,1,1574.535457655269,5628.879298297456,12589.735373857338,1143.6963336433937,1185.8808240704466,1012.669035867988,77.19969783245902,1563.3148135675754,2609.9742077421715,830.2503361102507,1672.9829570805086,486.60314696971346,149.22330381844432,83.55582675114367,423.74299316096693
1933,12,2,1,1416.540903269856,4552.723106176482,21928.060501515676,1143.6963336433937,2260.0008279585036,1748.1217490179645,64.63327506005899,2940.752697865258,7549.99844434832,1665.1994456045952,1517.1116412823076,558.6679293510292,146.5259077673928,107.4299569196878,579.2489086597683
1933,12,3,1,1607.3967219791589,7064.463151422731,10606.304028699626,1143.6963336433937,1796.0240896254877,987.6548795369295,64.63327506005899,1046.9337731653925,5956.31394245352,519.6843362723988,1364.8952390959557,498.8508953124277,136.29536937693214,398.2469091574506,417.52365141033516
1933,12,4,1,2043.1090346122892,12622.50395303595,5453.10316837907,7752.553279411894,740.7464058342962,726.4799605140057,73.60910514028046,1075.2265447002721,2658.636329937421,366.74499283403253,1763.92580753933,508.26575947270385,130.36948375184812,398.2469091574506,321.8956790611401
1933,12,5,1,1380.9745958465364,9748.882257292755,7258.5600897106115,7752.553279411894,818.3170357102274,692.4539261720703,1873.494372053659,1198.5076149438257,1831.3802526179036,275.451264109459,1388.1146902769312,1142.3157891140354,175.62424236983185,142.15431496540916,430.7453455636451
1933,12,6,1,1551.6928714791165,8200.414887511042,7133.19594829364,7752.553279411894,1050.3207989290809,687.4589199808289,753.1512540677238,1067.1410880765027,2254.3663916997302,266.0880986100465,1665.5656323977187,1051.863587466539,348.00601902028257,107.4299569196878,540.3780227183058
1933,12,7,1,1682.3364345221821,18647.866153675597,4772.013296106827,7752.553279411894,680.6480253946218,715.4726883850107,411.1391545099041,1169.2025796688968,1839.8025429977577,228.63543661254383,1987.5205226153764,750.8617447039406,230.5644697099466,98.74796019857544,460.28721887918715
1933,12,8,1,2249.493804450154,33135.402121028776,3727.5096036780096,7752.553279411894,497.5511665448164,740.4868447160691,232.49576419519406,1273.3012520380994,1421.4954541269306,209.1183364345467,1930.009381958786,602.9514906419197,197.17545848744604,102.00484298109919,448.63154602996997
1933,12,9,1,6641.682304298897,72676.534814038,3303.4280704730386,7752.553279411894,389.9313464490741,811.5385254728981,394.9782291440308,846.8471916441762,1004.1124776728872,273.11333784034935,1890.987804279625,900.657077831677,233.26186576096458,103.0898657688191,644.5631829078508
1933,12,10,1,34976.20728061475,69777.55522687235,2754.57485398645,7752.553279411894,316.56329286927695,762.5013889740592,3478.5088549643338,702.3338894526693,1425.2386942959236,196.63793590967927,1435.4135723122663,4287.027855006572,1627.5221250968752,104.174888556539,1149.907071879814
1933,12,11,1,18627.728279581468,37343.17610420687,2787.989492813951,11588.813052710993,266.240135682453,764.5098248838495,1545.8446432645533,666.9679250340699,584.8695787597771,146.6934129644087,1233.1033541522445,3891.898432976902,3423.0375172067993,104.174888556539,4356.447550722903
1933,12,12,1,11537.509754620665,32120.26846762204,2606.5788118033415,11588.813052710993,257.15764478609265,780.5121032040861,4097.8372205990345,973.165053107878,1005.9840977573144,159.96458266859548,1915.174732593076,2246.5087501964495,1230.431883634852,65.10862494056309,2435.9461385531786
1933,12,13,1,6601.4072181458105,31194.296432443614,2779.1026207853724,11588.813052710993,282.32692040567736,841.5607297868701,2108.60977011867,1000.4455609027918,1007.8557178417418,159.96458266859548,1918.8296462049252,1619.061762868987,747.7377519519625,67.2786705160029,1687.1642378563558
1933,12,14,1,9538.683277419625,22647.86902648648,2622.219706573686,11588.813052710993,222.92127232249305,678.4470419700069,1305.2553833820612,1056.0314935292113,1008.7915278838863,169.32774816793437,1617.2992732299083,1405.1737415090954,550.562293464483,91.15280068454703,1252.5933259640117
1933,12,15,1,47519.59232124112,17893.673382973608,2588.8050677461842,11588.813052710993,195.67379963338576,736.4830146881056,940.761351359616,1004.4819625662798,1010.6631479683136,189.61269667944998,2026.5421002944072,1244.5734300497602,448.74607464671067,112.8550708582764,1071.4158469442154
1933,12,16,1,43081.317901914,16187.332689173008,2175.0323060943338,11588.813052710993,176.8006914318032,747.4902868171008,803.4195517582236,1127.7756861065432,587.6770088864874,148.2634909000734,1446.5933080661273,1152.2150870007456,385.7276352988236,84.64084953886358,900.3615770688621
1933,12,17,1,18189.912044537108,14000.010054838389,3517.42394892177,11588.813052710993,218.0259636698689,738.4914505978959,722.6279579331361,1100.495178311713,1437.4042248446322,271.54325990468465,1978.2757411265968,1073.9685090241296,357.1743703647477,84.64084953886358,789.1852503430054
1933,12,18,1,11607.640501652673,12348.475126371395,4510.146800330574,3633.3170936647643,605.8637189970748,941.617355111104,566.4274010700497,2143.3419366266107,2288.991363261843,634.3917089569169,1598.7022127932573,1050.4524109592992,323.771382996932,84.64084953886358,786.0755794677168
1933,12,19,1,9404.432990243746,10938.24916466857,3860.4572092259355,3633.3170936647643,456.3258943067506,1259.8370706888484,313.2873580203364,1882.6840235590707,1441.147465013487,712.4257284002776,1642.3461812167434,994.8689064424174,304.37249326197264,71.62057608624654,694.329102779381
1933,12,20,1,7784.212360235814,12536.614320798022,3384.4763433738435,3633.3170936647643,366.871056003703,1145.7605193708791,236.99215068811915,1523.9630606724947,1114.5380626543774,512.6590970421695,1676.637870692358,958.1256614141602,282.290183621344,75.96066723712616,650.0106998729119
1933,12,21,1,7153.135823726828,11719.43581978791,3188.8466671176234,3633.3170936647643,320.7504751130132,911.608192588804,6159.919165269197,1970.6244359775283,1438.340034886915,518.9050275160533,2558.117035895785,1011.8240868653268,272.5907387538643,75.96066723712616,726.1976363181652
1933,12,22,1,6460.8451637369735,10429.45534321888,4277.073769927061,3633.3170936647643,648.5052440528904,2331.481088271745,5867.197888077376,4117.003163824371,3159.2947025233284,1059.665081479287,2654.6497542314064,1986.3889014723152,580.191721589903,107.4299569196878,1183.3528125891671
1933,12,23,1,7390.578495821816,12114.528128084,7407.267081655798,3633.3170936647643,1216.6381406991457,2605.7499660832113,2028.7174535921342,3437.900727206167,4893.233734495327,1095.5591259640255,2476.5264643848354,1392.4310282719885,561.88297119167,109.60000249512761,930.6864610363958
1933,12,24,1,6511.038741255831,10239.68015579735,8069.279801973452,3633.3170936647643,1358.4943332585135,1487.0250807447428,1399.4840046686427,1978.722545898091,5787.868134854506,749.8783903977804,2096.0929563781124,1224.248275878186,385.7276352988236,108.51497970740772,728.5354824078833
1933,12,25,1,5807.727535303969,10750.109970241943,5911.310290174004,2196.5508076090464,857.448716826425,1386.8641210875178,1143.6461297231635,2168.648530128349,2336.7176754148104,1095.5591259640255,1643.3136583493492,1168.222462306818,341.0039702038544,97.66293741085555,763.5248726884319
1933,12,26,1,5052.419389766483,12882.626839243534,8019.513318613336,2196.5508076090464,1673.6413733100408,2144.4617964117097,1220.8406143539328,3845.2103496161194,4090.425694528771,1537.1865219473361,1458.6330234932418,1278.483790895579,330.77343181336016,87.89773232139822,694.329102779381
1933,12,27,1,4600.376631752655,18073.63261242514,5938.563364395093,2196.5508076090464,1090.1452124017947,1545.0610534628415,1927.3206799255297,1633.0344786648084,2793.392976016605,844.3008145707828,1014.1740288042633,2604.4631493113357,1203.4858754151348,84.64084953886358,1557.4081869438248
1933,12,28,1,4507.20292498128,41868.332728417634,4719.521505324543,2196.5508076090464,658.2804673057669,2249.4482189691,1469.4712379064417,3362.107479668637,1480.4514867865994,1359.3207587278628,1606.1195374760473,1612.4271270513564,706.2565525763745,94.40786904769584,1451.5898902513873
1933,12,29,1,4520.928514043438,84253.63924326004,3488.867466803247,2196.5508076090464,498.9520253101944,2423.5561371233407,1365.3375333310692,2907.347994443041,1486.0663470398817,1395.99411196902,1561.6155893791774,1464.4642171494286,537.1032654999563,1234.8938282954334,1003.0030876872111
1933,12,30,1,4214.95808341999,111247.5236610035,3176.5235379046076,2196.5508076090464,408.11172229416655,1810.2006771388776,2697.5712356707354,2898.237620782429,1487.937967124309,1539.5932107537747,1307.3840984394956,2755.1641628839607,780.064576128434,1715.6242423519761,1185.701844545306
1933,12,31,1,4322.759060286544,181595.22244663822,3109.8127518765227,2196.5508076090464,344.518891967246,11969.886768622837,3008.147728790972,23376.96574719734,1216.5530548815132,11696.507599339842,1164.519975201015,2297.7955381838606,901.8107782041802,1715.6242423519761,1400.3586218738822
1934,1,1,1,4416.152593349083,19214.131126734264,872.6110615191552,2836.531480599232,990.117447953674,635.626421326305,23.831527616549266,285.16029915165444,0.0,542.8141382997177,555.1647405370537,828.866104010769,169.46455877822493,171.56428383693788,632.6243390353193
1934,1,2,1,4815.671538318151,56156.44334253149,1005.0517027508871,2836.531480599232,578.5398703774462,610.100341213517,31.491794460934575,378.65575986654324,0.0,434.74092846317814,370.64482243817105,643.6825931992137,154.51301461097984,132.15191017030392,734.9088588426481
1934,1,3,1,4811.904314223914,37729.23211195055,1064.3668152410519,1380.7922092953934,363.7341623429167,661.1431819501951,18.725303569353933,378.65575986654324,1955.1508943628742,461.75592269377415,438.3692973874475,635.8250359744002,166.97349255552678,208.66144059313768,716.0303241732146
1934,1,4,1,4159.401782002973,23528.904894995103,1101.706750513399,1380.7922092953934,272.57370590859813,391.5862848408983,28.938682437358747,1308.1831447033921,3057.6189088878778,420.0060785607719,492.2314467349014,551.8872118365146,189.9026248326614,163.28654453542276,452.93008997892906
1934,1,5,1,4597.558922810298,20269.83015624966,948.1484999553531,1380.7922092953934,236.47020010472923,869.293966659646,19.576030652681762,856.285564485518,2704.0018518381926,455.0071364789408,658.6387978917944,653.663814538839,191.39520583386977,121.55224318470044,391.65222334700326
1934,1,6,1,5036.682018513684,20866.662908657116,886.4304107694348,1380.7922092953934,249.10582998911633,704.2085401835689,20.42768850962374,527.4677987850721,1257.669414266788,403.4252371349172,669.2792622259681,679.8910663567461,183.92200716576335,102.01047030589281,345.39594485469917
1934,1,7,1,4688.74506498902,20913.67370764825,810.8661733366049,1380.7922092953934,238.27358395401134,611.693973816392,13.618148748544453,416.0556562100329,147.00414271306357,404.0405676427334,741.8008627158396,630.0380512615811,177.44214688811448,92.40735320782419,322.9776849347459
1934,1,8,1,3941.2891664952895,20076.67709082991,690.6190755610074,1380.7922092953934,229.25666470759055,597.3419609015875,19.576030652681762,450.33104759459854,882.8656005893099,387.4597262168491,514.1008703580258,603.2798834149229,161.9913601101185,87.43802531745342,338.73816654197276
1934,1,9,1,4852.37782436462,17989.806405185984,815.7435907190406,1380.7922092953934,218.42441867249582,464.9586209956853,26.385570413761076,493.1838471129223,877.1485392770561,421.23012311935605,636.2284344617132,366.6983918646967,159.99438966712702,81.47550292637494,281.9903745202751
1934,1,10,1,4705.649275668246,15745.551740311308,742.6180619774735,1364.5616353572907,209.39555648667294,425.87268452508107,28.08702458041674,386.44562154487136,877.1485392770561,613.4249681867643,627.6685078465122,483.16013192096153,170.46304399972664,75.51633592212356,258.51986840563694
1934,1,11,1,4937.9614281466565,13974.470987020171,803.5500472629062,1364.5616353572907,200.36669430086027,438.64038432590877,6.809074374272226,431.6353795666458,877.1485392770561,499.2183026432373,522.0960795923858,483.16013192096153,176.94290427737553,70.87919132759858,231.5483225623434
1934,1,12,1,4735.787068422305,14756.281013718277,841.73861742788,1364.5616353572907,194.04887935866674,445.0149147374399,40.00371916229733,359.9515315510498,877.1485392770561,437.8109645452404,624.5179793006198,505.1931471121105,159.0010512766695,65.57768014138453,313.51907483910503
1934,1,13,1,4446.193790613468,9762.609989593717,1027.0268799686153,1364.5616353572907,189.5344482657553,452.19092119485765,197.4636222406848,417.61362854568114,879.5866977778377,399.1245400372227,660.7787795455815,537.180837841428,154.01377200022898,63.92347443581236,215.78397240292034
1934,1,14,1,4670.874899413732,12124.698244113237,833.618521455941,1364.5616353572907,189.5344482657553,299.86387503071006,142.9947503409521,230.62270711590367,512.0553223872569,373.948920873027,640.5083977692874,546.1002271236473,148.5323969440818,63.92347443581236,226.64299839002655
1934,1,15,1,4323.0345413785735,11856.941084642876,502.92783632451875,1364.5616353572907,189.5344482657553,374.03768723141457,67.24001665937698,0.0,512.0553223872569,304.5621355445349,662.383765785935,489.4567960213373,143.0510218879346,50.012040652237424,291.448984615916
1934,1,16,1,4336.171527963565,11027.09828506276,623.1838670989936,1364.5616353572907,188.6387278108204,310.2364661827761,60.430476898311454,512.6670615962616,512.8708443685525,338.33914890411967,750.3607893310405,497.3249715667239,132.582367555335,42.06312925974098,259.9202842971023
1934,1,17,1,4173.504723484026,9087.187444959889,748.2994492581495,1130.1730528977841,185.03196011224597,354.89545701905575,89.3691593356575,392.6775108875078,144.54916932607136,328.5137101501463,551.431661429855,534.0484332721238,136.5711616102857,44.38170155700222,170.94745256301383
1934,1,18,1,4266.622775454534,9105.07198805439,1065.9747550374425,1130.1730528977841,181.4132494742796,379.62006108592635,395.77424847026515,278.1494236411721,882.8656005893099,346.31859613461484,604.2475975243777,464.2754487800005,172.45486761167396,42.395312555586756,261.3245687407476
1934,1,19,1,3884.8774005712494,9039.665659023742,1900.4061793905012,1130.1730528977841,180.51752901934475,319.0061052430689,1220.5234402273202,311.64582885793544,142.91812536340092,366.5848041503479,605.8525837647312,464.2754487800005,162.4906027208694,38.75136246176951,265.87785466408786
1934,1,20,1,3852.9042935149096,7992.959999749885,5925.526139772085,1130.1730528977841,176.89881838137842,354.1033004620673,2326.189416469281,377.8767736987408,143.73364734477576,345.70326562676905,473.03700017899786,496.79936469833154,161.4921174993796,39.08354575761528,207.02557025300405
1934,1,21,1,4074.784133116831,8904.0497236734,3132.9813633347508,1130.1730528977841,168.77761958990274,422.6854193193001,1577.195889167423,662.2580866825928,892.6182345925153,365.9694736425318,625.0529747141057,498.3761853035567,155.51149983248155,36.43279016450827,244.15980268987536
1934,1,22,1,4147.230750313876,8969.353855315467,3558.7280894311716,1130.1730528977841,161.5640841927641,299.86387503071006,2599.371472220619,1209.9966464063905,2375.6911985383836,365.9694736425318,565.2939870317299,594.3604941327516,153.02043360977146,36.43279016450827,244.15980268987536
1934,1,23,1,3723.1765509876045,6903.535831828083,2639.790495777439,1130.1730528977841,159.7487574040799,316.62031608320535,909.8684387705591,956.7833404233485,2375.6911985383836,346.933926642431,689.54964400221,383.48595669225455,153.02043360977146,35.439595663798045,180.40219410647475
1934,1,24,1,5133.4706990889235,6014.214151785397,1676.1879077786934,1452.158997640974,163.36746804204623,292.68786857329235,445.1424809644607,670.0479483608775,2375.6911985383836,353.07399880652594,925.2448455943838,453.2589411843779,146.04133072138362,31.795981108665252,211.2306864795801
1934,1,25,1,4364.377410925667,5762.706377183379,1450.2723663817217,1452.158997640974,160.6564207984271,187.41492189418608,400.8841956118997,565.6466812963641,1262.5457312684302,410.18063980682825,816.9974402729842,577.0526315970158,145.04284549988193,33.78203457139876,199.67145254673306
1934,1,26,1,4442.4265665192315,7399.704155961329,1834.5699777260008,1452.158997640974,213.00232418524737,213.73315856396263,432.37226697840765,1519.2798358981668,2024.5122999895589,379.4802789863539,644.7289171420997,609.597784156493,147.533911722592,33.451864507649745,154.48289445786617
1934,1,27,1,4825.137896298578,7493.827951332601,1663.9496993281723,1452.158997640974,341.17394981777187,181.8325480396434,306.4106737762784,1399.264604326791,3174.3982936339753,408.3346482833502,515.6999122049082,542.967822554295,158.0025660551797,43.72069035214027,228.74362222723272
1934,1,28,1,4663.34045122526,5689.430849191067,1533.170595886005,1452.158997640974,256.3313083256469,153.92067876699178,230.65500932108122,752.629042438601,1696.2016466897496,430.44023136548356,639.43840694242,506.2443608489433,161.9913601101185,52.991624154363116,117.70070026997143
1934,1,29,1,4739.554292516542,5953.815494820956,1224.4461549734333,1452.158997640974,217.5167552781486,134.77844855463294,198.31062622954954,670.8269345287234,1296.8480991419535,373.948920873027,725.810444247172,523.552223384631,161.9913601101185,42.06312925974098,243.807764440915
1934,1,30,1,4645.470285649972,5780.488722888875,1286.9771470564692,1452.158997640974,213.9099875795844,195.39240439749042,208.5305205128494,600.7010588487757,544.7266462982684,409.5653092990121,550.3616706029876,322.63236148235063,148.03315433333094,42.06312925974098,157.2837262407969
1934,1,31,1,4684.977840894783,5271.54572511676,1364.158257284567,1611.8392030029338,197.66758999663307,142.7559310579373,139.58811891320602,749.5130977672611,544.7266462982684,443.33570620151914,940.7597125844321,484.7316433658761,153.02043360977146,35.77177895964382,421.7495593568795
1934,2,1,1,3389.2459434541515,20812.49829242818,2461.309178374844,1273.9409308693926,586.8999279569031,199.89371753895594,152.59102630280216,693.2976893700329,849.740274750611,444.2752431059377,438.8924040139392,500.3193379686259,120.7395093354363,30.58602861895111,470.7641155580375
1934,2,2,1,2780.5977635099634,21263.188778407446,4066.3010851676754,1273.9409308693926,1597.965291616843,177.67605598771704,136.80510580690978,1977.2552202826425,785.9530039033108,460.9487149308217,724.5621216158091,659.6631656631681,345.2391324098309,28.277522482168692,402.6002260343946
1934,2,3,1,3371.3757778790314,18953.5277845017,3351.8398356251964,1273.9409308693926,1156.3631643909484,185.08504966774214,111.24606236251655,842.7859910056596,564.8288427653156,314.13614892970173,789.8910059915236,683.8729365720425,223.12027235603944,26.257915151166653,404.8826718243509
1934,2,4,1,3346.8405235216583,23291.806952258106,2017.2498045969835,1273.9409308693926,676.3883728753323,205.64384219378826,96.96799512154386,842.7859910056596,686.5770263872139,262.8453736968918,743.108629282069,661.0435473378151,184.0969994210754,25.392225349873865,417.0686112113735
1934,2,5,1,5030.693098158808,20502.840203422315,1815.1853701802704,1273.9409308693926,479.974791515606,152.998049365337,108.23966358880537,210.89980458090614,1032.770311174027,254.5152542415127,848.5027257317001,641.5589290844018,150.5808356974557,21.640902877601796,391.1493115627649
1934,2,6,1,6965.114372808014,18661.24325164448,2129.716260357711,1062.9434696736496,381.19473974458884,180.9658355714391,108.9935902162652,474.31697333376644,1364.0235695610957,259.00121213726584,984.8076682917992,690.562478533671,149.6646997725777,21.063776343407437,391.1493115627649
1934,2,7,1,5769.358807099322,17341.87495822306,1882.004201720378,1062.9434696736496,324.2508046890627,217.9828455049937,61.638621049454315,596.3353121939008,1334.261220964843,243.61794944165467,787.6321364680555,633.4890054481264,198.3279872429194,19.909858813698186,362.9746459895247
1934,2,8,1,5179.546747626147,15781.320826500307,1840.465756979553,1062.9434696736496,290.54782970443927,267.3388587497229,96.96799512154386,514.7215306103075,1417.07453556163,198.09672477685214,806.2380880691819,633.4890054481264,66.56911265375027,21.352339610503368,442.2142004227084
1934,2,9,1,5155.9774481648365,14647.951781260832,1562.6494921536757,1062.9434696736496,266.136461572414,290.3766353246755,97.72192174900368,530.8833535209413,1422.0349269943256,207.07525702540644,946.5257742627311,636.3559520031031,179.047958172176,32.31707268285473,390.02743142872714
1934,2,10,1,4226.922029230544,13861.031885107093,1543.890194528819,1062.9434696736496,251.02864323238904,377.569773526673,73.6660776914198,513.9168635797964,1347.4609066417065,223.74211239324228,905.985010710195,630.1442344673122,113.85304940573675,58.86355110111981,358.7850039716847
1934,2,11,1,3755.825826470986,13024.03526828918,1725.5873915241946,1062.9434696736496,242.89550150151126,885.929254356373,87.19580294663423,486.4383405167635,1812.8969570047936,183.99705475349535,948.190204437899,632.5333565964514,192.82087803157506,72.1374613876175,324.50576304836085
1934,2,12,1,3658.7473594270614,12787.959299443059,1559.4336125608945,1062.9434696736496,235.9208248923641,1047.1377734476525,74.41721199804427,642.389659259101,1007.0435352688845,198.09672477685214,804.5736578939618,722.4174402558488,181.80151277784222,281.0438452191088,334.7922433118921
1934,2,13,1,3896.179072853958,12177.840886450876,1857.617114808019,1654.7229253198461,235.9208248923641,661.357530195037,74.41721199804427,271.4980802081338,2740.490154919417,205.14986801705462,1105.9544074708406,756.1836996813284,152.41825437825582,633.6648022257737,334.0301385311746
1934,2,14,1,3686.083882982609,10213.19827818356,1657.1606201876966,1654.7229253198461,230.1046134049374,468.0526913123925,82.68620478611373,458.155150423176,2297.417903219026,206.43346068930896,908.1844362987965,728.5760661887743,183.63893145864236,219.00609817990878,323.36454015339086
1934,2,15,1,3697.385555265486,10835.989167425183,1581.4087897786223,1654.7229253198461,214.99679506491242,447.48457929744825,47.356830714024184,373.3141404299976,1831.1411085454063,307.08300568949926,1076.1135521872925,779.013088915556,165.27503831277696,154.0827184697345,315.36437423199584
1934,2,16,1,3608.807491305928,10189.795076077417,1395.6024133034518,1654.7229253198461,204.54672309059382,426.92578677140216,309.6963046342043,452.50536063451705,1739.2477553938395,542.3642192187268,1281.1951273431225,695.2876311891322,150.12276773502265,204.58129021184698,333.2680337504733
1934,2,17,1,4145.878413459626,11176.306473164415,1776.1481651227596,1654.7229253198461,197.57204648143644,394.83878646899706,594.5874924514752,418.5638204646866,2471.3679010877418,1039.8423936516708,1359.4827895112928,758.0949973846783,153.79760509661105,114.84146953126282,377.4468997186835
1934,2,18,1,4096.9045002343855,9805.635090409518,1945.6071536676143,1654.7229253198461,197.57204648143644,394.83878646899706,1965.700795711207,449.269571937348,1995.9269934282097,686.589750504164,1043.4193880319758,663.9104938927918,144.15759056123338,91.75640816344104,327.93330028548337
1934,2,19,1,3876.3769974867155,9830.060266406956,1782.6692542970952,1654.7229253198461,245.22437468436445,357.8310960243405,2876.7420092356097,630.2682920761473,1935.4774774941984,544.2896082270786,1067.6725134417204,681.5369060457206,172.6195662049095,84.54568187282244,319.9370029162683
1934,2,20,1,4164.714533930808,8795.82268860496,1822.5997592415297,2103.609681000903,303.326774861611,347.9524377842762,1042.5595252029655,559.9712106449965,1961.2042533993413,469.27883438620074,594.3917931298895,658.2296923857037,80.34203251314933,106.18457151832997,321.8403305919558
1934,2,21,1,4457.785249365029,8654.177107297539,2051.4631902652327,2103.609681000903,341.67555327253865,340.55276359311836,615.6322838672684,736.124808025648,1218.2385060983831,426.3247950658476,1139.778006387839,596.8557994676219,545.87289995806,83.1028655373328,309.27140453848455
1934,2,22,1,3933.8513137963214,7413.092013935059,2506.152832697224,2103.609681000903,477.657861272155,702.4937542248947,457.7823866445654,628.6503977275845,1933.0393189933377,478.89916297091185,1067.6725134417204,599.2449215968093,471.0328298252108,213.81195937214957,296.32336037072827
1934,2,23,1,3968.7222855405093,7915.392181414811,3104.9317468861036,2103.609681000903,703.1166712508085,705.7835338086167,369.83358784406255,1656.5012454623454,3716.089852970905,411.58332870636355,700.9034355543128,602.111868151786,771.3040994504652,149.17714292907368,264.7095519038094
1934,2,24,1,5352.935651451027,7941.861305194416,4820.782169643182,2103.609681000903,1392.307875162117,612.0108364391751,329.2425505312368,1199.1250812069718,4093.75219730451,2229.7460337275047,1050.7309920158139,600.2005704484842,644.1259044856859,98.97048984088427,215.19595247059306
1934,2,25,1,5171.046344541782,9260.51421689197,3203.5520543998296,2103.609681000903,846.0617129201801,874.4103660688812,1266.5967341274616,783.7970494394108,2317.2594689498874,3731.8141185252034,538.6155490810161,577.8490056400943,494.90383218242056,86.85418800960487,365.26096033166095
1934,2,26,1,5604.470306358976,10349.529595257762,2266.569803030707,2103.609681000903,633.3818480987086,1204.2643563982524,1162.9085535117997,640.7717649105381,2324.7420933144176,1843.1464469301707,1002.2841851311916,594.9445017643201,237.35126017788343,227.08586965864728,331.7438241890383
1934,2,27,1,6503.38793253921,30574.392900298455,2464.5250579677154,1991.2686496251893,521.8109082311073,1196.901960162718,1099.7090251113996,635.9266421523469,2125.990138282224,1119.9676888102438,1232.1538811101996,868.8971725749533,368.1939988421627,258.53926577230845,334.40925664544335
1934,2,28,1,6779.457841804532,38858.51326162569,2159.8204665461653,1991.2686496251893,463.7085080538606,732.1017704784242,679.5298924782669,603.6029963311227,2051.416117929605,834.7322243770234,841.726117161348,4215.632542708639,287.3938983665684,158.122604209105,317.65068857413206
1934,3,1,1,19016.75403676134,18140.036567178933,4325.983362289389,4510.4287604244755,667.622255356295,845.0819344825732,397.8033349491016,2358.0168108886055,1956.412010828752,868.3438263097829,1514.0370200635277,1389.1417891008,389.8261296975659,101.88296560647787,267.181556750892
1934,3,2,1,22989.726523844114,18801.253674726588,6309.823751116364,4510.4287604244755,2052.1552769695163,1000.913108475254,543.7858685914777,2491.985311180534,1962.9698164516967,839.0990860454659,995.9831280394066,1201.0382401314025,388.36442968258694,137.10781651336626,285.3289350570963
1934,3,3,1,20001.06207574443,15794.606487084611,5290.657910152425,4510.4287604244755,4875.346721553257,1042.2916392166787,459.38331726088995,2119.355993755175,2273.6248392283455,796.4891024929187,1278.9957017544684,1137.0628586727194,382.0286806740207,124.58886826287942,326.5947812289947
1934,3,4,1,16499.475577889898,15304.059019352431,5155.94828720801,4510.4287604244755,5303.978816591586,989.4501371212126,374.9807659302714,1176.953936430235,2282.6208033519924,755.4670686379952,1119.1509610026064,1120.3920953714655,372.7695316355084,116.43863366078173,302.0488176065431
1934,3,5,1,13512.743039582167,15808.91412156021,4410.66819156752,3701.2869126264236,2365.1797186233057,1312.5568174828193,480.1395688563095,2010.6403417611173,3214.6699461129915,824.5428804840404,1861.4273751970654,1089.8113321181554,372.2805826868459,116.1467150068562,313.78987349214026
1934,3,6,1,12908.055274711225,15229.454925301394,3798.311119097688,3701.2869126264236,1565.719355238922,3409.348626382716,1974.5431450455972,1901.8390868914796,10708.560284454928,927.2302942628155,1800.4378980637919,1229.7077056813625,368.3844315905954,246.26861614699732,318.4127933548496
1934,3,7,1,10747.214172449148,15646.42027287383,3685.130023427494,3701.2869126264236,1196.801957196738,2805.538940180554,1090.3082116085493,1828.8198340167257,6132.557150574783,669.0561392597057,1958.6182086404865,968.1253783394941,374.2312316504873,207.55416294032094,328.3743152347288
1934,3,8,1,12068.640470122225,13972.427039238002,4193.864309016971,3701.2869126264236,982.473966738171,1947.214011962948,709.8265736186751,1708.633396694147,4275.857414986261,590.4724785992415,1462.6180164375082,937.0667906603946,381.0507827766838,173.78554991622562,330.86566284274363
1934,3,9,1,9630.956694677943,15747.595688093477,3863.968660784822,3701.2869126264236,843.0640351309713,1661.105702557069,671.0877757979731,1472.4550629527048,3342.210858035092,679.708635147835,1486.8711418472526,913.6533937945987,392.26058077883744,166.21579723514938,352.21233380706343
1934,3,10,1,8508.517105572517,15867.16663335348,4490.975851399805,3701.2869126264236,718.8335795001889,1610.9668522442494,454.53398673118295,2512.2731926943848,2801.7804151641194,679.708635147835,1919.6229873934894,790.0561423125871,417.1146278644282,162.4309208946113,463.22043879464024
1934,3,11,1,8508.517105572517,18490.573611829426,4061.7452557444635,3701.2869126264236,638.2306814947876,1471.8268828817154,482.2151940158484,912.3554479942951,4464.772661584196,648.8494793576131,2216.783217597556,792.9230888675639,446.3486281638997,157.7736439791262,402.01994320644343
1934,3,12,1,7775.550530518196,15343.916001105767,3938.2018813861887,4290.440834253212,578.4801556804457,1751.7843296098035,414.4083362254434,2051.986530669123,4145.037600252768,621.9072661548428,2026.9787336924646,772.8544629826304,444.39797920025836,142.34557534987533,409.1380792293475
1934,3,13,1,8590.913058198023,19092.516233692513,4103.998340394845,4290.440834253212,530.111251113574,2228.0102126925462,482.2151940158484,2033.3251037913763,5719.751694056964,786.365923170654,1373.927665674474,909.8838899908125,460.4818261959993,140.3088555460558,610.1480508325692
1934,3,14,1,8291.370444960727,24606.065376223894,3920.067893682116,4290.440834253212,499.76424210013136,3663.770673509118,473.9126933776621,2582.89556505273,9770.289633795277,807.6709149469128,1924.1407264403733,847.3419818095937,456.0967261510864,140.01693689213278,487.0507202626149
1934,3,15,1,7991.827831723599,36347.523411171525,3844.941373193915,4290.440834253212,482.69778169863747,2574.881589763776,1841.721750307212,1941.6444240389185,5167.046384250792,589.9166962050659,1829.2682064552348,871.6579359241991,453.1733261211404,148.45909014815598,546.4716818450938
1934,3,16,1,7872.918784030972,30098.153067041876,3432.1474954574824,4290.440834253212,466.5748135096768,2492.1245282808954,1446.6083511029706,2015.5197056695145,4201.4515434958275,831.8209832647384,1813.9911152044963,994.8304545832385,481.43457535430736,155.44500552138362,636.4542056998065
1934,3,17,1,7796.125369802153,34131.88401524805,3350.0532358514392,4290.440834253212,469.41723308668867,1838.9215508783814,1378.8480319932683,2394.569238763794,3979.9154176455927,923.3265845895194,1845.6152885328931,1031.5698437694741,454.6350261361074,143.80181323267087,434.7478947030402
1934,3,18,1,8299.774252555588,38762.44771586167,3359.611544641279,4290.440834253212,479.85536212161537,1610.9668522442494,1403.048145961008,2156.6788475106255,3907.947704655941,898.6471997058292,2145.6288276086757,1111.3134312806496,471.68647736712074,155.15644225428522,1177.2391158309663
1934,3,19,1,8193.036236552058,42952.5406694073,3441.616474258639,8383.409685592595,501.66316946461,1593.3530182124173,6580.104065192748,2201.3635485664613,3585.8585592547843,1090.5906194044608,2075.5444284467158,1291.7717894366956,516.0212799339522,178.15090817778767,509.44963742163594
1934,3,20,1,8218.344254826312,31049.610759664163,5269.129382878204,8383.409685592595,540.5493801485006,1409.3863072133447,4465.8518006640925,2030.9282232749676,3255.5301196094597,1116.394801990628,2246.1485214024847,1430.659422545362,573.5113826355583,372.3137222926748,574.9055404148294
1934,3,21,1,7974.0542616379835,24717.4605303548,5912.483961423413,8383.409685592595,583.2215026219466,1560.7348070423561,2897.4051834695933,2251.6980394109564,3525.3249688896403,1191.623918914894,1198.2113943235204,1661.7140782367862,583.7535764024516,222.39839426172324,530.1077060967874
1934,3,22,1,7553.670690916275,25477.80910533951,12415.975128019714,8383.409685592595,752.0230080906433,1766.788706748032,2314.1824368468156,2220.0249754442084,3535.161677323978,1219.1483803401509,2095.3392587443905,1638.3006813709903,558.4311676923395,358.05332827912355,667.0544534939049
1934,3,23,1,8069.490605358805,36012.315974887926,22333.39047238083,8383.409685592595,758.6632823966127,1467.446723096018,4166.23577427105,2043.0838316081704,3188.5227980525037,1462.700165211087,1851.8569016898116,1811.1138487137812,640.265781206709,439.55567430011286,1029.2283091808638
1934,3,24,1,8798.786551808564,38681.71177846371,14295.478090056778,8383.409685592595,644.859012861365,1404.9129525385736,4056.9629519705086,2382.413630430591,3196.678017865618,8614.627109534804,1691.417721589649,2493.765678419773,635.4277600303833,567.0603737154129,752.4334002468568
1934,3,25,1,8747.301155853833,45201.9052037376,8535.391089338436,8383.409685592595,598.4009785983638,1333.6188624097651,3693.0304688401147,2383.9544821911586,3226.94481304819,6118.039362038054,2038.8080767231868,4385.5787634964045,682.6756689650963,402.5793114696762,664.230410397862
1934,3,26,1,8596.51559659454,34408.83893973837,6266.588036590465,6247.418418352339,568.0539695849212,1252.6325038189782,2955.578534353636,2299.550046863463,2865.5929083407354,3012.4067409371064,2497.53692178915,2747.702814948338,729.9235778997971,322.5365587183071,604.4612791186189
1934,3,27,1,7681.949501099824,25464.52344475521,5562.757055702116,6247.418418352339,558.57127570194,1243.8721842475834,1866.5734058048479,2033.3251037913763,2505.838417823451,2453.3822828075918,2019.072690360326,2522.859876792705,714.8433629565902,289.0598643481373,597.3431430957148
1934,3,28,1,7605.156086871005,23320.422221209305,10355.132288942008,6247.418418352339,557.6158405499946,1232.4092128935422,1381.6403528356927,2222.421855960574,3280.92059779039,2211.484612204997,2902.0528982921915,2951.57456997018,695.851556424012,263.1529226590462,646.0869006438376
1934,3,29,1,8059.251483461663,20263.698312903154,10560.591262928869,6247.418418352339,568.0539695849212,1109.2055695598208,1038.4641213007183,2012.266796397264,2939.998779831169,1839.3089018276225,4087.840510236742,2259.366251747535,691.4252817307812,255.00268805694606,583.8032104434676
1934,3,30,1,7577.143394888081,20469.115065015907,9179.549637781885,6247.418418352339,566.1550422204424,1145.2719916249953,738.88532585225,1617.7231428219511,2793.6251953510837,1466.0745583185187,3040.4383785712635,2038.8237334243909,693.8957606293263,288.18746377319036,619.0457208611913
1934,3,31,1,8747.301155853833,21276.474438991754,8201.118271660533,6247.418418352339,534.8525980550645,1110.0443235613307,586.6759167312572,1926.150303557842,2952.2736467663676,1839.3089018276225,2790.1794129463324,2180.6314046908997,665.6396582272037,352.5169400150373,563.5319969869449
1934,4,1,1,13240.343758921406,21645.407013681757,13759.498157916894,5194.4201532975985,647.1281713472177,2891.3714330023154,5295.078013505205,3369.1579773090475,6986.75337017169,2366.7728597171176,3441.922714398094,2623.1499146146516,807.2804484105536,202.4036441613066,1094.4520990428703
1934,4,2,1,11782.71782091812,19691.39293388214,13915.825638124394,6638.304740695612,521.9781093826962,2559.597627958357,2715.7181739886423,3622.7136947944095,5332.588939013233,2685.818419795282,2978.438354545885,2857.390066478342,849.3300579962284,205.86640336648023,1149.3855400891816
1934,4,3,1,13517.57281406197,17692.412002873552,12322.17863989525,6638.304740695612,532.6431542662123,4572.514036706734,9943.454519902985,3714.3087716712876,14792.896145480447,2935.391180603003,3367.3205761892496,3124.0160960928647,902.5997592461451,209.32916257165385,1111.8605838814856
1934,4,4,1,12179.725283157528,16558.020983742783,12048.8288745039,6638.304740695612,508.3870443463738,10082.755047107885,26272.94680644962,3073.999262288941,24201.66572570624,2779.4412873835217,4080.7666819922656,3277.132278770732,903.6291254538763,203.6619142213255,1118.6692357294899
1934,4,5,1,10899.835046010723,16131.857871150378,11707.588317708245,6638.304740695612,950.813234390811,7198.652815451999,15938.567368606045,3063.8125200942045,15316.679851001056,2852.222315190649,4210.057240242651,3495.71040778766,914.7462804973297,201.14537410128767,1166.794024927797
1934,4,6,1,11204.110838238148,15687.299228518461,11195.727482514669,6638.304740695612,808.1906520852252,4589.382311626099,7108.969632749515,3628.6202932098513,9005.212311124862,2999.703143356207,4263.556781587643,3697.511590297604,989.3238622472109,203.0344568847296,1196.6205622846217
1934,4,7,1,11114.277032913844,14704.160345271512,10372.104986793109,6638.304740695612,647.1281713472177,3844.009588945917,4314.228778920006,7072.423978029799,6916.467145803262,4114.840818502891,5602.174749974446,5428.085477457179,1129.2661981878111,226.32755223580932,1066.0569259949991
1934,4,8,1,10373.389627712693,13565.68143057683,9301.931722287187,6638.304740695612,592.7997400201243,3702.4465524678963,3600.4184942327765,8751.181971144506,7152.043701640972,3878.302478129721,7749.111344149404,7089.852647296879,2261.569026688445,479.0821311188558,922.8044385341155
1934,4,9,1,10294.18132624389,13439.978641970321,8240.423466684093,6905.6318408531215,579.220617923204,3378.221533437589,2645.3516887593555,5608.700408386844,6209.48525499713,2793.7328346620147,5211.5686542211,4549.8972743799,1323.9708163795362,328.6299411956276,840.6750756177161
1934,4,10,1,9600.239328986348,13117.03489237973,8211.301890371245,6905.6318408531215,593.7671181114617,3465.8247291514435,2827.783317131608,4675.885873127496,6235.716477488671,2472.7023374618584,4026.672701298973,3941.202047472168,1099.3631098533208,279.83926134831603,816.4579389310965
1934,4,11,1,9431.680199641442,12162.511278084405,7968.592311100541,6905.6318408531215,648.1074923779573,3497.7905760980802,3204.0950893301483,4116.214272547029,6203.263747098478,2203.015547151074,3884.898916734699,3679.035712498731,1036.468834561147,248.04697116515732,745.5860628770041
1934,4,12,1,10002.462947664088,13164.045691370866,7887.391351381331,6905.6318408531215,944.9850799639922,4111.01294609503,2934.077663866885,3579.3986397479803,6571.089382997744,2258.8584448503557,3892.329408588166,3407.365980611506,993.8530735612184,225.06928217579036,732.2782433559275
1934,4,13,1,9764.83804325801,10478.298305537313,7854.785905509473,6905.6318408531215,1240.8714035798957,3217.3671549247156,2474.461653202452,6390.597073988289,5735.8939848210075,2846.3336683953603,3878.062864229533,3505.744720730151,1009.602376539456,224.12306309065463,735.5278271924636
1934,4,14,1,10836.08202287739,12304.56564894868,7582.9547499259215,6905.6318408531215,966.3390556098082,3574.4899697922438,2244.746725231671,5004.087298123759,6073.536899968755,2393.4371817228002,4311.409149124017,3149.1284242505003,946.1934181434226,209.64456893336663,711.6201746807762
1934,4,15,1,10078.773384444874,10794.08823788968,7450.567706687363,6905.6318408531215,833.414140096391,3899.5537428240605,2136.9631407137617,4467.27166532471,6134.574936920299,2243.309770727919,3757.3916765291106,2904.907051047233,820.4563358694693,206.18180972819297,798.1596870896303
1934,4,16,1,9763.87208836195,11297.921366206585,7670.319478864733,8106.535189000916,760.6458103368858,4258.354065694608,3900.5929847942793,4290.929741617775,7665.822549865058,2320.6561539156733,3498.870003963103,3156.4019738437455,995.9118059766687,199.57169767955594,979.2466149330936
1934,4,17,1,10018.884180895451,12453.773837050332,9621.733081797307,8106.535189000916,737.3690214477971,4180.070358886499,4153.391098395879,5690.1087430690295,8841.26717055259,3113.4400404475396,3723.8058533514222,3679.6197201302994,960.3986718100696,197.68261489611402,1132.2478539036017
1934,4,18,1,9377.779916446892,12963.73880871374,10008.531932824899,8106.535189000916,741.2385338131469,3619.969075652206,2498.940999254468,9720.206522776636,6873.168813806012,6491.406034688624,6654.748503969976,6093.323261421753,1395.9749826101076,250.5668666720248,1366.1792046127425
1934,4,19,1,9443.271658393001,16952.502905710946,9929.921542777687,8106.535189000916,780.053086860635,3365.5470285258043,1950.2499537164217,7880.515123560492,5779.948986697815,4454.066572654868,7846.004957918701,5592.669446355049,1467.9791488406668,283.3020205534897,1343.741601931857
1934,4,20,1,10040.13518860645,19536.05290243356,11207.340381044318,8106.535189000916,1061.4167961670746,3284.747059713134,1637.2307872797173,6225.212318356352,5902.0250606009,3702.834036543819,5525.313742242133,4405.116473352635,1185.0578466466675,241.4368591165228,1395.425459141616
1934,4,21,1,11727.65839184833,17132.370310545968,10714.238843475689,8106.535189000916,1448.5591197324832,3323.5161335609555,1385.9219114607804,5447.595796534203,5538.066848530479,3689.2041349726564,4967.313526013777,4371.031664309915,1114.031578313445,223.4956057540587,1322.1937662538387
1934,4,22,1,12672.362280097106,17121.12859774383,9370.71581357842,8106.535189000916,1351.4630224167574,3403.4773483721156,1147.4577115170143,5238.125559975576,6221.087526483744,4032.9952445052586,5348.8246997384895,4593.485480336409,1299.1116224629134,225.06928217579036,1276.119309714301
1934,4,23,1,14301.928189581347,18171.717757803595,9399.301409959255,6443.29916852721,1109.9290160067414,3262.846260784678,1143.1761528919574,5360.280863436619,5660.142922433484,4103.857499761111,5576.019418650224,4793.587731554464,1286.9651012117288,229.79031144098298,1251.2832046778817
1934,4,24,1,16106.33193523423,18568.243627553504,10666.00064958307,6443.29916852721,996.4113770170733,3184.469359087495,1048.4233989720597,5503.5800771674,5214.380288939152,3917.3395748626517,5860.696422540506,4883.04708239089,1311.3096120244923,222.86479303063567,1211.1276329834652
1934,4,25,1,14174.422143314681,17961.191136235208,9667.291376029152,6443.29916852721,1008.0557429313187,3114.573192294516,963.6299227235345,4662.360618784929,5659.386252553926,3332.444769576252,5099.9923885493645,4483.373495983433,1121.1342051467625,214.68100456026946,1224.706251157593
1934,4,26,1,13278.01599986394,18480.353872918164,9068.780451806322,6443.29916852721,1120.5940608902574,3157.5360361499484,916.2628534997292,4687.784672833959,7944.024842251512,3538.4812428411624,4609.758258024633,4591.255633015866,1207.3436250439806,205.55099700476998,1226.7565838163625
1934,4,27,1,13170.795006412378,16570.284670436213,8857.247038588452,6443.29916852721,1248.6343141893892,3434.697636206316,877.486824734484,4750.531580638397,7354.494931639904,3921.838765672531,4741.248241863724,4987.531356839642,1261.591224191234,217.19754468030982,1211.3984316365165
1934,4,28,1,13463.479339888243,17003.60160026642,9077.71345067529,6443.29916852721,1951.1180096520384,3704.124060470916,807.1203395051668,4771.761093783713,7972.6101488128625,3802.279386356658,4964.460217142008,4904.81463956771,1236.7834985849934,217.5129510420201,1369.4287884492949
1934,4,29,1,14333.804701148018,14691.896658578504,8031.212633172171,6443.29916852721,1796.8152326140007,3949.2266186916036,732.4350647062494,4614.851022834785,8704.225847920365,3639.1837194979453,4783.393991656613,4803.6751360998205,1104.4070042711878,198.62547859442267,1276.699592542252
1934,4,30,1,15413.74227483111,13936.657953049005,8105.356523784853,7744.52974087105,1534.9065715889085,3793.404764187821,653.4496158099568,4418.1356147384195,8806.79665381688,4024.526179451336,4749.273173065438,4841.104716123404,1244.349340211788,196.1089384743823,1201.3788814738407
1934,5,1,1,5941.008992111258,13439.978641970321,5252.424674993154,4316.855297721193,474.1346941493852,1017.9677731727361,1978.0800847793225,2037.8620561974542,3901.4739734641284,2939.890371412882,2840.7067575499277,3249.0468208523403,414.664736290036,108.26491135089434,966.8285624148841
1934,5,2,1,6868.422287722447,12688.827832005158,4928.246146037191,3146.980987984484,451.61031044243657,2113.660083819262,2273.0422431016577,2225.503559481664,4665.206105237613,2723.863047967173,3277.322458859986,3562.8181938156954,575.8789249133268,100.64147248059196,1103.1176559403216
1934,5,3,1,6415.582632496367,12440.488176466028,5407.9481853024145,3146.980987984484,425.71801782491514,2324.3737279777642,3302.943247152262,1739.279226153894,5919.0080956755555,2023.577231321128,3989.5202420315873,4122.032046848321,662.0368765001506,99.52077328046678,1007.835215590287
1934,5,4,1,7766.180768027442,12171.70904310437,5585.2682128520355,3146.980987984484,409.9413948785344,2363.7019711599664,2722.140511926258,1770.8666872450622,6677.695761585291,1961.184041119198,4525.882865982659,4839.67124284589,597.032400482144,110.50630975114218,1007.835215590287
1934,5,5,1,6117.778738072016,12826.794307305097,5981.000062748595,3146.980987984484,406.5615430285494,2089.522607553405,3883.652905016861,2161.5582114190224,6791.280317950969,2168.411476657304,4972.06904079997,5473.213339896931,538.1011850897238,118.79747059996572,1007.835215590287
1934,5,6,1,6386.700581107222,11893.732144722748,5450.737249884896,3146.980987984484,430.22050597842446,1907.3265994464264,3330.121836685267,2309.1375689290976,5622.645726179541,2498.4403554772775,4991.863871097646,5702.5690642965155,548.7036570293176,122.60919003511567,1015.3015213099716
1934,5,7,1,6470.545466076483,10354.639464712973,5306.9159680940575,3146.980987984484,482.0289770922817,1590.37078176258,2767.562264296473,1953.457620869759,4166.896952329065,3012.3405763663586,5200.51208234312,5786.453796831535,549.1668718227949,120.36779163486781,1065.0511024265386
1934,5,8,1,8137.880211992764,11866.138849662842,5001.318076785583,3146.980987984484,484.27424969933026,2107.4160262524283,2431.8322216746615,2206.7565297283813,4308.814591962854,3275.6094033159593,4548.531005152049,4665.690060239964,514.9404454158387,120.81741346964972,1074.4903697612635
1934,5,9,1,6400.22394965057,10275.947475097599,4783.6208943481115,2429.0167761330486,456.124741535348,2152.8951321123595,2086.980597634214,1796.4619470452521,3854.7285897933,3177.9504969129575,3635.8288298063167,3739.4008649622247,466.56023365262985,119.69671426952455,1115.1488532399023
1934,5,10,1,6578.829009913609,11273.393992819723,5352.027612382487,2429.0167761330486,438.1028459819087,2118.1334384940023,2064.3627988105113,1340.9690460528084,4314.615727706161,3063.3534604020806,3135.608118230526,3399.7207897982025,495.7839402900249,107.81528951611493,1155.1496828468448
1934,5,11,1,5905.848233898385,11079.218953509106,4813.903760514023,2429.0167761330486,418.95831412494505,2152.8951321123595,1978.0800847793225,2331.308713705834,3809.664694743695,3168.555127868742,3438.712741917387,3708.3422772831254,566.3058191814641,100.19520603263715,1099.2104182321052
1934,5,12,1,6073.634599326579,10771.604812285408,4638.9956426591225,2429.0167761330486,398.679203025055,2467.2414929026027,3593.25153740386,2333.8767999734027,4839.660549692728,2752.8431299485574,4563.451432793798,4574.584869714563,664.0441406052186,88.98821403139789,1115.1488532399023
1934,5,13,1,5695.559853047857,12009.215194417991,4568.960931526144,2429.0167761330486,390.79686302157086,2626.231973634339,3847.3527340652518,2542.8334192785514,7507.426321742934,2394.4958148545593,5071.815963440984,4651.7269686850905,831.8308324648585,85.62611643102736,1144.395107768776
1934,5,14,1,5053.199847234553,12440.488176466028,4126.509497544674,2429.0167761330486,388.5515904145122,2526.2338576758593,3062.431345257373,2276.6940790820445,9516.38485198598,2155.1785625105695,4970.642386364112,4589.078877298189,789.523881327248,90.77999059686633,1213.0232235547928
1934,5,15,1,5707.3445027785965,10534.506869548415,4767.273506417886,2429.0167761330486,377.2893985610429,2428.845198610984,2590.6222002476648,1902.2671012694223,9923.30509832944,2270.437244728748,4530.697824703719,3693.848269699549,905.4305163174029,93.24619991450264,1247.8015077101586
1934,5,16,1,6244.125638463443,13326.539540057243,5089.933425566052,3590.377990715897,348.0053111541241,2360.0673704867054,2254.892157625822,2175.254671512793,9381.865762285668,2682.311697546385,3615.082896551403,3381.0856371907335,930.0838369924845,106.69459031599224,1355.1538308816223
1934,5,17,1,5763.2732912547735,9353.002854037508,5300.662868885773,3590.377990715897,316.4640082007649,2353.823312919871,2214.03119596491,2147.947354200876,10051.098233544699,2610.5231383002683,3565.9227624488517,3375.9357517123008,946.7081012472823,115.66018391698364,1450.7457554065563
1934,5,18,1,5424.899291200042,11416.470337574872,5316.206286917758,3590.377990715897,295.07420373674256,2437.7919079604953,2123.280768585824,2584.6932254400363,8834.541216067539,2316.4216213887266,3431.52002580323,2937.3460204009793,1021.2856829971633,113.4187855167358,1404.9034119982057
1934,5,19,1,6634.757798389619,10082.283422732839,5355.868801896142,3590.377990715897,278.17494448683766,2633.3147852026827,1742.222050955171,2564.234138175026,7903.921338634603,1934.122731689087,3246.9466081629516,2903.208119755393,1096.3779478509161,101.09109431537136,1333.0257123756528
1934,5,20,1,6206.2602065419005,10179.268744998722,5440.6429611629555,3590.377990715897,265.790116329834,3343.2734500411148,1687.7717945277564,2702.3971793706264,8292.933731161742,1990.8257688079134,3431.52002580323,3107.716974011669,1180.5286353326599,108.26491135089434,1215.963323216413
1934,5,21,1,6300.054426939619,10229.95864999776,5299.858898987532,3590.377990715897,250.02543632285546,3333.3947918010504,1524.4210252454197,3020.5830679233554,6958.168063610421,2007.8300634864775,4094.08212339366,3499.1613619742534,1329.11764741818,114.31467379946751,1092.711250559017
1934,5,22,1,6058.275916480782,11885.556353594075,4536.355485654285,3590.377990715897,243.2657326228955,3219.1378578168096,1465.4099781086718,3151.897879072092,6651.884911249016,2043.6912608241914,4237.6986699375975,3787.024032736895,1376.0052781801808,105.34908019847612,1063.1168263333627
1934,5,23,1,6974.870517257126,8959.33851118221,4160.008243303455,3101.6308549220744,238.7632444693862,2845.8923271423523,1361.0702559631136,3742.215309112306,5146.868520795797,1851.6155119840937,3840.137633809403,3812.932734937561,1339.720119357774,94.36689911462781,1047.1783913255658
1934,5,24,1,5768.682638672112,11100.680405222503,3943.829670673691,3101.6308549220744,227.5010526159068,2305.6415552772623,1352.0417519059138,5510.513910089843,4158.573583653844,1769.7699379864312,3906.655396881666,4052.163497471039,1439.4657048866081,85.84757196158873,1072.5174081462233
1934,5,25,1,5996.068421181046,10473.18843608168,4152.236534287373,3101.6308549220744,233.12617707294032,2185.0473688371444,1519.8602345361173,5780.07736530976,4059.1976061377477,1522.843760008063,3889.2977679119545,4493.3016257201925,1443.017018303267,76.66052283003347,1077.0822997261196
1934,5,26,1,6088.993282172376,9476.559497472423,4199.670758281751,3101.6308549220744,227.5010526159068,1863.6181964785578,1320.3023716636062,6054.776993064857,4171.941418192814,1418.303738248732,4083.025551515682,4805.002426171602,1629.9499216266443,78.45229939550191,906.6725759169962
1934,5,27,1,6184.6228168723765,10466.034618843882,5809.218494497793,3101.6308549220744,210.60179336600189,1745.7266618210863,1311.1807902449705,5610.326863022991,4151.847629168793,1186.5292469684025,4440.105268026155,5496.042729131158,1773.0318245008084,75.76127916047463,826.6709167030948
1934,5,28,1,5291.404324578333,8562.8126414323,6524.573043927106,3101.6308549220744,198.21696520899815,2518.125902327889,2617.8007897806697,5526.7784564511385,3574.25628776817,1046.7235090079703,4318.185757694422,5091.856356479703,1741.2758769924094,75.53982362991079,911.8951213685889
1934,5,29,1,4980.173657100139,11378.657303604128,5342.647963570013,3101.6308549220744,185.8321370519945,2411.0449748010656,3012.5418795392607,4813.620899945197,3888.94688323577,1068.7563110623075,3681.1251081450987,3992.5947190505763,1599.6865551194417,72.39918156010161,938.2399617576905
1934,5,30,1,3906.514790240774,12413.916855296997,4971.74985052923,5126.872323525645,175.69258150204948,1932.3960246028362,1987.2016661979583,4361.552113976163,3752.9144537763427,919.4890394869711,3220.910164708411,3703.6702162305296,1452.0754409312701,77.10678927798827,1150.5847912669485
1934,5,31,1,4053.6297208953365,11079.218953509106,5187.124453260754,5126.872323525645,167.81024149856532,1781.4203043300274,1760.3721364310068,3898.3549541809275,4836.381646881255,936.4933341655353,3423.7923142756395,3832.629719602436,1395.6661727477895,84.72687276146604,1183.7382835040382
1934,6,1,1,4745.63980836109,10107.628375232145,2377.2496590175874,2680.590672174047,165.75605592188958,677.4895654908336,552.2279852717713,1824.1116758594883,1530.911315220468,1851.0861954182292,1834.4992727201002,3204.768424058532,748.6065745700572,55.83363679659255,1400.3772059401574
1934,6,2,1,4591.2802159865705,10224.848780542128,2325.0809456226316,2680.590672174047,156.34501967530076,492.562947134452,565.6962794684229,2179.1924037897247,2777.7351278802,1451.915340181492,1831.2298563045788,3321.62304197605,705.0643839831741,39.28822435404363,1471.6359372128948
1934,6,3,1,3820.9311864587376,9181.720029887596,2844.2668398887827,2680.590672174047,149.2986854297613,668.7292459194388,565.6962794684229,2322.3204117693017,2155.500263585238,1307.0810948452865,3321.073194893229,3318.01281298086,681.0801513431112,40.472675903876265,1342.2715521010389
1934,6,4,1,4362.445501133713,9902.416017897396,2956.1973157173197,2680.590672174047,135.18213105986783,682.7550767225622,565.6962794684229,2213.5191568996647,2580.496512607123,1206.0477953348532,3661.449165717105,3349.1775838656904,702.5939050846289,41.653772066881814,1319.4084086796602
1934,6,5,1,4106.1776672356345,9628.731409858536,2874.5497060546936,2680.590672174047,131.65896393709806,636.2974245275254,413.0494067487901,2068.251077030418,2969.508905134183,1322.9605918214029,3229.82675493255,3275.9111719047296,674.6980808552066,40.177401863126136,1216.3114929131932
1934,6,6,1,3294.3891726710344,9230.979171438903,2273.7162021259164,2680.590672174047,128.13579681432833,597.7333794356172,680.1814340081628,2020.9982897070138,2684.664732693809,1326.9966306361653,3397.2803193424265,3197.494874465335,590.547393373451,37.221306068785175,1068.1846296974975
1934,6,7,1,3900.9122518440886,8017.896162693182,2455.5027291099755,1714.7919612183186,122.25987062990114,572.3191331896992,805.8917183344927,1958.6793962804754,2557.0397463406557,1157.2183421333375,3389.2553881406593,3269.69945436889,588.5915975787653,38.40240223179072,1029.576478877628
1934,6,8,1,3146.984455547451,9874.107341113628,2614.5994389668394,1714.7919612183186,114.02760250201226,572.3191331896992,862.0173672673806,1943.613290177385,2136.751665458227,1069.153298486706,3177.6944240886014,3176.205141714351,591.5252912707997,37.81185415028794,918.9745718696284
1934,6,9,1,3371.182586899685,10318.870378524398,1586.2326091678842,1714.7919612183186,106.97410249283354,536.3831839691909,752.0185415478253,1988.72600561112,1919.9237077476068,853.5891270361434,3062.848742001345,3059.2974321939682,471.66074321192355,34.85911374277658,813.982065531834
1934,6,10,1,3690.8170619729067,9404.305943370984,1710.7586134016758,1714.7919612183186,103.44854678217725,638.9255203989253,940.5467370927458,1879.9247507414825,2088.2407187350427,698.3008795240227,3475.1518739668445,2597.9844948541504,471.66074321192355,33.67801757977104,761.8726675815816
1934,6,11,1,4386.690969022402,10908.549313694053,1771.4136757221813,1714.7919612183186,97.57023200987373,675.737501576567,1117.9521879486404,1622.9449182326675,2024.00785340316,658.0066559471778,1891.9221137637282,2273.8071677282455,471.66074321192355,33.67801757977104,764.1164278496573
1934,6,12,1,3606.1994130867643,9014.831693469447,1338.8778704852846,1714.7919612183186,92.86829676840405,659.9689263480749,1162.8154761503947,1388.8210535053147,2391.0768194228685,619.6841365781698,1929.4906805748674,2355.408961339858,425.66866105064815,31.018202442231093,696.2620225009302
1934,6,13,1,3974.5180149162065,9635.06764798347,1762.1233568983912,1714.7919612183186,90.51673200069501,605.6269865387767,1131.3553279923021,1267.864190302431,2071.762130246786,666.9388729962175,2473.878235727706,2302.90136610113,425.66866105064815,30.722928401480953,658.7757518150986
1934,6,14,1,3195.5719868143337,8774.05464472455,1475.999403124421,699.0205860932177,105.79891725594811,541.6486952009504,1279.5344873640681,1000.0983954698204,2363.7526293275564,653.0310802279971,1940.250032778722,1929.401939908715,425.66866105064815,26.587078598867286,649.7620252208831
1934,6,15,1,3567.8510037171914,9065.930388024919,1518.0738277974363,699.0205860932177,96.3950467729883,507.46480989473963,1275.0667740162014,811.1043667513276,1958.2616483121608,602.2630051039739,2075.0094330332818,1881.088581296793,497.5904779845956,26.291804558117146,680.9038703210844
1934,6,16,1,4430.641916788492,9072.26662614985,1441.5180274901218,699.0205860932177,86.98998199610054,520.6052892518007,1304.1999881388942,855.4894577425908,1895.7102716015015,563.4376349974123,1940.7850281921556,1701.3204139780466,513.7360869528075,25.700920937932416,678.6214245311281
1934,6,17,1,3120.420695908618,8225.86784953354,1254.7290211393442,699.0205860932177,85.8147967592151,447.86667834257986,1277.300630690135,819.6988954601234,1518.3842249921888,494.75219411871745,1769.5270519533242,1624.4437730218478,513.7360869528075,23.337386457190984,632.1601127729454
1934,6,18,1,3867.20042597514,7403.0766698022235,1784.0092041274359,699.0205860932177,84.63961152232967,478.53711633132855,186.32226207937163,738.0851138765735,1856.5315867263357,425.56390250240975,1837.7092452008071,1556.9112541708887,513.7360869528075,22.746838375688217,614.906370021788
1934,6,19,1,2978.521921692048,8729.292188294014,1693.0712756411094,699.0205860932177,82.28804675462064,460.13112574253864,116.72831894980148,725.9123849682459,1517.6275551126305,520.1329234521753,1857.0285240198102,1533.5509489079582,354.72474201404947,21.860345176068886,539.8951431282763
1934,6,20,1,3268.5015814592425,7219.734553737307,1244.634732417404,699.0205860932177,79.93767628084976,458.37906182824116,116.72831894980148,720.1855525915478,2368.460797467013,460.90239973130707,1841.9892085083814,1690.4366353896119,308.7326598527622,20.678913474381382,505.03948792918135
1934,6,21,1,3031.8426319490604,7621.98347727771,1201.6670078575548,540.1519094282452,75.2345467454419,443.4865185568826,35.91762299620918,726.6314491231772,2461.5311926534037,460.90239973130707,1827.4848884104383,1956.4255657697006,303.3490745863475,20.38330389494679,472.8144482168068
1934,6,22,1,3313.128697652542,6926.939033934646,1052.7539167113146,540.1519094282452,68.18224103019114,415.4348569506665,78.56939309074409,725.9123849682459,2639.2645399199905,398.19161958985217,1649.806967210193,2008.3491533768602,273.5026013932839,17.133947291954943,379.4392040946561
1934,6,23,1,2940.9462762391904,7196.944535965605,1293.4089062421215,540.1519094282452,62.30392625789784,432.0887836251899,2.2448398025930913,749.5387786299264,2474.058282881762,344.4329058686999,1737.308439276679,1936.6754895019599,251.48445820998305,16.54306367176772,400.04698159140315
1934,6,24,1,2940.9462762391904,6835.676765458412,1379.2550253732259,540.1519094282452,58.777176253303374,443.4865185568826,13.469224970281386,677.9490937774942,1498.038212675008,300.13572576245195,1402.2824225872973,1619.7717119693002,235.3388492417713,18.315378993642447,350.1929495657825
1934,6,25,1,3403.252289445698,7072.876905584832,1109.1211395746582,540.1519094282452,54.07524101182347,452.24683812827726,13.469224970281386,705.1536876386631,0.0,289.18548930600144,1611.1684095721344,1516.9332772095697,225.5547234373229,16.54306367176772,343.4423260005911
1934,6,26,1,2234.9298427822264,6316.718423553461,892.8443039574224,540.1519094282452,51.72367624411443,472.40489263136465,24.693423983246827,680.8167901095919,0.0,305.60753576213824,1550.476152112985,1452.5331629279146,225.5547234373229,16.54306367176772,324.6953221054871
1934,6,27,1,2919.0191001009816,8668.178149605706,1011.4834619365396,540.1519094282452,50.54849100722899,482.04124415989264,24.693423983246827,674.3708935779624,6111.202245084804,275.25123070946995,1551.0111475264187,1496.1213688844232,225.5547234373229,15.952180051582982,335.5698223013456
1934,6,28,1,2839.0380347154633,7142.166735402232,1051.0566469262405,438.89381407989896,48.196926239519954,471.5288606742313,24.693423983246827,748.1092106076478,1432.2920075839295,250.8563534799453,1546.7311842187921,1489.3787353198811,225.5547234373229,15.36129643139825,334.4440736151117
1934,6,29,1,2946.4522191462024,6298.425090902529,1448.2177766418242,438.89381407989896,44.6701762349357,449.61874225687734,24.693423983246827,701.5754874391747,906.3223668557775,242.8967556206834,1400.14244093351,1519.003849721468,210.87596131512234,1.772483091214005,334.06882405303907
1934,6,30,1,3292.7470493477636,6450.80139806707,1086.4313224474633,438.89381407989896,41.1446205242794,444.36255051404675,4.489679605186183,711.5995841702925,1611.538694609633,263.7981435154659,1352.34951733195,1493.0420559179365,188.36886918314713,4.726733422795907,347.56620263124194
1934,7,1,1,2046.4720425804016,11178.350420946583,565.1551064459952,380.5512657032743,19.757204648143645,123.3247966894898,82.3371646807991,1933.5121508582276,1414.3841537676094,374.9480058910861,889.9351483066607,1079.1930115440962,229.81629953730624,2.22569518989886,384.51474456316697
1934,7,2,1,1672.164520395916,10267.771683968926,509.09160554412097,380.5512657032743,19.757204648143645,116.41905541033363,0.0,295.9377011879094,1618.9372445431102,349.7062221561722,888.7462696101122,1003.9091186740545,206.0791147871026,6.398722678551984,365.37701689725435
1934,7,3,1,2379.1469087489413,8137.3649105637605,542.9923362519334,380.5512657032743,19.757204648143645,71.77683965413848,97.38684324789672,347.77880264272216,1292.2240054335502,313.9972033311578,837.7433735278979,843.5724780058074,197.489053783621,7.511704488972078,368.56470389881383
1934,7,4,1,3163.0193068204576,9569.35472678539,611.4280405873986,380.5512657032743,18.898507305332885,53.52368868335799,102.70156058465899,304.7119959354923,593.5570758594548,311.53588129986355,931.7242344906119,828.8130124079036,178.80091028231672,10.850314381557874,342.1773094356514
1934,7,5,1,2802.041962200309,8626.992601793647,428.26583177739974,380.5512657032743,18.898507305332885,58.70346061716848,174.40835981834232,354.9608839044076,619.4351857405726,313.9972033311578,1040.2094155513214,824.8842337954727,171.22477499344555,11.962960653298499,366.5337140009605
1934,7,6,1,2802.041962200309,9607.372155534562,266.6053512451699,380.5512657032743,18.03861566859418,59.44342803628427,84.10749609489045,311.08941016662317,1017.3006158584885,246.88647923590133,1356.3322609654526,1009.3244621668151,160.61715622280752,14.745247410013983,354.35551171831406
1934,7,7,1,2857.777559697139,9015.342680415306,200.11704066325382,380.5512657032743,16.321220982982876,56.730524815821965,188.57473422562296,308.70108993779854,526.4404575421294,309.0679428114916,849.9293801675583,783.0480507337178,153.55055720675176,6.120561110616827,343.0477336775862
1934,7,8,1,2448.9854477269905,8172.2142202504665,277.039093924179,451.94192253994476,15.462523640172114,45.384047073115234,69.94205246123185,234.51763795504598,612.1543400104907,177.31443310938033,919.5382278508993,834.2283559006642,106.57543031709532,3.0603141091758626,362.7657441714499
1934,7,9,1,2952.4411395012457,7722.64790555192,381.983964637119,451.94192253994476,14.602632003433406,31.07863160280121,69.05688675420161,323.0566921735419,412.4187141348951,230.88126957542593,825.5573668881851,856.8453787233816,151.527852608575,3.338509230979713,355.51607737421637
1934,7,10,1,2891.392790076582,7728.984143676853,533.2107024904296,451.94192253994476,13.743934660622644,23.185956448562404,75.25397747715878,275.19612443345125,371.9873202367984,235.8039136380144,717.0721858274758,752.5734706861869,135.8711925890257,6.676884246484647,362.7657441714499
1934,7,11,1,3260.387560333234,7713.143548364521,455.636540312089,451.94192253994476,13.743934660622644,27.378794507249733,76.13914318421988,266.4218296859117,485.19354166273706,185.93567667597307,867.8814484855701,749.1225164995934,127.79066785837139,0.834618919277939,357.5470672720534
1934,7,12,1,2873.7158154804724,7382.841586758125,430.2221585297364,451.94192253994476,13.743934660622644,28.11876192636462,84.99266180195153,310.2933034236961,183.568112782236,166.23186751146372,884.7040820418478,833.6974398719613,127.79066785837139,5.8423995426816715,354.6456531322815
1934,7,13,1,2997.551233142576,6828.829540388042,196.20438715858046,451.94192253994476,12.885237317822105,25.65189321301822,71.71238387535404,359.74608464964086,131.0047784818104,193.32625922693347,1025.1106561050258,735.3717913561818,117.68743852951648,5.007914838876203,350.2974004748199
1934,7,14,1,2997.551233142576,7161.175449776607,195.55227824116486,451.94192253994476,12.885237317822105,121.60069124191756,54.00627741348193,363.7351786519471,657.4368285809137,153.30331039009866,856.8843205424057,758.9444630305742,118.69621741309467,3.6167714605184607,408.01619909529353
1934,7,15,1,2122.5892883820106,7532.66295919464,336.3542064143438,215.0471485164803,11.167006626458173,121.84299795348477,79.68073678602462,291.9486071856032,404.33075386662296,157.610623944871,960.7328746865501,725.4967532223357,113.64717616418338,4.173094596388773,358.4174915139883
1934,7,16,1,3095.7888460615727,6132.354333597672,443.25540387962053,215.0471485164803,11.167006626458173,109.51331413120832,79.68073678602462,256.8514281954017,155.26025184344212,140.9900837765498,946.2285545885547,731.3899211409337,105.05711516070173,3.338509230979713,323.90613745947746
1934,7,17,1,1810.1994750287445,6834.041607232676,480.40774617581326,215.0471485164803,10.308070424863867,36.2584035366117,73.48364606306744,338.20840115221216,500.5623476610118,174.8531110780861,973.4538767396965,738.2918295140722,100.00807391179042,0.0,278.96129815835366
1934,7,18,1,2294.1428779046087,6650.4950963897545,572.9714804562849,215.0471485164803,9.449014793881988,30.585630639710992,73.48364606306744,268.01404317180925,302.44095086179675,137.91343123740978,864.9686956789872,626.6401886778533,95.9678115464573,0.0,315.789914972489
1934,7,19,1,2293.2735184982203,6916.412702855953,497.36257802915804,215.0471485164803,9.449014793881988,53.27765417624388,75.25397747715878,310.2933034236961,77.63096666604626,273.97425449432296,747.8047001334484,737.8140050882347,94.95903266289103,3.6167714605184607,315.49977355852155
1934,7,20,1,2439.3258987673844,6481.562812189441,314.8435451377873,215.0471485164803,9.449014793881988,43.16414481576788,38.95473729914018,295.1330341573983,517.5453827356671,213.63878244221084,584.197158306928,763.8819820975455,92.43193862291925,0.5564237974747164,297.5187429963151
1934,7,21,1,1895.2035058730771,6471.036481110746,195.55227824116486,215.0471485164803,9.449014793881988,41.684209977536305,46.037924502780506,290.34783341216496,101.88980300482623,177.31443310938033,743.1680732168834,717.6391959975222,83.84702445046987,0.2782118987373582,268.229934393397
1934,7,22,1,1919.0625918034082,7204.507142759838,331.78944399225486,323.7442569198473,7.7310229613029,40.451241595305575,44.2666623150671,291.1525004426761,551.5030454418722,151.4573188666206,785.4921548142684,735.3717913561818,82.8330987358475,1.3910427167526553,309.9870866929614
1934,7,23,1,1914.6191992819624,6609.309548578117,335.0499885794227,323.7442569198473,8.590078592289439,41.684209977536305,49.57951810461609,284.76652592396124,153.64602276706154,318.3045168859301,749.5285742434304,873.0914092017115,82.32870929406435,1.3910427167526553,365.0868754832707
1934,7,24,1,1976.5369081130143,7807.062948957365,537.7754649125186,323.7442569198473,7.7310229613029,55.250589977590394,49.57951810461609,380.48766140409896,220.76264108438696,226.56733956357587,978.6849430045618,867.1451496801998,84.351413892253,0.0,459.313201086424
1934,7,25,1,3232.085081881625,7807.062948957365,565.1551064459952,323.7442569198473,7.7310229613029,57.717458690938585,53.12018093279877,386.0689688923028,89.75786260249733,155.76463242139292,488.4745900537666,812.0891575037361,76.77527860336993,1.3910427167526553,367.4041382428953
1934,7,26,1,2873.7158154804724,6503.73964562628,469.98293649568143,323.7442569198473,7.7310229613029,85.5892541613067,50.464683811646346,320.65981165713316,183.568112782236,171.16112803112995,849.9293801675583,734.3630509016414,78.7928363705263,3.0603141091758626,315.49977355852155
1934,7,27,1,2242.850672929056,5488.612979588084,269.2137869149222,323.7442569198473,6.872086759710351,141.5816754558172,69.94205246123185,342.1974951545184,405.13786840489246,140.9900837765498,818.5429825785233,790.905607958483,75.25696344697631,1.11284759494943,275.4796011906306
1934,7,28,1,2448.9854477269905,6167.101445895376,345.47479825955446,323.7442569198473,6.872086759710351,113.21315122678725,37.18440588504884,256.0553214524747,381.6895095814511,185.32034616815687,465.8502284583117,816.4957605419562,79.29722581230943,0.0,294.0409145807882
1934,7,29,1,2679.075903944594,5586.72247313469,543.6444451694389,157.83437538459387,6.013031128723812,110.743486666748,41.61116519391468,307.89642290728744,440.7181676305836,133.59950122558936,556.9302254014373,738.7696539399097,28.285439339038913,1.3910427167526553,278.3810153304025
1934,7,30,1,2324.2806706584993,6129.186214535206,541.0360094996865,157.83437538459387,6.013031128723812,111.23741957874968,33.64281228321326,308.70108993779854,125.33816182818843,195.17225075041156,677.006973753559,738.7696539399097,122.73647977842779,0.834618919277939,267.65352011762576
1934,7,31,1,3018.8022408535753,4509.255399738887,579.4925696307105,157.83437538459387,6.013031128723812,125.05822162596014,31.87248086912192,278.3891116928304,30.729204553413496,297.37004670575885,716.4777464792278,906.0082029812471,79.29722581230943,0.0,277.80073250245135
1934,8,1,1,2199.865680058859,7039.867148901865,150.71755691766265,28.443285210205392,0.6164109312124062,44.12591607081944,22.92402334275862,83.4662278112379,290.9311612492618,54.501080204807955,607.2792382005894,505.5063875690409,66.72866441595353,0.0,275.8780620658316
1934,8,2,1,1737.0766894044893,5212.475634210623,145.98306751708427,28.443285210205392,0.53935508620858,21.90918646847757,28.018147332970056,61.96192943529581,0.0,23.43549095389573,760.5851461214091,326.93809047515043,43.82217819537761,0.0,299.8979025909326
1934,8,3,1,1953.836968057923,8800.523768504157,91.38457842983308,28.443285210205392,0.53935508620858,7.16659377361632,33.11227132316835,62.69040990653045,266.5495762411294,0.5450108020480796,795.8948434091322,440.8620519142046,152.88146917173304,0.5229034830757991,247.61828834447002
1934,8,4,1,2163.0627985227165,8312.940025056016,93.46596716627256,28.443285210205392,0.53935508620858,6.04042673424806,6.792227371856215,57.769956617868885,225.66418041534527,30.521054833753226,568.8725119083693,410.1273230125606,0.0,0.0871528174371841,296.3659144447889
1934,8,5,1,1904.863054832683,8470.630596454193,170.62921139670578,28.443285210205392,0.53935508620858,4.29991898621415,17.829899352547155,68.52253382022131,268.1217681019834,21.80056441106465,586.5392493391467,409.0708001154653,68.2212454171619,0.3486246912960443,285.4179117573814
1934,8,6,1,2289.409698914311,6911.711622957178,222.00288789229836,28.443285210205392,0.4623111841441539,4.811838511805833,23.77288887885817,82.37307908998285,96.71081805139227,13.080073988355851,259.7046068690853,460.4687808541844,141.42462327972012,0.4357640871859205,276.2339688669719
1934,8,7,1,2666.4218948074663,8282.28080832307,170.05749946909623,28.443285210205392,0.4623111841441539,27.028381724394347,32.26340578705948,64.51289512778288,73.91151383583284,0.0,463.31197244118476,533.5706088462863,141.42462327972012,0.4357640871859205,301.313792691134
1934,8,8,1,2000.975566980714,6347.990824621268,165.69819602100603,80.85053547020021,0.4623111841441539,20.37333469681348,28.018147332970056,59.5924418390779,430.88986663935106,11.445147445524796,338.75909579652824,512.9285936503093,141.42462327972012,0.4357640871859205,275.5260238168712
1934,8,9,1,2036.8124936207953,7084.016420997964,169.86990649285215,80.85053547020021,0.4623111841441539,15.561682574785761,33.11227132316835,60.867924685321434,35.38356505704413,11.990343508370936,435.4862665482718,560.5942347072239,141.42462327972012,0.4357640871859205,298.8379192918715
1934,8,10,1,2230.969427708811,6880.950208834809,134.98654590934296,80.85053547020021,0.4623111841441539,22.83088392125413,10.1882479804229,68.7048679452098,188.7134679632487,1.6350588719725319,620.5352356671694,542.0652653055338,58.76136996814047,0.4357640871859205,231.72627596291358
1934,8,11,1,1550.4542035051136,7451.313837462237,124.74932920554517,80.85053547020021,0.3852553391403287,18.735900496076958,24.62175441495772,69.79801666642142,323.9555977706968,13.625270051201989,431.95529681950467,565.9033949942535,8.963720936893985,0.3486246912960443,250.44619999270913
1934,8,12,1,2722.9302562211788,7658.365747801148,170.62921139670578,80.85053547020021,0.4623111841441539,21.39754652755308,34.810002395355234,63.96674878153674,9.435673398165841,24.525883079587977,587.8648490858413,555.8690820517627,114.03833532312525,0.17430563487436845,236.6702856570787
1934,8,13,1,1579.6260413631107,7321.72754806982,174.04161696460844,80.85053547020021,0.3852553391403287,19.042511681075432,28.018147332970056,65.42456575276876,165.90407481597032,13.625270051201989,494.6686480628125,602.4835093718925,11.453243110283752,0.2614584523115538,272.34607391968797
1934,8,14,1,1542.919755316641,7837.415573523301,191.8629497082449,80.85053547020021,0.3852553391403287,43.81837293693452,42.45165376748661,80.36825974378536,254.7623410061188,0.0,620.5352356671694,634.8162955199078,0.0,0.3486246912960443,258.9221978330179
1934,8,15,1,2508.9712467660875,7177.527032034374,192.80984758843246,162.35347636347817,0.3852553391403287,50.063362452655234,15.282371970634367,69.25101429145596,139.17681318113574,7.630098297016521,454.91848884348497,624.1979749458486,105.07255565381048,0.3486246912960443,253.27024308873584
1934,8,16,1,1778.5161544412565,6031.383313156032,179.9195302204059,162.35347636347817,0.3852553391403287,50.16587683062716,40.752991921677655,70.5273531664188,290.9311612492618,0.5450108020480796,448.29643450369207,518.7580516454689,16.931015384698245,0.17430563487436845,245.85422854748816
1934,8,17,1,1858.6904108057859,4650.083401933439,131.94932629392846,162.35347636347817,0.30819949413650355,45.76428222044253,28.867012869069633,67.79319732022392,37.74185284835259,5.450108020480796,414.7284445064162,572.274387338689,29.878898228606293,0.0,220.4223664743657
1934,8,18,1,2262.0731753585956,6433.427841918008,101.23767618226543,162.35347636347817,0.30819949413650355,36.242560405475636,31.413609477359397,58.86396136784326,392.3585548832952,0.0,523.8199537023679,558.5236621952774,34.858457258492436,0.2614584523115538,196.0466191481244
1934,8,19,1,2213.9686215399115,5820.243507252783,150.71755691766265,162.35347636347817,0.23115559207207748,29.075873436982935,18.678764888646704,56.85914202164576,203.65349436315185,0.0,207.1442796943375,385.22736126643497,27.88655993355456,0.0,231.01833091281287
1934,8,20,1,2023.5789115461316,6921.011585366148,157.35477507731372,162.35347636347817,0.30819949413650355,25.39001557476724,31.413609477359397,59.410107714089406,0.0,0.0,349.80377888751264,507.0991356551498,27.388861372116967,0.2614584523115538,203.466502241552
1934,8,21,1,2217.7358456341476,8461.22843665622,177.06990358123548,162.35347636347817,0.30819949413650355,28.56423349605844,23.77288887885817,82.00841084000588,283.0617945018073,0.0,433.2808965661993,492.2600326529236,26.890648127574952,0.0,204.87852378957348
1934,8,22,1,1731.3775555182979,7807.982725459235,177.8292084850891,5.755807063628251,0.30819949413650355,25.902587464582318,35.6588679314641,64.69522925277137,338.1053245185411,13.625270051201989,655.4288254110876,493.3218647103296,28.882471739522263,0.0,213.3545216298822
1934,8,23,1,2628.6530583754297,6259.794477818918,164.9388911171524,5.755807063628251,0.30819949413650355,26.41422740550681,21.225361496945382,28.0649027608307,220.16571262382976,12.535539571217074,461.10660245906,486.9614906864671,28.384773178084664,0.0,182.97864986259466
1934,8,24,1,2244.106414293802,7225.559804916381,112.42179076625081,5.755807063628251,0.30819949413650355,26.004169893654772,25.47061995105727,34.62550714573254,290.1408615972821,0.0,452.27323374367137,517.6962195880628,26.890648127574952,0.17430563487436845,204.17057873947277
1934,8,25,1,2156.494305230305,4992.035865898404,106.54387751045334,5.755807063628251,0.30819949413650355,27.745050421244887,28.018147332970056,16.766179212250407,0.0,0.0,491.57756345178666,400.5920711371016,28.384773178084664,0.0,190.04262615488196
1934,8,26,1,2476.032184813854,6826.1724082710125,203.8063691961738,5.755807063628251,0.30819949413650355,37.67589779918574,28.867012869069633,3.6447992366955924,257.1164250758471,0.0,438.57735115935,391.05151010128384,26.392949566137354,0.5229034830757991,175.20672852020664
1934,8,27,1,2238.5038758972837,5269.910566891026,209.68428245197126,5.755807063628251,0.30819949413650355,46.58253334638278,33.96113685927722,50.8446839829664,379.78101999638415,58.31612935330956,461.54648757680127,423.90459395742903,24.40112595417813,0.0,175.55876676916705
1934,8,28,1,2211.1673523415684,6939.7137075735145,197.35674401267687,5.755807063628251,0.30819949413650355,38.39256649600992,36.50866424116418,61.414927060330335,276.77302705831215,0.0,514.9865849869791,438.21278093095225,24.40112595417813,0.2614584523115538,160.72286913447553
1934,8,29,1,2141.42540885336,7713.143548364521,177.06990358123548,153.64147711724848,0.30819949413650355,28.66674787402145,31.413609477359397,65.60689987775726,0.0,8.17529435986266,294.15236710173895,393.1751742160957,24.89882451561573,0.2614584523115538,141.64703830353963
1934,8,30,1,2010.3453294714677,5442.2153649318125,182.94781683703295,153.64147711724848,0.30819949413650355,26.720838590505288,33.11227132316835,67.06471684898928,501.65531526486234,0.0,376.74377015147223,476.8953227822569,22.90700090366842,0.17430563487436845,106.32328828989075
1934,8,31,1,1438.3068400840764,6008.593295384329,113.36868864643839,153.64147711724848,0.23115559207207748,25.287501196804236,20.3764959608458,58.681627242854766,47.177526246518354,3.815115313078994,191.6829122456326,246.39812892094454,15.93510357873055,0.0,132.46309541311393
1934,9,1,1,2165.18789929385,8192.65369807257,308.7869719046231,255.313292977705,2.1847219043009614,61.85810761175977,73.76567046814833,164.7512943525422,613.0623438660241,130.9132196537997,541.7839108073216,212.0903351461407,41.66102384225498,0.55266576422879,193.29607854361421
1934,9,2,1,2004.453004606266,7591.52865532235,365.1095297735803,255.313292977705,2.1847219043009614,64.99038783297704,52.455608572317246,145.99570431171827,111.32295417010857,148.3343511279956,394.72556043689116,213.6565374308409,43.1139742444707,0.27632617134074083,187.29208555038804
1934,9,3,1,2463.9577486142625,8613.91133598777,357.69514071232095,255.313292977705,1.4564414597359774,67.86079041594414,111.46944802990063,134.59340128365247,776.065850810341,100.82818934114144,305.72015681926746,213.6565374308409,94.94873900081456,0.828981869409052,184.71949834646432
1934,9,4,1,1194.1134423854216,6801.645034884573,417.97501708033803,255.313292977705,2.1847219043009614,69.94928787970761,57.372885575849175,132.02531501608416,636.1239603064622,132.50116935139357,263.15235508904954,320.74760958045755,77.99507755953377,1.1052979745893141,175.57037242572312
1934,9,5,1,1881.4869463505506,7451.109442684231,466.88318588812575,255.313292977705,1.4564414597359774,68.90550512228467,81.96206291431334,134.59340128365247,636.1239603064622,110.32942169851226,514.1424811124272,343.7362736232815,64.91183305930633,0.27632617134074083,202.44907301653538
1934,9,6,1,1898.5843480089559,6689.023512084363,491.59186075979864,255.313292977705,1.4564414597359774,70.99307063716141,73.76567046814833,141.5785959314695,636.1239603064622,126.1626034751143,408.5462752843645,308.7329798509157,58.13345658142769,0.828981869409052,179.85672824820813
1934,9,7,1,1269.7477107391678,8178.039471429962,354.7293850878351,255.313292977705,1.4564414597359774,72.55967672219798,85.24024758332433,124.66346771569854,636.1239603064622,78.1271251223955,436.18770497925885,339.5579644774069,55.22549704459049,0.27632617134074083,187.29208555038804
1934,9,8,1,1570.4494698513674,7159.949081107306,347.81524396325665,232.47910317259058,1.4564414597359774,82.21653112632653,85.24024758332433,126.13583717576697,756.1906553071374,128.8025698473893,715.9427510657416,267.98517464797527,48.443003101876485,1.381614079769576,159.26829351239337
1934,9,9,1,1973.2526614666408,8077.068450988322,366.5924075858681,232.47910317259058,1.4564414597359774,14.616686399744884,85.24024758332433,141.5785959314695,243.3198109385056,63.87395329494742,351.0521015189277,209.4782282849664,48.443003101876485,0.27632617134074083,211.88447179908025
1934,9,10,1,2275.78973488129,7540.327763377876,433.2861771417829,232.47910317259058,1.4564414597359774,21.663151961366328,49.17742390330624,153.34899132451983,742.6714867922716,163.6448327957811,235.51092539415515,263.28656779397085,46.020904415087145,0.828981869409052,163.55851788707454
1934,9,11,1,1840.8202452306657,7745.029133767189,517.7744804447921,232.47910317259058,1.4564414597359774,70.21023356907106,50.81651623779632,161.43846306737737,742.6714867922716,159.4235331829603,67.9979170494642,317.6152050111053,45.53658761435254,1.1052979745893141,197.58630291829542
1934,9,12,1,2058.3532878008145,7222.902672799773,425.8807210794009,232.47910317259058,1.4564414597359774,93.43719576883147,47.53833156878532,153.34899132451983,742.6714867922716,183.70593064225199,199.0242381968779,232.98719003592018,45.53658761435254,0.55266576422879,185.86458979361427
1934,9,13,1,2004.453004606266,7006.3464052738855,343.86685846316385,232.47910317259058,1.4564414597359774,66.81700765849033,106.55496334720408,139.01050966390122,742.6714867922716,122.47062042815813,172.48846568972905,299.33045698259633,42.62965744373609,0.27632617134074083,163.55851788707454
1934,9,14,1,2571.7583150033597,7674.8195274479185,269.75869984589974,232.47910317259058,1.4564414597359774,55.071655790598314,62.291093352972325,155.5575455146442,120.0666950005959,155.724933678956,190.73180928839386,242.38971290423956,40.69187555768136,0.27632617134074083,189.00972272112924
1934,9,15,1,2064.9217810932255,7910.384509348604,367.57503746147506,97.89263810522144,2.1847219043009614,54.288818722538835,72.1265781336274,146.73188904173077,527.1887199785825,167.86613240860189,158.1149222484091,242.38971290423956,36.81682646868821,0.828981869409052,157.55452489384834
1934,9,16,1,2059.2226472070347,8194.084461520299,191.69322272975546,97.89263810522144,2.1847219043009614,53.24503596508502,77.04385513715933,155.9256378796722,69.17812336700335,134.61181915780398,67.9979170494642,213.13623972271103,38.75460835474295,0.27632617134074083,184.4332254846606
1934,9,17,1,1037.2423672815794,7834.247454460835,211.9532641646548,97.89263810522144,1.4564414597359774,82.21653112632653,52.455608572317246,152.24471422947937,126.43112943203897,120.35997062174773,196.81292382128214,213.13623972271103,34.87904458264539,0.828981869409052,154.12311910454588
1934,9,18,1,2470.5262419068417,7228.727923978847,387.8350788963744,97.89263810522144,2.1847219043009614,60.814324854305966,59.01290868396132,153.34899132451983,1020.9998908253062,105.57880551982684,205.10535272976614,288.3617318296249,36.81682646868821,1.381614079769576,156.12316058489463
1934,9,19,1,1613.048080763207,4704.043623383945,471.33181932489936,97.89263810522144,2.1847219043009614,125.5428350490637,11.474577115170266,121.3591967180743,1020.9998908253062,110.32942169851226,228.87698226736796,288.3617318296249,37.78546007016933,0.828981869409052,185.0057712082518
1934,9,20,1,2168.955123388086,5239.455744935664,362.635089086898,97.89263810522144,2.1847219043009614,110.14703937680528,83.60115524880341,125.03156008072649,1020.9998908253062,96.07757316245602,186.8620091311013,253.88404492565152,34.39472778191079,1.1052979745893141,178.7155053532219
1934,9,21,1,2307.9560329168085,8921.116687655032,354.2380701500316,97.89263810522144,1.4564414597359774,120.58486695121987,62.291093352972325,140.11478675894168,85.08332423538278,99.24023964354755,254.8599261806179,251.27193806442907,35.36336138337999,0.0,177.57041390607188
1934,9,22,1,2514.090807714575,9424.234434247652,238.62719878745182,279.88192646838706,2.1847219043009614,84.8269199688169,19.67096956132447,155.9256378796722,242.52110384342063,64.92927819815262,202.8940383541704,233.50748774405005,34.39472778191079,1.1052979745893141,162.13102213030078
1934,9,23,1,2297.5237200404877,9491.582513671887,274.19840028379605,279.88192646838706,2.1847219043009614,53.50598165444847,49.17742390330624,158.87037679980907,12.722142908406378,100.82818934114144,301.29752806807596,126.94202246282576,33.42557949733717,0.55266576422879,170.70760232746693
1934,9,24,1,1486.3147984132552,10885.043914198484,274.19840028379605,279.88192646838706,2.1847219043009614,71.51496201588832,40.98103145714124,148.2042585017992,75.53919482120651,128.8025698473893,277.52589853042184,184.40306424931242,31.97211441201703,1.1052979745893141,156.98197917025712
1934,9,25,1,2146.255183333163,7451.109442684231,407.5948723945929,279.88192646838706,2.9128829194719548,40.71684702910265,47.53833156878532,130.55294555601571,245.6991173375499,130.38390308793507,263.15235508904954,203.73371685439167,32.45694589585605,0.55266576422879,164.98988219602828
1934,9,26,1,1560.98311187094,1591.4177432341235,405.1293647066981,279.88192646838706,2.1847219043009614,34.4522865866681,52.455608572317246,122.83156617814274,245.6991173375499,31.67298001022249,259.28255493180933,200.60131228503934,39.23892515547755,1.381614079769576,164.13106361064953
1934,9,27,1,3155.098476673628,2581.710443718449,295.45000459317964,279.88192646838706,2.9128829194719548,43.84912725031993,60.6520010184514,130.18485319098775,245.6991173375499,127.22123660684353,228.87698226736796,163.51151851984355,47.95868630114188,1.657963738818104,181.00181969537437
1934,9,28,1,2295.688405738038,5053.660891532147,225.29023147609826,279.88192646838706,2.9128829194719548,47.502366901377385,19.67096956132447,136.43386310874888,236.95537650706257,109.27078856678301,276.42024134262397,213.6565374308409,41.66102384225498,0.27632617134074083,161.5584764067258
1934,9,29,1,2572.6276744097477,8521.729291009664,163.53641029467062,483.16986504346943,2.9128829194719548,60.814324854305966,126.22220981408765,114.7335341477446,103.36951299152165,78.1271251223955,270.89195540363465,213.6565374308409,38.26977687090393,1.657963738818104,150.9779861770309
1934,9,30,1,1449.4153213876066,8747.074533999088,173.90762198162832,483.16986504346943,2.9128829194719548,60.814324854305966,126.22220981408765,153.34899132451983,735.5167527087696,96.60027327127253,205.65818132366508,213.6565374308409,35.84767818411459,1.1052979745893141,162.4172949921045
1934,10,1,1,1983.781569832635,10255.507997275496,615.6444160535416,342.21846901998714,39.6218957508758,485.6012889218763,160.01859974367758,585.9516833853392,960.8866726154287,0.0,698.4067902915873,557.0370973149477,50.1249874852968,5.337413825258802,222.36437967191773
1934,10,2,1,1652.4590405183465,7364.343859329188,536.3551180922823,342.21846901998714,40.75408640592583,471.8830012526377,160.01859974367758,521.6211223825447,960.4663004601623,28.605590511031266,786.2054820321973,495.47207462655,43.519544530312494,5.337413825258802,225.08010330674333
1934,10,3,1,2100.2757302854448,2550.4380426506427,812.5455771240141,157.43656719985395,43.01846771601568,531.3227014933751,160.01859974367758,535.5743911030543,867.2277564115857,71.81502507439758,395.65883021366466,440.68684962472446,43.519544530312494,5.337413825258802,137.1517806629799
1934,10,4,1,2045.4094921948347,2250.3865082211805,946.1832402041392,157.43656719985395,48.67942099125562,514.8644840858666,0.0,534.7954049352084,1049.8374206798148,18.867488990437344,446.9648903635264,1054.452324606567,360.20097023915247,6.938604418968745,275.6652916955769
1934,10,5,1,2682.9397235283354,6638.946791420188,1057.5777361005762,157.43656719985395,54.339179972547164,379.5175467079853,66.67410630197107,496.04298315747934,567.0400003022534,48.08179355220377,421.87954986622424,804.7625163076256,221.48358008574846,6.138009122113774,208.10489631299737
1934,10,6,1,1990.5432541043926,7146.459025744573,984.505805352183,157.43656719985395,69.05646419421853,334.70944404924313,73.34216847371596,569.6785767364603,964.3337242890075,61.47151773158295,410.4782031662491,707.3394250407039,135.99986336499953,6.671851166245238,208.10489631299737
1934,10,7,1,2055.069041154441,8615.444296824502,724.3411462914529,157.43656719985395,96.22545703352303,389.5732752372682,60.00697490387909,470.464843932414,1353.9346378335188,49.90793570444859,457.8015196826607,466.38318541392863,133.66834890449272,8.006288507231677,194.86671073127363
1934,10,8,1,1889.4077764973806,9439.870634781555,602.2806497454661,157.43656719985395,75.84841383056012,402.37825299371923,73.34216847371596,476.6624921248446,970.1348600323937,52.950844312489096,488.01687175561244,442.63000228974545,132.89117741765315,8.006288507231677,197.9228669585035
1934,10,9,1,1046.805320751512,9642.119267832266,1037.9251385887958,157.43656719985395,65.65989222907866,452.6755346179612,400.04649935919394,438.689056514918,1349.4786929872218,0.0,574.6742399475465,474.6283113396842,132.89117741765315,8.539795012678688,200.63859059332913
1934,10,10,1,1823.916034551271,1068.4737031538405,705.6354466597702,162.09887912520895,61.13112960888875,453.58884453071784,800.0929987183879,355.7569906473346,953.4040482508983,32.25721316981173,367.1495190702821,482.3849945190292,147.65743566750973,12.009264991506532,186.03867464200448
1934,10,11,1,1876.8503628499261,1792.4400076155337,786.7113443948768,162.09887912520895,60.00013324777689,423.41233945397084,80.00929987183879,404.58487088151196,951.1340386122232,12.172296077888738,551.8656021541253,592.4491964294017,178.35313598196015,19.214622663201276,186.03867464200448
1934,10,12,1,2781.1773364475,5070.932250292206,796.510844154135,162.09887912520895,64.52770157402863,83.21930813257921,126.67828888501481,382.1055557526618,1338.128644793767,75.46730937891687,734.3109269275585,550.7191965733776,177.9619768230183,18.1472741136228,186.03867464200448
1934,10,13,1,1752.6285632294653,4322.029782887639,643.2652485564363,162.09887912520895,64.52770157402863,42.067240971554654,0.0,433.2618342027926,1350.8238838842321,71.81502507439758,692.1057331998021,359.72746440780895,156.97834667849276,15.211646178926417,177.21450710491533
1934,10,14,1,2876.517084678815,7175.1764920847745,1058.4710359874998,162.09887912520895,60.00013324777689,384.0934157606975,0.0,399.1576485693866,1344.4342271234732,29.214304561781812,820.9801839064345,512.9232844899987,134.83153271922998,10.674827650520095,196.22457254869454
1934,10,15,1,1742.0996548634712,7536.54645998097,551.4965511752378,162.09887912520895,58.86794259273707,61.27191175960188,86.67643126993077,406.13428292961953,1729.2428980973953,29.823018612509614,442.97620233660524,480.9302846003706,125.50547487721468,13.610455585216476,156.16571465893907
1934,10,16,1,2811.9912976285996,6636.391856692161,768.8900116511504,162.09887912520895,58.86794259273707,43.89572469487227,86.67643126993077,452.64232523542745,1338.969389104379,104.0768697641845,340.3581376434107,419.8430863378586,113.84790257469255,12.009264991506532,190.79312527904335
1934,10,17,1,2600.060793454969,7426.990858854225,914.113774264471,828.9526953989514,58.86794259273707,149.9785349598765,26.66945636607506,583.6232851693857,1722.0124970260247,1115.0053460052184,525.6448825015657,412.0864031585136,101.80431794427275,9.874232353665125,199.62116136831247
1934,10,18,1,3343.5562768752848,7398.273392514023,697.6136136754818,828.9526953989514,58.86794259273707,168.27269168182727,153.3542606663901,396.83781064101714,1708.5605880560015,468.0349404564129,401.35950356367835,363.6031514173743,92.47826010225744,9.073637056810155,192.4914196888523
1934,10,19,1,2102.2076400773994,7558.723293417812,819.6741102214687,828.9526953989514,60.00013324777689,0.0,60.00697490387909,406.9132690974654,1336.3630817414116,265.3596273847784,474.90353973259715,366.51257125464343,86.65204736651846,8.539795012678688,193.50884891386895
1934,10,20,1,2653.091717243297,7284.732093211521,795.6175442672114,828.9526953989514,60.00013324777689,550.5301681280826,0.0,463.48820957218095,1344.4342271234732,217.88654788331303,441.8348787878769,333.06486144635664,80.43467547184953,8.006288507231677,194.18584554648132
1934,10,21,1,2550.0243298443297,6723.770624382066,707.4131134347401,828.9526953989514,58.86794259273707,231.36563157359123,113.34961073047072,503.7900433980176,959.1211095631521,183.196463447591,766.8267592783275,320.45560576467335,74.21730357716869,8.273041759955182,186.71953982681305
1934,10,22,1,2342.054240744114,6820.347157091938,502.49905237876663,828.9526953989514,57.73575193768704,66.7582948783797,0.0,485.96752470103104,576.4395216951144,167.9786121788348,824.3684881916367,319.9724721785734,70.33144614299465,8.806883804086647,188.417834236622
1934,10,23,1,1581.2681646862136,7888.718662856776,796.510844154135,828.9526953989514,56.60356128263701,72.2456099460751,126.67828888501481,485.96752470103104,1525.3624027703997,125.37524508336544,923.5804154192161,301.549685982566,68.38594401039745,9.60747910094162,196.9015691813069
1934,10,24,1,1498.3892346128466,9223.314367255667,1108.3171696765078,1177.6713501578715,55.471370627597196,48.468797900893435,0.0,470.464843932414,1524.857956184001,135.7233839461256,1082.6523850183348,273.9155066886033,59.8370576552098,9.874232353665125,173.8179182852974
1934,10,25,1,702.0270397367308,5925.404620648185,1037.9251385887958,1177.6713501578715,55.471370627597196,85.96296566642691,326.70153856461184,407.6836949777272,1335.8586351550923,295.1866158715524,1068.98028000795,306.3969493246419,57.89670235364488,9.874232353665125,173.8179182852974
1934,10,26,1,1256.7073196436827,8130.108895936958,687.8141139161337,1177.6713501578715,54.339179972547164,331.0468849092875,780.0906737504282,258.87165605924184,1332.2434346193277,222.1475462385707,1042.7060608140466,289.9120066333932,58.67387384048445,10.408074397796591,178.57236892233624
1934,10,27,1,2071.3936788961314,7920.093261314008,843.7306761756362,1177.6713501578715,53.20698931749713,261.5514561392672,466.71781334032966,197.6399191526627,1339.8942078460436,251.3658206745767,1007.9313589398097,285.0647432913655,56.72837170787533,8.006288507231677,207.76833227278928
1934,10,28,1,2292.887136539863,6938.99832584965,849.0815424982106,1177.6713501578715,52.07479866245732,193.87332770586204,1586.875934754519,251.12459581870357,968.0329992558252,1532.5037873352112,1012.5085419215602,280.21747994928967,54.01084491947084,9.340390309533658,196.5650051410826
1934,10,29,1,2400.7842984184654,7451.72262701867,424.98742119247726,1177.6713501578715,52.07479866245732,142.66273616889436,1166.8178026912062,279.80155913998425,959.3733328563118,1279.3581397078449,772.4739330869978,273.9155066886033,52.06534278687364,8.539795012678688,188.417834236622
1934,10,30,1,3358.9149597210817,7537.875026039274,774.240877973725,1177.6713501578715,54.339179972547164,145.40266590716428,600.0697490387909,196.09050710455506,1751.7748456221982,1940.342201338056,894.5123312884114,250.16232356442015,39.24510135271868,9.340390309533658,188.07740164421776
1934,10,31,1,2785.9105154376293,9814.321868484049,1165.3990324494084,448.6321584427878,54.339179972547164,108.82367195219177,260.03022458347607,399.93663473718897,1349.2264696940622,1634.1987325529751,816.4030009246839,239.49622054780596,46.627715794542546,9.874232353665125,192.8279837290604
1934,11,1,1,1229.1776051087884,3453.9651597799248,1044.1782377970812,268.52848087538,47.78608912418685,30.02366545869556,35.455959283580455,523.4872650703064,36.50091424586722,0.0,525.246608138226,161.54712921367627,31.299938278371823,9.683981920591085,145.3221628805689
1934,11,2,1,1280.3732145946674,3718.4520027988174,430.2132255308591,268.52848087538,45.83580712029535,137.48110033727954,29.915994732210187,318.3998957416783,421.4146782586214,0.0,567.4220798985751,236.10366712438875,46.69359523183677,7.405338726565634,140.91975049250667
1934,11,3,1,2701.099675572476,5103.8398095857465,425.8628550816463,268.52848087538,44.86006897138051,82.17086563069178,17.727514254991284,291.14394015513545,393.2161140801967,1.9316084780012184,539.8638717123789,225.11370533022296,57.98419848130089,7.405338726565634,120.73364518407287
1934,11,4,1,2654.540649587221,4039.045212439386,644.453337406042,268.52848087538,49.736371128088585,57.67738488865506,33.23978730831218,261.0288485239922,393.2161140801967,4.507064393812612,403.2141543302834,205.0397702849788,41.56271936941807,7.1208019236607285,146.05718779597802
1934,11,5,1,1925.6310850958196,3979.0553450313787,335.2911795489307,268.52848087538,54.61267328478644,56.88802417832676,19.943686230268753,347.79592321784685,869.4136916192867,1.9316084780012184,357.66226707177873,168.7144956011422,43.614760904522896,7.690211068154997,150.09208772636003
1934,11,6,1,1582.523906050959,3364.542444307852,360.5447673515812,540.3110327021548,55.587217139763105,45.82579084724421,49.85968096245284,248.11993488565213,642.9087668932507,0.0,113.59735945584131,173.01491543363142,42.075858423976335,7.975083409741864,121.83618255719465
1934,11,7,1,2407.2561962213717,4074.4055090719507,223.81628666268773,540.3110327021548,57.53869343760301,44.246137477700884,49.85968096245284,386.52266413291056,396.5286466640111,22.53565279191668,534.8051928585379,206.95106798832873,43.10213653308096,9.114572776096818,130.64487588553152
1934,11,8,1,6986.461976008686,5076.246514525843,435.439029869241,540.3110327021548,52.66239128089492,48.19666882485841,35.455959283580455,333.4574415572282,438.0109709503525,28.974127170018274,359.9092478082526,255.69977774379544,48.233012395499664,8.544828092920588,161.83701216413715
1934,11,9,1,2594.168468589599,3842.4174357901657,350.0931586748175,540.3110327021548,51.686653131980094,100.34293704795677,42.10354443579406,247.40087073072087,778.9580112388891,37.98838828677412,242.3766998667811,256.6554265954704,52.852807935777776,8.259955751331226,150.45960018405648
1934,11,10,1,2098.5370114726684,4595.509996148071,384.05642037477105,540.3110327021548,49.736371128088585,71.10956424846509,43.21116503661717,235.93008540224332,605.5797195014146,0.0,165.89613331734327,234.19236942103882,51.311846722813534,9.114572776096818,181.65560501485828
1934,11,11,1,1363.0589536888556,5105.781559978912,451.99187677346566,540.3110327021548,50.712109277003414,79.8009196019643,37.671200485257515,324.8543525608483,605.5797195014146,1.9316084780012184,186.7015105070712,171.10361773032966,47.20673428639504,10.823471286943546,154.86588112433114
1934,11,12,1,2566.252372096515,4000.6189941337807,330.9318761008405,540.3110327021548,53.6369351358716,67.94932556055346,45.427337011916286,242.38454222141337,606.4120563689208,23.179434065156077,200.201228106432,162.5027780653031,44.12789995908116,14.241268308639494,157.80211223377134
1934,11,13,1,1244.0533105065551,5789.07330357398,478.11196546640787,884.407156354249,57.53869343760301,60.04826286626927,32.13123593386701,282.5408511587122,606.4120563689208,0.0,182.76632202144103,144.3401407234089,42.075858423976335,11.962625114614044,145.3221628805689
1934,11,14,1,1801.0229035170012,5527.550184839549,417.15318118443304,884.407156354249,54.61267328478644,31.604250777105886,33.23978730831218,344.20916273081787,621.3436753256394,18.67230350677275,193.4543415034871,134.30051862060742,52.33812483191816,10.823471286943546,172.84691168652137
1934,11,15,1,2660.1431879837387,7183.35228321387,568.6836409992133,884.407156354249,51.686653131980094,161.18056062455432,56.50726611466646,263.89654485613335,603.0911163420011,9.658042390006091,172.0842469329183,237.05931597606374,64.65449150738249,10.253726603767316,178.71937390541805
1934,11,16,1,1573.2507390497103,11398.074807534937,393.6415281612432,884.407156354249,50.712109277003414,252.83773401239398,62.04723066605696,254.5743917048222,601.4348500500146,90.14261116765296,170.95481217118422,205.0397702849788,51.82344172804663,10.253726603767316,134.67977581589733
1934,11,17,1,2198.9963206524712,8163.527442175935,494.66481237072236,884.407156354249,50.712109277003414,222.0181842011519,275.89060696848617,256.0039597271007,189.96617698610038,94.00662209851217,170.3960391838143,248.53241135632948,56.95483227356975,9.968854262177954,148.25839399002535
1934,11,18,1,1845.6500197104688,6941.451063188252,820.370884133181,884.407156354249,53.6369351358716,242.5583377493709,275.89060696848617,157.76609970476858,605.5797195014146,287.16746989862037,173.77245468202227,254.26630446633112,63.62512529965135,7.690211068154997,133.94861945268443
1934,11,19,1,1848.4512889086438,15046.521598792911,712.3798608058594,884.407156354249,73.14214376269368,221.22602764416342,245.97554300988745,259.5907202141731,188.30991069419315,155.81756407798528,213.13622832500428,304.45379665957273,64.65449150738249,9.114572776096818,135.04728827361
1934,11,20,1,2444.445459715872,11195.723977095646,895.2651466509308,372.70648829986266,70.21612360987712,268.6342677076112,188.36065629436706,220.87253958664996,610.5569258203208,98.51242936546888,170.95481217118422,260.4833311624327,64.13980840351095,9.114572776096818,218.72020351237677
1934,11,21,1,1103.700064123582,6458.670597028735,743.7346868360606,372.70648829986266,67.29010345707077,254.4127276374728,232.67478806375868,185.7325591586586,306.106596056114,65.67429126459196,244.0649076158851,233.71454499520135,61.06200344240593,8.259955751331226,159.63580597010605
1934,11,22,1,1912.5906940003342,6643.54567392996,775.9560137565536,372.70648829986266,59.48897544149451,270.2185808215881,741.2401830960345,268.9128733654408,349.2451866343626,74.04477110811862,175.45471803765525,303.4981478078978,59.008417857987844,8.259955751331226,148.62590644772177
1934,11,23,1,2403.488972127135,7498.937820788233,892.6567109811783,372.70648829986266,57.53869343760301,210.16379431308087,540.6957001925206,279.6731548266145,38.159702770734164,95.93862756394175,168.70783143471036,315.4437584537385,62.08622281909287,7.1208019236607285,145.3221628805689
1934,11,24,1,1501.576885769547,10269.815631751093,645.328771295211,372.70648829986266,56.562955288688165,132.73748048427768,248.19078421153367,222.3021076089285,394.04004350459763,36.05638282134451,171.51952955202506,326.4390294081668,54.90124668916358,7.975083409741864,150.82711264176913
1934,11,25,1,1165.038200017098,11211.053585462118,667.9649904292319,372.70648829986266,54.61267328478644,170.65848084169082,125.19835883854128,195.77377646490103,181.6764380833005,75.97677657354824,181.07811427233705,262.3946288657345,50.79870766825526,7.975083409741864,146.05718779597802
1934,11,26,1,1852.1219175133747,14871.764063413524,540.8216175268104,372.70648829986266,53.6369351358716,146.16686399742753,125.19835883854128,182.8648628265175,601.4348500500146,51.50911831622762,316.04556829885183,184.48801081389718,46.18045617729041,7.975083409741864,192.6616359850463
1934,11,27,1,1732.246914924686,12017.390985547088,497.2732480404747,663.9895973434366,53.6369351358716,123.25956026714121,83.09946827079587,165.65012454621717,549.9981131258609,57.948254340035426,327.85707814910864,156.29106052951212,46.69359523183677,8.829700434507457,199.26912311935212
1934,11,28,1,1246.8545797048978,8557.80496936567,472.01966023782416,663.9895973434366,57.53869343760301,127.21102356318546,75.34333174410624,192.18701597782865,1157.2004691468405,104.30844576175768,361.03868256998663,107.53704161373481,45.15417806818579,9.114572776096818,140.55223803479402
1934,11,29,1,3257.1033136868605,8980.595568117604,872.62892751682,663.9895973434366,56.562955288688165,111.40517037907019,97.49853608158875,197.20334448717955,0.0,1925.190514640018,436.38981435769045,208.86236569163052,40.02330220576709,11.108343628532907,159.26829351239337
1934,11,30,1,2283.6139695386146,8549.015993902136,944.0393204756483,663.9895973434366,54.61267328478644,122.46740371015274,66.47957461662436,219.43441127683084,180.84410121579424,1069.4841213403863,414.4609467996994,276.7293616407145,42.075858423976335,11.962625114614044,170.27819303477762
1934,12,1,1,2991.8520992563854,42025.61035017145,721.6791126285266,166.7930157053733,126.89373111680322,347.5703387391446,24.094936549352077,273.278620020359,544.5837197653987,93.35159284822949,126.3837498373254,127.8711255130439,31.888221066091955,13.303437690572725,138.21563251423717
1934,12,2,1,3477.5342209450255,72696.06879623477,595.9739525440065,166.7930157053733,94.29786661448739,298.5591465839237,24.094936549352077,295.1159135823171,545.2647226570091,97.64567348884627,50.55349993493717,144.419778127683,32.37922874717209,13.635956525100463,136.43996706069922
1934,12,3,1,4063.868842792647,28902.443614444797,533.1213725017464,166.7930157053733,82.65588928811833,265.3910855684105,14.82722367331783,266.00237559555325,761.7395677572847,111.77180934051412,32.08189162655285,146.9257017831745,34.83220842019087,11.973026813777315,144.96625607942858
1934,12,4,1,3181.3724498436086,20667.37799989086,497.5323050076475,166.7930157053733,76.83490062493891,254.07722603686267,0.0,284.52683787234645,1412.5345162842007,39.30440159867683,30.137480518336183,170.99743452455053,32.37922874717209,12.305545648305054,110.14541785001808
1934,12,5,1,2913.996134642,20714.388798882,804.2289551769538,1438.3948344483688,68.6862330728445,319.6677889553911,34.28876917143848,357.3149629829829,330.1518833400334,170.73105832137233,19.929768029709816,184.03142302920588,33.85070774112309,11.640507979249575,228.1091796686648
1934,12,6,1,4051.987597572234,17251.94125580555,1657.6966001197968,1438.3948344483688,67.52179648141279,363.4041503899851,21.314715763903212,274.6054645919331,334.23790068969606,133.8840088797253,51.52600270871969,220.6380832082536,36.30368741414186,11.973026813777315,187.60543827748393
1934,12,7,1,8100.594353008757,15124.191614517411,1409.2699015729968,1438.3948344483688,66.35735988999133,331.73652708830406,124.18381559912308,441.35130594565015,555.4797660311657,625.1890288632153,48.6090888267205,208.1031557705819,34.341200739110725,17.626853616799746,193.2883414392381
1934,12,8,1,6641.036505213346,12986.222234318015,795.8944672321388,1438.3948344483688,64.02968100107633,294.03919446463107,851.6578569419734,330.84655385182657,335.5999064729169,431.12172644404757,25.76300135435987,168.48620170879656,37.775681091185355,32.92573985322086,266.83725560630774
1934,12,9,1,5138.397069058232,11288.723601186619,552.8097020090361,1438.3948344483688,61.70080781823338,264.63620696704544,359.56715488006023,403.6346789625064,337.6429151477483,223.5436186810579,55.41423048575353,199.57664434961518,40.22866076420413,23.61319925434742,186.89362467518706
1934,12,10,1,4237.257746617359,9435.680541828217,527.8241041724358,1438.3948344483688,60.53637122681191,260.10693535888555,175.15297870964315,355.32897626939206,119.80606426433089,152.30422537200994,50.55349993493717,214.62280460308898,75.55033281617379,20.28767537038558,156.3359309551331
1934,12,11,1,4105.308307829247,7624.436214616312,574.7759462278867,1438.3948344483688,61.70080781823338,256.341861840958,97.30307362261998,307.6909760058785,335.5999064729169,119.75787302808709,15.069037478842215,130.8814193957815,58.38050447127505,20.28767537038558,132.53272935246676
1934,12,12,1,4343.029807724995,7283.710119320648,470.26879245948624,589.91771334146,69.85066966426596,248.80239531623576,95.4508341304652,368.56318083497024,1211.0081050269332,189.76660532147312,277.555620497829,148.9325643716823,53.964523440120736,20.952713039441054,146.38988328400615
1934,12,13,1,4200.068483122859,7625.458188507186,713.353557682589,589.91771334146,89.64131454272945,248.80239531623576,60.236875986555965,328.20142499626246,776.0322210379195,132.03801735627687,354.363128688798,169.99400323032071,54.453472388795106,20.620194204913318,145.67806968172547
1934,12,14,1,5047.887095306887,5562.808284082688,817.8607114509895,589.91771334146,98.95441868624533,241.26292879148264,58.38370572080996,365.91805197936276,338.3239180393587,160.29028905958288,241.5860955335725,190.05201079472928,57.8915555226126,19.954820997175876,137.50381891194027
1934,12,15,1,4887.92496453585,5630.769547841363,746.6736434640043,589.91771334146,145.5247165795979,271.4207948904334,49.116923618365306,310.9952470034593,119.12506137272044,178.71050555186753,280.96175796349644,180.0230070125009,54.453472388795106,17.294334782272003,168.0615126319942
1934,12,16,1,4567.227939077229,5422.082479277139,576.2856230367166,589.91771334146,193.2487024189182,286.4997279399088,50.043043364458114,329.5282695678365,776.0322210379195,171.3463888291885,302.3496857145305,230.66708699048195,54.453472388795106,16.961815947744267,149.5853073899417
1934,12,17,1,4810.9383593278535,7993.266591917317,879.1946816855423,589.91771334146,139.69656215277925,347.5703387391446,32.435598905692466,380.4791011165584,557.5143672628917,144.93349219228276,345.1255412165986,331.9605561066584,61.32449182537397,15.963923905476594,152.07278644577656
1934,12,18,1,5492.902515875475,7375.994361687757,1065.5281050940257,589.91771334146,114.08851149295087,309.8730061154716,31.50854838600843,236.8888376087894,337.6429151477483,119.75787302808709,360.68201896099595,376.5893574794266,50.0405794562673,14.633513028683677,149.22940058880135
1934,12,19,1,494.97460778765566,6976.095978096952,1709.9546435034356,395.3576863399776,105.93984394085645,438.043937035966,33.361718651754444,322.2434648554467,777.3942268211405,122.82790911011972,285.82427183237684,247.2157396051211,50.0405794562673,13.635956525100463,162.37860947024
1934,12,20,1,494.97460778765566,7742.882988595596,1316.1880533580897,395.3576863399776,95.46230320590887,328.7170126828436,37.06898995689937,295.7750557242903,337.6429151477483,121.59724809448743,356.3069453576769,254.23444950456368,45.62511310821739,13.9684753596282,111.924951855736
1934,12,21,1,450.1253219681914,11567.722473459115,1104.1186602080297,395.3576863399776,89.64131454272945,287.2546065412739,17.607444458766697,312.3220915750768,778.075229712751,35.619696654509156,685.3885685642645,169.4896330030264,51.51463186572848,12.97058331736053,135.72815345840232
1934,12,22,1,4380.315666709002,14971.917504742296,871.6194986446709,395.3576863399776,80.32821039921355,310.62788471683666,27.802207854488618,319.5983359998392,558.8763730461126,92.1209318325972,562.8924520646968,163.4743543978618,87.32628223258135,13.303437690572725,149.94121419108203
1934,12,23,1,437.4326746353622,26813.5289810187,652.7699593531023,395.3576863399776,81.49145269669685,279.71514001652076,26.875157334800942,337.46365613461563,558.8763730461126,104.40107616078696,261.03020661572765,177.01271312976328,72.11739651340051,12.305545648305054,116.18809636510878
1934,12,24,1,3932.6921679212496,18457.870447313893,638.3788981751231,395.3576863399776,80.32821039921355,242.7726859942129,26.875157334800942,285.1945403019037,558.8763730461126,104.40107616078696,223.60430524815354,210.60907942607338,61.32449182537397,14.300994194155939,120.80714767562189
1934,12,25,1,4098.546623557489,14133.898914033087,645.1947763121409,395.3576863399776,77.99933721636039,303.08841819208357,8.340569278985159,297.10190029590785,343.0909382805526,81.68016257080775,220.68560804809974,182.5289306679924,60.34144709700485,11.640507979249575,115.83218956395221
1934,12,26,1,3502.842239219113,12677.58611920302,605.0588123937977,1320.4049268491012,75.67046403350723,182.45695379634222,43.556482047474354,283.86769573032973,784.8852586288554,65.0986594992127,268.8114176846618,190.05201079472928,62.79648550242939,13.9684753596282,101.26322203013217
1934,12,27,1,4355.780412351628,7440.991901162393,582.3421962698809,1320.4049268491012,74.50722173602391,79.16346656082045,62.09097702592404,244.1650820335952,342.4099353890214,92.1209318325972,223.60430524815354,230.16802592349828,103.0241169004366,14.633513028683677,129.33343669435126
1934,12,28,1,3793.111685454992,7252.74431041985,807.257241793491,1320.4049268491012,72.17834855317074,270.66591628906826,126.03605509124701,291.81164258469283,341.0479296058005,323.65061420122805,307.6936954555535,178.0161444239931,97.13614219222686,19.2897833281204,129.33343669435126
1934,12,29,1,4030.83318535074,5384.16724791697,851.9311691373812,1320.4049268491012,69.85066966426596,257.09674044232315,189.0494287688373,272.6194778783423,341.72893249741094,138.17808952037174,252.7674996746508,151.93754909415745,67.70141548225808,26.606539842463487,179.78709430885527
1934,12,30,1,3370.892800431,6116.104948728907,744.404661751231,1320.4049268491012,69.85066966426596,266.89152328224264,1803.3738774044477,286.5128245859372,786.9282673036074,84.75019865284037,257.6300135435835,144.9188391946667,70.15645388768263,25.60898333888027,145.3221628805689
1934,12,31,1,3216.919590015006,7589.484707540181,739.8577653268966,1320.4049268491012,67.52179648141279,294.7940730659962,4234.182248103593,299.74702915151533,786.9282673036074,101.94637058654084,201.72893723150588,218.63122061979396,65.7404728565283,95.78287235550313,126.13414403623574
1935,1,1,1,3898.16535882882,212095.26177955922,4957.478582026247,786.1589701635329,57.21080481464305,733.0992748510395,1460.624567565805,506.4448626324143,438.5534037639901,766.8219986714577,377.90594977352345,178.22712389632449,28.21912659530037,18.574172008028615,156.30996426041239
1935,1,2,1,3704.335040150519,117726.88539305906,5394.625960904277,786.1589701635329,57.745464030575235,760.9020235632162,5591.527990923729,361.86625037775565,717.2418803205971,479.192483184655,316.01734762141257,178.22712389632449,28.71434660454946,17.710500624286023,151.6914877759679
1935,1,3,1,2461.2339223781323,69553.23075829138,7166.77763697762,594.1774481181386,56.676145598710846,774.7987062640723,2837.592375351767,553.7926411105351,725.0997379183447,363.6665706475471,329.8520391027446,178.22712389632449,28.21912659530037,17.278664932414728,151.26925194279391
1935,1,4,1,3750.0601437808878,56005.29553448692,4556.36744871207,594.1774481181386,80.19888239033074,766.4569433193961,1218.9182918260044,420.2030548063802,152.88311454453552,305.9036143790262,527.906999618807,197.0679664305991,30.199405637153298,16.414517434348923,152.1093706623929
1935,1,5,1,3478.818026851367,43155.31255979814,3424.182533600413,594.1774481181386,372.6733544738914,749.7734174300049,858.4081881035531,534.3413868431805,439.42944869889004,289.99254551595413,921.1421795638502,216.8725905252545,27.724507581194715,16.414517434348923,164.7155044032004
1935,1,6,1,2900.5358500187426,34901.34981724044,3661.46735054366,594.1774481181386,291.93754415807507,673.77798650873,764.0557150766579,434.57527624624475,1013.380464064931,265.23699282944517,966.9583656384327,213.97399936615136,26.73406756269653,16.414517434348923,138.66311820198635
1935,1,7,1,2988.777278077202,28876.72317426836,4348.0964294790165,594.1774481181386,196.76517877548457,660.800868226947,781.6947522338271,472.62138692519517,439.42944869889004,272.3035778690472,323.2940359980092,158.4297462794909,28.21912659530037,16.84635312622022,150.8513690563689
1935,1,8,1,3105.195798504283,20740.48731710403,3568.881919633642,594.1774481181386,143.29169481678056,727.5349717844339,629.0445595840448,478.5398592349539,976.7458576972457,64.83479248596176,413.58704014069525,175.32853273722134,28.21912659530037,18.14233631615732,152.1093706623929
1935,1,9,1,2749.9237762192174,21381.444804243572,3470.844851574084,594.1774481181386,118.69888335677499,472.66549472750535,576.8760544640526,426.12152711613896,728.5950687190658,262.2888315549442,344.4135827339627,175.32853273722134,27.724507581194715,22.462121577844954,145.3884209055518
1935,1,10,1,2199.1167713048276,18350.444675553044,3327.716276244974,691.3198521204489,105.33618414096163,538.4706505555324,395.0676444234678,505.5969439634005,731.2143545849817,242.24433556150325,354.60584658798393,175.32853273722134,29.20956661381234,27.213742531401362,165.1377402363498
1935,1,11,1,3114.421038710384,16334.138178106856,2800.293482197943,691.3198521204489,91.42899463452292,668.2230667525112,210.18994834171735,425.2736084471252,443.8008244345113,251.08881938497322,372.0829656966993,170.01686443808165,29.70478662306143,96.3274500324214,142.8637118000059
1935,1,12,1,3037.0092404591637,15193.308598225989,2480.3101017171716,691.3198521204489,88.22255181194099,648.7526976746627,171.83323040685434,469.2381914358343,723.3564969873288,261.1110673816937,306.5519359172776,251.16292393767324,31.189845655665263,54.85789241170185,157.57231881318538
1935,1,13,1,3114.421038710384,12589.302014174607,2210.038259988413,691.3198521204489,111.7490697861255,561.6380439305633,135.0111554925742,476.8525010836206,727.7190237842605,239.88880721496923,415.77576346830625,181.1257150554276,29.20956661381234,37.58065582225677,131.5199326119959
1935,1,14,1,2594.3982592660927,11504.532855910275,2330.9906842014807,691.3198521204489,204.78128583194461,517.1517693290343,490.187438960635,351.7166639096223,725.9757828532447,241.06657138825275,419.410024217592,225.56836400263344,29.20956661381234,31.965363484957773,115.97120687921745
1935,1,15,1,3635.246012954946,8825.03157074958,2661.692537721682,691.3198521204489,283.91387473646483,610.7596738691992,696.5501373303513,455.7138886649327,727.7190237842605,238.11841011375174,356.79456991559493,182.09674309369976,34.16056471604395,32.39719917682907,145.80630379200142
1935,1,16,1,4545.536562857018,9927.3663277875,2608.100172524248,691.3198521204489,245.42143613517072,680.2712373047954,401.20621650576044,471.78194744287555,446.4201103004271,228.68879504496525,342.22485940635175,156.49493668083804,50.99263607427726,28.94156141320976,135.30264332359044
1935,1,17,1,5528.225193507124,8972.937649779233,2637.2063708643386,10805.224322099291,593.4944167839063,761.8215879822892,288.4380272320263,525.039719044061,731.2143545849817,231.0518250741497,425.2411751725138,243.4381784985665,182.18567185118624,26.781430725204334,143.70818346635383
1935,1,18,1,11341.0289925029,10571.126836008549,2488.718559015442,10805.224322099291,635.7377884984182,663.5877114154432,714.9564959977926,598.5966635815638,442.04873456480595,232.22958924740018,596.353604875726,214.93778092653216,167.3350815251203,24.62177615152464,87.39846451920641
1935,1,19,1,11617.786198685924,9775.068849064617,1817.335583972507,10805.224322099291,617.5578626835869,737.7252468777207,659.7280624160712,963.8291510753428,726.85182778805,179.1776896719473,690.2808697676979,214.93778092653216,79.2111616744204,25.917759341461743,181.10434885557788
1935,1,20,1,18078.462573460216,10109.562698038522,1554.7329945048364,10805.224322099291,434.69987341453066,711.7803936245804,431.12239782747594,2203.3166614492347,435.0580729632689,189.1999376686678,511.15673265997793,379.16470952436833,69.80558746953452,25.917759341461743,477.34413881752323
1935,1,21,1,15501.411776755207,14984.950697887927,1528.768417572985,10805.224322099291,360.3769487438886,663.5877114154432,349.0377113857682,1025.5576301800222,729.4711136539659,166.2147820833763,449.268130507867,983.4195155101253,62.377287330715426,26.34959503333304,307.16133331678134
1935,1,22,1,11864.461099848939,16577.06667177443,2278.137524041086,10805.224322099291,979.0237920087262,702.5096829503665,349.0377113857682,1518.4527524815542,432.43878709735304,199.22218566538825,564.314942135865,649.646743537561,68.3211294320879,26.34959503333304,366.4092913091753
1935,1,23,1,23466.203402524374,14071.16582555131,2138.8897751573977,10805.224322099291,937.8089019542949,656.1748962002658,240.87345117374375,672.1536081190667,712.870504584976,184.48888097559976,586.1613410217047,419.25222525499333,312.8900985655618,24.62177615152464,305.89897876400835
1935,1,24,1,14262.020809935118,13956.241961238773,2078.367362736058,3467.060750264004,612.2112705242232,731.241379392042,194.85287571540306,629.0369437993712,440.3054936337901,166.2147820833763,577.4227814673109,537.1089417847231,525.2757770490724,44.92376704136417,244.97078333241637
1935,1,25,1,10304.192212816894,17466.558694744563,2043.901927876324,3467.060750264004,455.0123862009935,766.4569433193961,173.36787342743722,471.78194744287555,785.3787085890725,160.31845953440734,444.89885073074254,537.1089417847231,296.05622422185684,47.51573342124089,249.1757298771603
1935,1,26,1,10304.192212816894,50506.70251434253,2690.7987360617726,3467.060750264004,365.18661297776674,842.4617575510968,197.15484024625792,559.7111134202938,429.8195012314372,267.5925211759792,403.394776286674,767.981727608605,155.9462233025816,47.083897729369596,234.0492399775558
1935,1,27,1,8280.655828478231,36182.33045115993,3140.1429980537396,3467.060750264004,305.837171299374,843.3813219701698,170.29858738631034,421.8988921444077,734.7096853857975,190.3777018419513,394.6562167323526,673.3137403517698,119.80838452045703,44.92376704136417,248.75349404401092
1935,1,28,1,6797.096819246723,35229.30328369241,2620.3894562677974,3467.060750264004,285.517096147761,881.38372908602,159.5654438217058,313.6705532306719,728.5950687190658,176.2370300800968,408.49090821368463,444.85403166785505,99.51277807322484,34.98868944238006,210.9350928216129
1935,1,29,1,5544.770461268234,28588.012002947282,2664.7417585001663,3467.060750264004,2256.912254650758,815.5785732580321,146.52097814684856,356.79569673701064,735.5857303206975,171.5184717043783,464.5565262888988,460.3035225459991,96.04503601812539,32.82903486870036,210.0949741020139
1935,1,30,1,5370.092543452522,26018.576012226098,2153.3966740124943,3467.060750264004,1400.852519942049,775.7276539935709,220.93244948571973,419.35513613736646,487.47918603624913,180.36295552784827,1188.3624306085478,456.9266638456513,170.80282358021975,30.23706848882364,222.70110784279683
1935,1,31,1,5049.715994990585,24319.01089690858,1782.1309440754478,2663.2842798632687,941.5900845280926,764.6084311707854,288.4380272320263,206.2986121725932,758.3009560564192,185.0740122209163,1050.7505348229938,366.606563327436,123.76894260417666,29.373397105081057,196.64872164160738
1935,2,1,1,5487.714356080307,8214.253277246326,2742.912691184842,831.204913883699,87.85199591970724,729.524233589041,339.6052713568786,567.0710474674065,150.62663516687752,393.0206547876643,635.8159597977223,356.4977266600664,136.90669673318882,49.587306844981725,262.0473933687201
1935,2,2,1,4793.916127971354,8711.135480833818,4531.511679335993,831.204913883699,80.99293073082865,720.3848892604369,188.6675157361602,456.3837444134698,307.0758720221236,391.5578266743564,404.2522984859038,312.5188522983227,132.12878523614114,47.878056421806534,213.263919324144
1935,2,3,1,4780.479365062637,7282.809372100975,3735.29545363471,831.204913883699,77.55961695381426,611.5947884947133,141.07486693972308,485.9506684021809,315.80977455477114,447.8054430511813,459.9585739253325,285.8663065901758,130.5361480704494,47.022955095896975,235.7120656298317
1935,2,4,1,4751.600352243331,7663.272766799352,2248.014918774977,831.204913883699,76.18326649695051,745.0629956097259,120.06710120081318,379.81668860094777,323.0836021958871,380.597868348606,878.5110759436221,319.1783654863616,130.5361480704494,44.030576569534226,221.46922391716828
1935,2,5,1,5298.095560104921,9646.129879348626,2022.926984945525,831.204913883699,76.87144172538761,630.7930415710334,102.05376086788641,259.27657061302233,29.835081842834825,368.9102468075104,1119.6789858870893,303.8520647325091,130.5361480704494,45.31322855840107,235.7120656298317
1935,2,6,1,4378.278946946498,19885.565887464098,2373.3101725815272,831.204913883699,80.30475550239154,680.1586375800373,111.48620089677604,334.32585200799355,235.03666177112697,374.0263943627461,923.1022303050192,327.17847708554746,136.37181104357674,42.74840069499311,177.86575648571025
1935,2,7,1,2549.9767221869106,36867.20193523243,2097.309491814534,831.204913883699,85.10685737111949,752.3819777209186,1942.446330548475,461.69171528155084,718.2152635815551,380.597868348606,1008.2010999836691,329.84518095191953,133.72142240181913,40.6106473802167,248.66643510932673
1935,2,8,1,4365.744653188234,23743.45723498697,2051.0167763594536,828.1983345018783,84.42624450784304,715.8058337857285,1674.4452567123246,472.3076570176621,730.5860799347132,350.6511512805549,1263.6610465814244,361.16445842625234,128.4146351667316,62.83756848200168,377.7443646037365
1935,2,9,1,3491.9539667101317,38660.20108657614,1741.382266399521,828.1983345018783,74.81372216871566,707.5860538762364,3895.1859984300904,315.3748697553936,730.5860799347132,309.73697420410286,1044.8703825995592,351.16431892725274,128.4146351667316,56.85281142927617,329.8271269591548
1935,2,10,1,2926.2060836357705,25674.73875964944,1720.4997240983344,828.1983345018783,126.2914979649709,645.4216224830321,1261.4952780674216,238.044687140749,730.5860799347132,309.00931098879073,1123.5990873694275,569.7325852806767,137.9644482092685,47.878056421806534,412.7159386622719
1935,2,11,1,2988.777278077202,20346.195685073166,1923.0419042930107,828.1983345018783,376.1293553463459,586.9072988350375,693.3685603364894,310.0668988873126,730.5860799347132,294.39603322111253,1056.794024608235,1174.0743490011992,133.72142240181913,42.74840069499311,297.88085088055016
1935,2,12,1,2771.2822127831478,18346.70731411194,1737.7786418430787,828.1983345018783,384.3647709920882,616.1644606590348,504.2705959481846,520.8255632590239,1596.5255267778402,266.6398074816814,1046.4220894362848,852.2582655599613,151.23442127278716,40.6106473802167,247.36925698268504
1935,2,13,1,2501.845034155132,16020.199817058334,2070.051306067542,828.1983345018783,248.4615069245008,617.074641767721,403.92927210932316,292.6336910522636,772.0610557911195,283.44357657797957,1102.9368858063576,563.7325015812352,151.76329701082702,41.03819804317147,246.07643180276767
1935,2,14,1,4101.120643363039,15835.200425726485,1846.7189842014338,828.1983345018783,190.12542217588825,528.4023584974295,340.0357200089843,460.173940864,797.5283014737623,254.95218594058576,541.921362418068,567.0658814142352,155.47744708023654,38.4733701797635,256.0055033023566
1935,2,15,1,8021.346359206473,14051.544677985523,1762.264808700565,1436.564727421815,161.29768623323065,578.6781356151196,306.161282603737,436.66963535874737,761.8759273058192,297.3216894476951,653.3257464187553,497.7605667997087,155.47744708023654,38.04581951680872,270.24834501502
1935,2,16,1,14118.628489340419,17079.741785595907,1555.2873982826516,1436.564727421815,140.70536593630493,564.9691191222329,300.16307421233404,429.0892424576871,778.6092704559092,295.8588613343873,533.1664691076242,695.0024486999082,156.54120850787464,38.04581951680872,231.82923714337988
1935,2,17,1,9837.114290207797,17492.7202248316,1979.313887750338,1436.564727421815,128.34846128512157,530.2321040252277,1022.6898519397037,908.968813189766,723.3122522935972,306.81881966017073,292.83974760719155,562.3991496480492,156.54120850787464,38.04581951680872,289.6755462875259
1935,2,18,1,8188.704249467177,19434.2794934571,2168.1807747567127,1436.564727421815,125.60332273654427,574.108463450837,589.5930048601414,653.4909182139172,750.9651858440978,285.63406790659957,517.2492237137319,572.3920426691575,187.84704622882896,39.75602216863035,213.263919324144
1935,2,19,1,7566.201084255437,18149.56149809651,1986.52113686308,1436.564727421815,170.22127710739963,619.8239517146312,556.1490161069609,908.968813189766,308.53594691365515,386.44167911915383,610.3516339187918,521.0869791527471,187.84704622882896,45.74077922135586,325.50900379933137
1935,2,20,1,6230.546741371791,20398.51874524792,2031.0582403548165,1436.564727421815,558.6999747397892,646.3318035917183,472.53904422406805,1046.9251806393522,786.6175600121358,322.88742385850634,346.16129464481253,544.4061450278246,178.82610892431813,47.45050575885175,243.91737022285594
1935,2,21,1,5488.717099580944,20646.118940717555,2286.1763788207654,1436.564727421815,468.1028402714942,622.5638783511156,1226.404355341001,1065.1554320233004,804.8109780536624,249.83603838538318,577.724955956631,497.09389083308093,186.25440906313722,43.17595135794788,248.23114043595507
1935,2,22,1,5044.1006313868975,18741.9332865024,2792.809031196222,7880.402800691477,540.8527929914408,572.2787179229998,664.6407915977538,788.4371743885349,811.3591927183575,271.0207901389213,335.813860107155,689.0023650004669,193.68270920195633,38.90092084271828,243.48642849623326
1935,2,23,1,4496.60268002467,20573.240392616735,3460.1263785345113,7880.402800691477,610.1769942995231,606.1055519113187,471.247698267751,758.870250399773,811.3591927183575,263.7141512550988,537.1437387365002,573.0587186357158,210.66082238331228,38.4733701797635,253.84644172242022
1935,2,24,1,5243.245490618635,20355.539088675923,5372.265008528868,7880.402800691477,558.0117995113521,680.1586375800373,373.47970876216476,652.736270598489,811.3591927183575,241.80173628621537,466.3205719559437,453.781692437965,205.8889208378231,39.75602216863035,243.48642849623326
1935,2,25,1,8244.5570624541,27147.259167422704,3569.990727189416,7880.402800691477,610.8651695279498,780.719575125843,436.0912724855455,799.8077637400745,811.3591927183575,254.22452272524058,476.6680064936737,588.3850193895682,202.70364650645337,35.90854231635553,240.46113051630252
1935,2,26,1,4968.092674036749,22174.69977010668,2525.863612135069,7880.402800691477,430.3515134546571,785.2892472901256,372.1977203852066,817.2409715751235,2438.41355813603,241.07407307087018,392.31232272103284,448.4555311831121,202.70364650645337,35.90854231635553,276.2945880281325
1935,2,27,1,4400.339303961113,19671.601944963702,2746.5163157411416,7880.402800691477,324.65233578661196,1325.5802600630693,310.8775026181429,761.9057992348747,3508.1617619502886,223.54264075922683,465.528384781422,854.9394623821855,213.846096714682,33.34371445294756,234.41924044993894
1935,2,28,1,4885.366335231793,27887.256732750786,2406.944001774467,7880.402800691477,261.50658680412124,1155.5546756336403,268.0010738361506,952.2126653097729,1889.0714413953,256.4150140538936,541.1210083654488,643.6973851834978,217.0313710460517,34.625890327488676,259.8883317888084
1935,3,1,1,5459.838086761936,15634.31724826995,3024.3650091012337,2255.9894764764067,244.7408232718838,938.0213906542438,539.258585301307,532.094402370284,602.9932322980836,234.9451983602981,995.3791013852756,440.1510675122124,170.74272406452494,88.55726426467993,214.13450867088739
1935,3,2,1,6878.820414550742,16203.33052766963,3230.51081385221,2255.9894764764067,253.72491306723336,946.2130206325367,644.4190625279504,408.69679846778416,281.17502834142294,216.97866845598426,1036.621835730512,456.6802835970681,138.46928414103317,89.0333785886835,195.7520146144686
1935,3,3,1,5918.492963965501,13612.40470866211,2931.7795781910736,2255.9894764764067,316.59085453926116,399.54135678828555,501.95927383793196,447.99782877686675,599.7368228431152,223.44511888503493,1204.614518004005,553.8048268612879,129.67071504457104,80.98228536978264,194.89883705467193
1935,3,4,1,4654.13368397877,13189.148525463383,2935.3832027475164,2255.9894764764067,336.79749421366324,936.3793113344149,466.1571750775485,422.05999669154676,1156.3793140412188,259.37067701101205,1052.1389040979857,545.5365955799144,140.23019995063729,71.0362571413469,203.87461321955763
1935,3,5,1,5734.489531593505,13624.551133345693,3078.8813805952173,2255.9894764764067,717.7516385241771,941.3336992250619,409.47831668978597,462.9296765382947,685.0671390759015,339.8412266074506,1267.9894919681335,620.6173530789731,140.23019995063729,79.08735036024775,204.30120199945597
1935,3,6,1,4955.458105928302,13124.679040605046,2658.3661150543617,2030.7597578755767,694.5503022513358,906.7843503360651,334.14044499095746,422.8485610537011,1255.5759172736423,201.17262314978768,1219.3965673435675,620.6173530789731,160.76620446062114,217.36999462387428,206.4384988456967
1935,3,7,1,5047.911056689378,13485.33441966667,3235.9624510016083,2030.7597578755767,497.70949982437025,981.5881008366607,306.5449433588536,471.5784469623163,920.732075497297,245.7251163028996,1092.6466194153106,659.1903549289899,154.31151647591173,217.84610894787787,194.0456594948506
1935,3,8,1,4893.288008887005,12041.778563061265,3511.2239267314194,2030.7597578755767,412.3908962291082,979.9929380688437,261.04839234659687,425.2057749535715,958.9594908375191,258.65051547828426,1175.1320881057109,646.7916312458058,161.35517971434197,163.38339142509656,198.32025318735663
1935,3,9,1,5373.501871354867,13571.293732810664,3401.2671774470455,2030.7597578755767,380.9541443105139,961.0386510629303,234.9407458381256,472.35853213782735,815.0934448650206,271.5834163363525,1370.4021431936922,648.856877446711,198.32239181292522,134.96888856855784,189.34447702247087
1935,3,10,1,5694.780888967257,13675.005512799897,3206.0246469947238,2030.7597578755767,371.97761688031454,1222.4576787783228,234.9407458381256,400.0565072304567,954.0925745326346,261.53116160909616,1424.956888822596,686.7414638963565,204.77707979763463,130.23155104472315,185.49647210986325
1935,3,11,1,6155.040155771961,15936.10918463489,3675.604646880308,2030.7597578755767,327.064730268696,322.2697956527336,210.3303120326459,345.035064797741,902.0608147640753,321.16203685305953,1227.481776650881,667.4585862103634,175.43649623961642,189.43160609133912,213.27697816434173
1935,3,12,1,6013.45277347817,13223.7191187929,4194.156980480721,2030.7597578755767,294.138192416027,878.0151206528034,179.74974257395675,474.7157460376978,1608.2061259095249,294.57607360429444,1261.3743207167151,842.4030556189966,150.79569480827575,257.62546071838364,219.26227992319008
1935,3,13,1,6319.991461630956,16454.66808458037,4285.910805724087,1918.1448985752302,268.6908336943429,1213.4497007953285,172.29175179715355,664.1322975101621,1195.4031338677564,244.28479323747712,1339.4496752395755,898.2009354320622,153.72855117376312,194.64029679593767,211.56627009799936
1935,3,14,1,5707.716280125955,21206.723156874756,4222.339172524263,1918.1448985752302,254.4660248517009,1252.1089396391103,170.80389667355982,910.919026128518,1312.4745933470858,309.66945906041377,989.4989491617682,1020.1591584519678,174.26455568374695,194.64029679593767,466.72294878728366
1935,3,15,1,4594.470445689366,31325.629258516718,4253.200982827697,1918.1448985752302,250.7302164687835,1298.9316585299857,143.2083950414948,648.411885386478,1639.088922098736,275.89688384990336,1044.788713818656,1080.73971367755,200.0772976709709,178.06675717736954,725.7232794424266
1935,3,16,1,4885.56688393216,25939.157081604037,4888.085709158433,1918.1448985752302,249.23286816955857,1296.491997826229,129.0316622600058,1662.3445506142873,1644.044327790989,934.0345045449357,940.089336728388,1146.9000568844597,205.94902035351788,163.85950574910018,522.3100785766361
1935,3,17,1,4043.462892074908,29415.837562139903,4153.315902175041,1918.1448985752302,243.24347497265887,549.1676244103286,120.82506513168737,3199.6210975481295,1900.840529914353,1681.2771115461585,985.0888349941561,1266.032153524245,204.18810454389998,152.96601001589696,455.18763994298325
1935,3,18,1,4094.502536258714,33406.40524082056,4173.274438179677,1918.1448985752302,243.24347497265887,1197.0289075971177,103.67262210301087,1597.0548130997192,1971.5435504162288,960.5904610631978,1045.5237328465673,1308.7139083422592,246.43205411975092,140.1775792731589,412.87699769141796
1935,3,19,1,5024.547133123875,37017.63073323475,4012.497342587232,1918.1448985752302,254.4660248517009,1093.4371607924477,396.7987966112885,937.6284642026549,1820.3151874153407,642.324073706152,996.1141204131868,1378.2800961611515,338.55259176357634,133.55006788302651,382.10601723090207
1935,3,20,1,8273.536349623291,26760.44225827473,3554.744623296994,6579.749527194836,279.9133835733849,1028.4108197275361,753.3132139326556,824.473717821874,1839.0749375359308,562.5736856424082,1081.62133399628,1345.2361569472228,430.08415415368086,133.55006788302651,389.79767410934386
1935,3,21,1,8623.293282654851,21302.025873621507,3087.012636004509,6579.749527194836,312.8474837912041,1036.6681328786535,1044.9608908967373,984.009615398043,2400.5401003452816,801.1046883009781,1034.4167786467058,1126.8997778865298,471.7451384273694,126.4464421688931,362.44375683478825
1935,3,22,1,14996.029052420934,21957.93280652546,2940.8348398969147,6579.749527194836,326.32361848422846,1049.0541026052902,3096.048718206331,950.2624523710209,1871.5505426976788,849.9406422371051,1016.0413029483453,1072.4787288740679,437.7107826942597,128.81273035919182,369.70882493333164
1935,3,23,1,16846.090811144884,31035.983746835358,3000.8028485402965,6579.749527194836,341.289539111338,1048.2096046693894,7656.9329147057015,827.6110168972552,2013.7529881877454,762.3209890920743,1204.614518004005,942.9841688404385,426.56232253447257,116.50041394045734,388.5179077696488
1935,3,24,1,13063.742326642347,33337.26405416152,2832.726103205354,6579.749527194836,342.0382132609452,324.72822297726407,3116.916120254313,929.827612447647,2165.689266287581,747.2201019533046,815.6097809086452,975.3759250435915,444.7544459326899,107.50185321678651,384.6699028570411
1935,3,25,1,10199.906888747939,38956.386980779425,3087.936642301058,6579.749527194836,408.6475254810406,286.0971340647204,1612.4980811258783,884.2095880543814,1737.489120844844,657.4099574796869,403.0190998946209,1112.4068220909446,460.0077030138477,105.13556502648777,343.6390269451955
1935,3,26,1,8321.96886070532,29655.02869436706,3736.404261190484,6579.749527194836,472.2621411026757,974.1752856214835,1010.618574521793,880.3091621768774,1680.5904447713056,640.8912523234131,671.9380615816552,1340.4534815346367,406.6152932782096,103.71198319771673,446.22056967157084
1935,3,27,1,8576.665709874029,21946.72072220283,2920.8763038922775,4507.055898994241,393.6816048539311,1039.1077935823714,750.3281461060702,753.7318632655251,2106.401376755285,601.3723882165468,495.852003122751,953.3466322342827,461.7686188234518,96.13700430281946,437.6887940735055
1935,3,28,1,13145.967293696984,20098.595489603533,2754.647571150433,4507.055898994241,357.0041338880548,1046.5206087975878,1417.1118233849936,855.8891045090573,2138.080577430812,530.2414334972873,618.1510024929803,960.2307862371613,499.9077714779183,98.03193931235434,399.62662783405085
1935,3,29,1,11997.825985437266,17463.755673663738,2840.9497592444004,4507.055898994241,361.49617878572957,1040.796789454212,1050.2011353572273,578.4670743790288,2236.3922867895512,538.8608668417716,698.464081612037,900.3024140224242,560.3438444519865,91.39966677898225,416.72500260402563
1935,3,30,1,10675.207308062201,17640.346001753107,2344.111573611825,4507.055898994241,350.27362890668763,1039.9522915183113,904.7282061024687,766.3064971270826,1999.9486437593137,591.312631806673,586.47168238905,906.4619202355444,559.7548691982519,85.71962289361984,439.3864432996502
1935,3,31,1,8471.377642304438,18336.429570148906,2239.6988621064615,4507.055898994241,331.55677516637076,485.04208114375535,660.8322567845096,1296.8068123996186,2751.6659893960905,1193.3676731427943,494.373798188831,1064.8699270813613,647.7525800660037,81.45363855054649,479.9994363250708
1935,4,1,1,13155.994728703652,33940.847926890725,9099.336806124675,6631.441593759019,1384.0640693143714,3496.033788449793,3627.465651975719,2603.449481359939,6452.026700695816,1529.3680382425177,2721.367116537645,3070.7674739708345,1011.8354460930881,236.40504529754085,529.0571460138726
1935,4,2,1,12735.845201925631,33304.562141551876,7355.27492146526,13144.554069158683,1249.6808406414596,3467.3208586289306,1860.4739350595025,2799.4034857705337,7153.924521247959,1684.727885556986,2441.8148795798284,2603.369649562899,733.5145889502342,235.0100303282082,563.7936609487999
1935,4,3,1,33041.40109035923,40766.204258607424,17906.3180200343,13144.554069158683,1170.729748500481,3261.7325277874074,6812.130647040603,2870.2046946337423,6236.820510632389,1581.8798166684578,2404.083902812487,3004.607130763994,825.4067484344524,235.0100303282082,538.4159814913392
1935,4,4,1,33384.3393675861,37368.00836833334,30129.997316542624,13144.554069158683,1244.840926946991,3295.7939445356687,17998.368205881925,2375.4441512604003,6498.749097222743,1239.3529876786451,2220.737489733254,2617.5727462425534,770.5959901286348,246.64150326361798,626.0407992407047
1935,4,5,1,27108.167796933823,31914.263685481503,22146.58291471088,13144.554069158683,1137.4553418510288,3327.2280343722427,10918.42363659301,2367.5585076385014,6271.685329252895,1231.9263218726794,2746.521101049158,2477.2084693622005,705.5683141561481,214.9989452903358,594.046640748009
1935,4,6,1,22162.63685166201,31247.14466825424,13386.0792175157,13144.554069158683,1037.7077455541325,3166.4919272378006,4869.965043873947,2803.982246583269,6217.883781737062,1356.9793713527654,2725.042211677274,2472.2808643917183,720.5330935620175,217.788975228996,596.8325266575829
1935,4,7,1,18858.59701697624,29038.364056594,10861.694015454996,13144.554069158683,1129.8173530519423,2794.819002334438,2955.4978757126537,5465.174989303544,5352.988509664788,1662.5979217917675,3054.9024176581884,2328.8730667942964,731.5914044482761,226.6351793689853,642.364349492069
1935,4,8,1,18589.86175879831,31045.327150437435,10588.188151688528,13144.554069158683,1332.7912336136192,2680.8117809869264,2466.4707765968046,6762.575344771502,5068.141171747812,1640.3929412002424,3072.624543109468,2202.711886593667,630.6843176111192,238.26665230439508,681.9761647687446
1935,4,9,1,15978.717683071041,31321.891897075613,9088.52593245549,9911.162558567054,1536.4457270385833,2424.0844084709615,1812.188825387898,4334.136276697284,4479.421277631166,1353.3035468629523,2796.0123822634414,2073.507185675899,595.5801904988131,257.3493144104615,697.2985372713639
1935,4,10,1,15665.861710863881,30052.123347478748,9446.116369204234,9911.162558567054,1210.885907434252,2251.712996441838,1937.206086087985,3613.320616163156,4124.136387374419,1229.0006656460966,3069.684466997751,2150.8271048453944,601.1153558935079,212.20415420843332,639.5784635825198
1935,4,11,1,16423.93579736559,40232.695912897536,10006.988191184839,9911.162558567054,1075.0658293832957,2195.131634736013,2194.913822591035,3180.7973030958924,4844.970936821891,1046.259676723796,2725.042211677274,2325.757081298245,642.4638226856191,201.96769624235367,616.2901985572086
1935,4,12,1,22080.41188460767,60627.47729670504,10674.120737263762,9911.162558567054,1028.027918165206,2222.9062335169515,2010.0080537711297,2765.995490211127,4699.405894612109,1072.1404818051674,2849.260427398257,2478.4403706048383,820.6588866952521,205.22431821854053,637.4890491503455
1935,4,13,1,19248.66423873425,45920.02568581488,10293.430143102425,9911.162558567054,1002.39150031483,2131.3251240229797,1695.1255071724268,4938.278328374266,4520.5688427543555,1336.2747272876686,2784.9870968444106,2308.437999122539,690.9641318443921,203.3627112116863,697.9950087487636
1935,4,14,1,17474.810986060817,36382.279288256184,9682.661981110443,9911.162558567054,948.3205895094599,2098.10820521062,1537.7310217700453,3866.848298200202,4268.905025097981,1381.4348567339825,2904.713529616878,2200.248084108391,719.7517998580953,188.00802426256809,704.9161940553438
1935,4,15,1,19991.697172725802,37646.4417956914,10672.272724670804,9911.162558567054,890.166001524389,2185.185325713094,1463.9932961475456,3452.046485315488,4930.45168501325,1174.9885506936955,2892.9532251699366,2048.7966960444355,623.5925747601526,188.47461630008968,732.731523683691
1935,4,16,1,30687.96209430228,38137.90482518956,13374.991141957535,8082.775483056413,859.6896699795445,2372.8515336925734,2672.1503716707907,3315.78595520393,4834.706167888006,1027.730520622084,2716.1403145612185,1919.5919951266678,570.7470706172572,194.52126821493675,775.1292248699159
1935,4,17,1,23779.05937473153,31454.568228232707,12504.577210646754,8082.775483056413,872.848185336376,2631.455568288309,2845.2655904546423,4396.967050071702,5563.5047621980675,1058.7874867197295,3200.5178539701524,1789.1553929663319,544.3393434247403,204.76248732425614,862.754042619306
1935,4,18,1,20178.207463849096,28883.263556790294,10003.292165998784,8082.775483056413,900.5264417766128,2702.393394904566,1711.8755742871913,7510.948362048833,5289.718597701291,1462.8281132942159,2985.3206163470127,1880.678408815481,542.3680793102318,211.74232331414896,931.2258947404159
1935,4,19,1,19385.03735482449,28098.41765417035,8842.185853806403,8082.775483056413,870.7307230950552,3039.066572019743,1336.075185835376,6089.667089036957,5598.281091431205,2182.6895786876066,2623.77292338407,2089.594366609036,586.9078303852853,197.77789019112362,995.8671537358402
1935,4,20,1,18438.447490198218,26528.725848929098,8587.899321007391,8082.775483056413,809.7780600053663,2855.904353031761,1121.5994661313196,4810.496984952895,5179.726289210867,2871.569094809724,3244.9456707697427,2393.149325747793,687.8389570287172,188.00802426256809,943.7188518661193
1935,4,21,1,18238.901533566346,25591.58246758627,8549.645460331847,8082.775483056413,739.1304447964611,2911.5473836977,949.4200052868621,4209.577024218238,5885.517642806938,3250.404067739763,2801.2391842398683,2887.7214422724674,848.6051614893383,173.58176024525585,890.1776070416237
1935,4,22,1,18795.424176434306,25163.654582586165,8946.783366571133,8082.775483056413,698.2634235388026,2715.8115287750725,786.0928145488624,4047.7093503022297,4956.556054284852,3544.169959619788,2595.678862760767,3715.5590773168956,1006.3062906499656,178.23339719077282,864.4516918454507
1935,4,23,1,18432.43102919439,23001.590988939024,8525.066892844749,10714.675293934404,714.8855021332387,2717.5943577508983,783.1358194604318,4142.082698164194,4704.095832142255,3626.9885358801434,2152.7073952588034,3715.5590773168956,1006.3062906499656,169.39195419402327,858.923449493645
1935,4,24,1,18505.6313047427,22682.046585728847,8242.782969261561,10714.675293934404,731.5151430928146,2681.7501120268116,718.2035760474392,4252.8208763382445,4380.490142560942,3122.425362033094,2710.9951813656226,3624.6882444785224,886.1072592775337,196.8494672593151,839.4657775940194
1935,4,25,1,17905.990691345847,21951.39242400421,8412.522925930094,10714.675293934404,706.5744628360259,2590.169002532801,660.1585110681768,3602.8064246672734,3963.5281493130474,2103.5468269170974,2020.3223014496762,3337.800184504696,776.4857426658847,184.75140228638122,815.4810410913332
1935,4,26,1,18154.671079510434,21864.498770499256,8514.163618545952,10714.675293934404,682.3295201728034,2494.928401983233,627.6877105719818,3622.478137788576,4458.006845889712,1833.4862521550585,2786.457134900233,3273.5239255512697,720.112396952209,171.2535612008775,822.7504621366008
1935,4,27,1,18042.363807436082,22576.46612501975,9314.907475100083,10714.675293934404,689.2566466480129,2536.308800842687,601.1309002525703,3670.9790856564982,4434.291690076775,1860.8673937628907,2152.7073952588034,3551.136493815924,800.9462455501686,168.46353126221726,897.142321815546
1935,4,28,1,19893.42830966067,22786.692706078356,9955.24383858036,10714.675293934404,787.6203301228849,2555.1692547446546,552.9206512161486,3687.343915968586,4352.79296431671,2070.2393560297605,2331.643694170497,3833.6042022720785,893.9802958324226,201.50110420483207,957.9965171526514
1935,4,29,1,21259.16495756433,23902.295096231785,11122.263791070343,10714.675293934404,828.4571019199426,2479.727439136901,501.76276467065526,3566.0915462987036,4257.047447191465,2084.342519378462,2547.575950821475,4182.9569017249,971.6288700990125,195.454452289985,898.8835005090082
1935,4,30,1,22067.37621909909,23711.68966273828,11121.339784773794,10809.619905990814,769.6219010715954,2413.2936015121413,447.6478830367701,3414.0597289433463,4108.296787036609,2216.747217838174,2654.0720410911786,4768.979569319809,1051.2607283832551,178.23339719077282,871.416406619373
1935,5,1,1,31100.089673074905,20342.458323632065,19537.189133371492,16207.396924760002,987.5692646255218,4697.754351246416,4036.766174657063,5860.983424002187,5372.102217334946,2756.7933505358465,2607.275829645975,3029.7524090693546,1062.4993378165707,115.77672016796998,1456.3218592266257
1935,5,2,1,28796.78785205101,19907.99005611003,18819.236240984497,16207.396924760002,989.6111032153719,4697.754351246416,4638.552105467208,5220.46566142425,5913.126331663707,3299.615105807489,3240.8622317256713,3168.5224608121557,1186.1841410988047,114.4674057769601,1468.553639548326
1935,5,3,1,26372.154067447027,19800.540914679696,17835.169535203146,16207.396924760002,1012.5250696126109,4697.754351246416,6740.264437296853,5030.2775039629705,5942.150850718276,3998.021758872618,2698.6631954525033,3731.2114695762057,1373.6946300397954,124.48009001075718,1598.619687951283
1935,5,4,1,25052.54362057388,18283.17216961388,16496.284411562698,16207.396924760002,1050.7906372594935,4697.754351246416,5555.1270070821565,4630.314267786099,5387.676349510557,4787.648872746186,2491.7961734793134,3940.4172864856223,1610.0059257179914,129.26980011023397,1708.3139456405045
1935,5,5,1,24024.731532393904,17505.800989875457,15304.316289066881,16207.396924760002,1090.4174306329287,4697.754351246416,7925.308291717611,4287.41595803428,7739.812754969101,5259.504710316482,3103.4136735018515,5195.724652721179,1774.318001604096,116.64324823765692,1856.1835461842848
1935,5,6,1,23222.536731863267,17666.507531840824,14635.33573039486,16207.396924760002,1066.7472277209324,4697.754351246416,6795.754883101597,4261.808814229882,7107.379103495769,5204.517376621898,2755.668004507923,4512.454251737758,1871.3186199216557,116.64324823765692,1926.1789296621955
1935,5,7,1,22591.811069946063,18455.09079590187,14739.748441900367,14376.19667555871,956.2610729144494,4697.754351246416,5647.673467286049,4222.634971721111,5969.22860325093,4824.557151296996,3101.3719539798517,3656.717676786831,1862.0031949902846,102.28364022570598,2045.8849648389412
1935,5,8,1,22243.85907521571,21516.924156482175,14535.543050371958,14376.19667555871,882.6036363767834,4697.754351246416,4962.605079871779,4766.74438163149,5979.581861572277,3544.244976446095,2919.250572613804,3470.9904482662396,1481.6934597279192,115.77672016796998,1820.9682071086681
1935,5,9,1,22349.1471427853,21510.383773960246,15081.630771608487,14376.19667555871,830.4989405098034,4697.754351246416,4258.915109463995,5806.377461717283,11224.878786818126,3442.1470758207975,4837.8952418659055,5711.456484707439,1226.2104185458236,110.11572085556651,1610.4597030669288
1935,5,10,1,21789.616269415128,21276.798683894747,14213.988859187068,14376.19667555871,797.8295230721573,4697.754351246416,4212.595091465078,5899.394139708836,8909.111519565162,2961.58928639706,7766.12938037674,4381.003142671731,1129.2698997439588,113.60087770727317,1533.0207806744065
1935,5,11,1,21757.528477394142,22640.935609877404,13785.249937607166,14376.19667555871,791.5527599996444,4697.754351246416,4036.766174657063,6095.517727853213,6581.9291213426195,3610.7849013943965,4812.496251011756,3692.950066275794,1227.9533045007247,99.2365085520825,1550.0843318705126
1935,5,12,1,22293.996250249063,23066.99481415696,14761.000586720003,14376.19667555871,798.5101359354336,4697.754351246416,7332.786364507232,6566.282172893292,6650.4199071604735,4780.372240592898,4040.0729214332478,3544.10741025501,1526.4074993984707,91.39966677898225,1631.2232589866942
1935,5,13,1,20824.97702177709,22087.806116602405,14420.96626960498,14376.19667555871,754.0358665023796,4697.754351246416,7851.2898387132545,6654.126547003819,6335.751645702707,5074.21314929923,4333.508851140982,4050.346356195219,1531.6361572631604,88.35253510535878,1677.9303774392936
1935,5,14,1,20475.019540045458,23396.816961330165,14461.622546651297,14650.481110388617,685.9292059830698,4697.754351246416,6249.552973890135,6686.60183202727,6421.94030899292,4325.8452899031445,5586.307949865182,4829.632589324375,1534.5209340161114,75.73074437602146,1616.0314748860765
1935,5,15,1,19456.23214337152,24116.259038732176,14065.22384544919,14650.481110388617,617.1268078701726,4697.754351246416,5286.6580542763095,6873.398314812445,7091.804971320158,3054.2350669056855,6541.506011056673,6055.446790515882,1197.1823524693825,80.95371851034173,1548.6043299810538
1935,5,16,1,21998.186917553332,26598.80137594909,14829.377052661655,14650.481110388617,566.3909000948956,4697.754351246416,4601.496091068099,7116.4118053536595,14819.31770144609,2946.4358874798354,12274.817766508811,10381.304236385462,1122.298355924354,151.89951393012862,1460.0218639502607
1935,5,17,1,22446.413262349794,25127.2153085361,15229.471779049813,14650.481110388617,567.7823752820598,4697.754351246416,4518.213634463976,7329.663350612297,13077.846558169857,3029.629547871822,11617.38408041169,7958.082027361827,1070.0718767930407,109.24443164263984,1421.1065201509846
1935,5,18,1,22656.98939748897,23835.02259029262,14877.425380080078,14650.481110388617,551.8030977251701,4697.754351246416,4333.027138262251,8006.811199691912,13374.286005831242,2407.2149398717,7549.625442259583,6775.0220457672485,952.7576221735459,109.24443164263984,1316.2440333361692
1935,5,19,1,21650.23492282298,24973.049149092665,16182.122270749773,14650.481110388617,524.6995810361594,4697.754351246416,3555.31871485015,7972.724869197275,13374.286005831242,2580.2037413720363,7649.261354935159,7650.106716705398,935.3287626245478,114.03414174211665,1264.008672531764
1935,5,20,1,21783.599808411305,21811.241369964908,14989.230141957552,14650.481110388617,508.01700352055315,4697.754351246416,3444.150671652744,7400.464559475455,13374.286005831242,3076.665097976196,9046.450858258066,8517.510121071791,987.0143461146905,101.84561504762277,1233.6251043305288
1935,5,21,1,19220.587420715812,21338.465147671577,14067.995864338698,9032.924897044219,513.5753419040385,4697.754351246416,3110.833693648407,7450.746136548398,13374.286005831242,3416.11623708678,9447.44457238681,8663.16432681754,1097.897952555751,100.9743258346961,1266.9686763106818
1935,5,22,1,21196.99486052333,20164.93365518242,13776.009874642099,9032.924897044219,513.5753419040385,4697.754351246416,2990.4952226451737,7918.118906912371,17376.66099619609,3408.8396049334933,9223.672112771153,9294.332551715741,1139.1262203165004,96.6226409133025,1339.2275920900859
1935,5,23,1,18589.86175879831,19217.512529876563,11569.482838580374,9032.924897044219,519.1336802875238,4697.754351246416,2777.6102914380094,5995.717700509551,18096.964609319446,3235.9258202594633,9845.171535280368,9929.84866335263,1068.3289908381396,101.41235101277933,1326.2558108236688
1935,5,24,1,17360.49822698519,19851.929634494172,10398.766860904338,9032.924897044219,544.8532841545206,4697.754351246416,2759.082284238474,5092.514734269099,17504.97060787045,3459.55097952768,9568.314368091631,9920.428242085492,1175.1258302125325,93.57550923967905,1278.0686904816105
1935,5,25,1,16441.985180377356,21649.600487639273,10565.087994275795,9032.924897044219,544.8532841545206,4697.754351246416,3101.5696900486396,5106.166224840312,17357.193330976555,3470.4284193444732,9160.7871514923,10169.707081769751,1389.3806036338924,94.44679845260572,1421.8465210957263
1935,5,26,1,15015.08117893334,22253.18436036847,10304.518218660447,9032.924897044219,525.3953186297363,4697.754351246416,2694.2342590399844,4973.97570434004,16784.666994747,3796.0764624116814,9910.506559985664,10767.541508338092,1533.980038374927,85.74342860981852,1481.525420814743
1935,5,27,1,14545.797220622902,23267.87799161349,9727.93828963936,9032.924897044219,497.5960643471488,4697.754351246416,2675.7062518404105,4937.34561783836,16888.1995779601,3905.3759783639593,10682.276539317092,11007.399926755214,1739.520382021781,87.48600703567185,1757.589302665992
1935,5,28,1,13934.123685218403,32101.131757533905,8803.100387464208,5788.192780012551,476.74662363521077,4697.754351246416,5342.1485000810535,4275.460304801095,16321.867498845866,3343.724999685313,10456.870704083809,10969.718241686665,1580.9778596415504,84.00085018396518,1806.8646596914796
1935,5,29,1,12710.776614409106,38832.11971286413,8099.931595821288,5788.192780012551,453.11423254894447,4697.754351246416,6147.648934292535,3777.3928786185893,15704.211575062018,2540.3698065946433,10244.531873791555,10394.34789660146,1267.4386863065592,72.25034866755452,1607.4996992880112
1935,5,30,1,12364.830106680027,32836.4576210606,8215.432382884816,5788.192780012551,428.79366623425165,4697.754351246416,4055.2006060626973,3569.313637240976,14354.748417797678,2562.799837665154,8371.050040366956,8589.974900049787,1167.6133907517572,64.85153207253745,1441.1300751260083
1935,5,31,1,12474.129148252463,28403.94695197571,7850.634697023328,5788.192780012551,428.79366623425165,4697.754351246416,3592.28115345532,3768.91369192835,12468.154679248504,2846.5134748178903,8170.144839398176,8551.568567191478,1165.870504796856,65.28479610738093,1355.8993780801623
1935,6,1,1,7691.243198788117,19712.71292081515,6629.560376187708,5497.029303039145,328.8343237132336,1576.8653125476126,1960.7871861601702,1815.7330378400559,4185.725000978011,2242.32795561422,3419.2268491711143,6760.96387864556,1030.5864949871925,96.17985459197958,1329.9993450146455
1935,6,2,1,7847.2700874912625,19652.91513775819,7095.259549627872,5497.029303039145,350.0921321431458,1689.2773711273078,2008.6044168620776,2091.0522296709896,4935.141622543399,2130.927968524897,3907.2794837197494,7004.662930348492,1102.0448191380997,86.2290652203041,1469.032463689015
1935,6,3,1,7432.535375617158,20507.836567398805,6490.589829192856,5497.029303039145,315.54724814889073,1667.5080910016989,2008.6044168620776,2817.0401940861425,5935.4256572788445,2151.3325452847016,4881.179695733142,6549.584118366729,1202.8918064595757,95.70374026797599,1601.579691730176
1935,6,4,1,7506.838669016284,18127.13732944989,6533.463721350861,5497.029303039145,287.64968311938213,1690.1218690632084,2008.6044168620776,3665.806781775474,6775.632390277128,2153.357999595408,4989.962511867481,5915.37237275146,1356.5662680692162,79.59679268693199,1758.4163625453932
1935,6,5,1,9657.121831838647,17747.79514318344,7350.839691242024,5497.029303039145,271.04272925524634,1935.8707684123456,1466.613418377771,4505.7550153070015,7544.428187674685,2153.357999595408,6136.020513979413,5925.952230482251,1336.9137264398275,79.12067836292842,1873.8129804557886
1935,6,6,1,11623.802659689747,17139.539568652865,7018.012623239744,5469.1613011671125,257.755653690914,2355.3047432465078,2415.097665725278,5056.393398968818,10178.049334330488,2153.357999595408,6762.583400903247,5236.739717622659,1305.121082641825,84.3341302107692,1898.450658968508
1935,6,7,1,11702.016652741537,16580.804033215536,7175.8328986833185,5469.1613011671125,245.13406625955764,2709.2432114957965,2861.45420280577,5309.157954203792,11921.2902653539,2153.357999595408,7377.712658503752,4555.063541776859,1242.557486812467,85.28159771553665,1812.8281967166322
1935,6,8,1,11541.577692635408,15793.155109514762,6831.08614945608,5469.1613011671125,235.1668689950182,2685.784935498347,3060.7706438919936,5296.015214833977,10741.726731823861,2153.357999595408,6988.070904917435,4503.106295249603,1154.2712982694268,78.64932518216456,1601.884398001546
1935,6,9,1,11176.579058393923,16202.396187309356,6438.291072810421,5469.1613011671125,225.19967173047877,2483.5745964004664,2670.185279998102,4973.127785671026,10383.344713009408,2153.357999595408,7768.987787707627,3966.2872125807417,1075.601032236163,78.17321085816097,1558.093753860522
1935,6,10,1,11145.494009873275,17049.842894067766,6036.9027376072645,5469.1613011671125,218.55991513088244,2264.6619647924217,3339.7200856188206,4618.952157621202,10179.819122077668,2153.357999595408,7350.02694178482,4162.014580600263,985.5118582225272,66.80360080095419,1483.092481638886
1935,6,11,1,11423.253959557238,17108.706336763767,6050.670431425178,5469.1613011671125,211.25467039829954,2105.3333542178275,3969.3916030222867,3915.6036216689,9681.623871231908,2153.357999595408,6567.558352157903,4806.3713952724975,953.7192144245248,67.27495398171804,1396.1206058995533
1935,6,12,1,12121.163436018922,18138.3494137732,5325.048286777239,5469.1613011671125,205.2728395665396,2037.3981869292359,4128.751180097357,3409.396176263771,9308.19865656596,2153.357999595408,4971.17869226475,5208.478453821247,905.8199004226173,60.64268144834595,1390.6358930150898
1935,6,13,1,11479.407595594412,17923.451130912534,5302.779735031442,3405.3467524272683,203.9418633005665,1841.9438313186013,4017.208833724194,3109.2329674305615,8250.396520045491,2153.357999595408,4526.573849145157,5721.094300311524,817.8943089736771,64.90866579141931,1198.4968241895715
1935,6,14,1,11283.872612965088,16948.93413515936,4767.595288093854,3405.3467524272683,186.0039331704472,2056.6339732471424,4543.291947239151,2724.362683562257,6660.684676094453,2153.357999595408,4555.811272700742,6268.058452037281,693.1277144091018,64.4325514674157,1090.3260978571266
1935,6,15,1,10806.566706649253,21143.188012376693,4481.984941843061,3405.3467524272683,174.0478338720879,2073.4300988612913,4527.290486475903,2397.8292041225263,5053.18646528378,2153.357999595408,4914.17388320933,6253.9278201366105,703.8254282012468,67.75106830572163,1007.445992047483
1935,6,16,1,10213.94529775716,17019.009662178672,4593.512501831698,3405.3467524272683,168.73905353847508,1935.0262704764446,4630.972466158311,2556.3052033624285,4334.121703583489,2153.357999595408,4943.411306764987,5885.589348591548,751.0035480149271,68.69853581048906,1026.2942514044178
1935,6,17,1,9802.82046248517,14983.082017167379,4519.776799370258,3405.3467524272683,158.77185627392518,1805.9119193865458,4535.338004754497,2407.325893215562,5351.395700692346,2153.357999595408,4119.618314012003,5052.026996007826,806.0547043834963,73.43587333432376,1142.3438113248458
1935,6,18,1,9809.438569589494,16021.134157418612,4414.255280308979,3405.3467524272683,148.80465900938572,1679.2372290004039,661.5621479772291,1772.6587694538314,5658.188406674985,2153.357999595408,3720.5029818434523,4435.496656463177,827.5102314834811,59.6952139435785,1175.2520886316272
1935,6,19,1,9868.500161778697,14244.018792199577,4733.314654493344,3405.3467524272683,138.83746174484625,1658.2186137067115,414.475264086049,1749.2562141888584,6531.844128095975,2153.357999595408,3578.2359655476494,4013.17192457948,810.7424666070156,59.6952139435785,1263.2251421197047
1935,6,20,1,9900.487679449798,13734.803295856856,4597.762930795567,2284.824506804559,131.53221701226337,1597.0394299054044,414.475264086049,1589.3387532116535,8388.616943104264,2153.357999595408,3484.0718611911375,3992.519462570774,734.5963802325889,50.69665321991018,1118.0543685508144
1935,6,21,1,9170.189587916577,12424.858110768822,4146.663056840256,2284.824506804559,122.23050788071046,1695.1888566786524,127.53444955701421,1763.1620803607962,7567.789385938149,2153.357999595408,3810.9919910603357,4361.799976242543,709.8954792855535,53.53905573421251,1096.4637527516477
1935,6,22,1,8950.789309971431,12893.896971620374,3988.0111757297454,2284.824506804559,116.25623941410068,1794.1827813878404,278.9681568855842,1370.2365691368102,7878.387135577345,2153.357999595408,3820.3839008616646,4713.471548622675,723.8385669247631,46.9044026292193,1098.2049314451344
1935,6,23,1,7985.047044482572,12270.691951325387,4002.6104752145966,2284.824506804559,108.94343231636762,1646.4894757079671,7.970598975983193,1432.3042157091054,8079.523513050236,2153.357999595408,3927.1249974740053,4583.324805578271,710.2560763796672,51.168006400674045,1070.0848955454417
1935,6,24,1,7382.19765188374,12178.192255659464,4006.029298511672,2284.824506804559,101.63818758378477,1802.5339276429424,47.82378100748182,1644.7926341655702,7518.058350240979,2153.357999595408,3982.006418226449,4482.961086693708,687.4182604189086,44.53573386730195,1084.1449134952882
1935,6,25,1,6503.192699202085,11479.305666183514,3735.0182517457315,2284.824506804559,94.33294285120189,1570.2031621643125,47.82378100748182,2318.972767903637,6572.991693219071,2153.357999595408,4030.681011631918,4096.433955625216,655.204920011098,51.64412072467763,1121.797902741791
1935,6,26,1,7061.520280371552,10716.883932208824,3804.5035252431576,2284.824506804559,89.0166001524389,1612.1465596477522,87.6767758873694,2341.6121963664873,4622.951063931664,2153.357999595408,4236.813014577124,3671.138167803433,576.2341563994154,45.00946761968441,1013.583646942004
1935,6,27,1,7672.993267075983,12351.04522230773,3257.3069964509987,1599.8167131523846,83.70025745366544,1638.9828273888052,87.6767758873694,2516.8769852529836,3652.2224845749975,2153.357999595408,4620.166272035492,3695.848657434897,196.60354566429922,40.27165398152398,1020.8095385199542
1935,6,28,1,6746.65882116312,9548.958481881322,3205.0082400685624,1599.8167131523846,79.04940288788899,1623.8756976464574,87.6767758873694,2543.1624639926135,4734.80164955673,2153.357999595408,4848.75718972313,3747.298650509273,882.5613878520503,38.376242857665886,962.9153469617416
1935,6,29,1,5724.662645287201,9342.656130335461,3124.3424903835034,1599.8167131523846,73.73835384473323,1716.1136388683603,87.6767758873694,2051.6240115615446,5134.773680431119,2153.357999595408,4748.30458923874,4050.056497079288,489.366316426555,38.376242857665886,937.9294327103104
1935,6,30,1,6529.364304569431,9776.003189424893,2712.6976852889784,1599.8167131523846,68.42427985551319,1726.9982789311648,15.941572255142182,2300.7425165196887,5499.70391391036,2153.357999595408,4261.3953176224595,4209.479010830864,475.068641644804,38.376242857665886,848.215200528746
1935,7,1,1,7394.230573891684,17805.724245519847,1725.3969574699172,455.5143586766515,33.392379545749094,111.4080443669851,356.9542235528317,787.5553389727443,4198.644451532854,1934.083816253928,5703.584319211206,4319.842869214288,567.4235673998227,20.02155955300083,1259.7427847327313
1935,7,2,1,6347.767456599441,16354.693666032239,1621.0766465940233,455.5143586766515,32.10828994368837,128.15725342916164,0.0,683.6768228310511,4062.724752545471,1646.4693041323933,4835.526847220365,3784.5455469039953,541.8271836690615,20.02155955300083,1324.9063973362115
1935,7,3,1,6868.5924308440035,12961.169477559537,1428.1441318831455,455.5143586766515,32.10828994368837,90.46543388754614,422.20462466527255,778.7030680681634,4094.1384850587983,1502.7370648979158,4364.787994218638,3554.832197543769,475.4592884967651,19.621147406514797,1375.7052857185
1935,7,4,1,5096.744665171841,15242.828637319913,1510.4730929020793,455.5143586766515,32.75033474472396,257.99411941977723,445.2336275532191,746.4906378320806,3411.619840338823,1354.5038160841214,3942.4787282797447,3297.002513940095,474.1551290063754,22.024096399759237,1348.194662361523
1935,7,5,1,6110.217521292344,13741.343678378784,1345.8151708642122,455.5143586766515,28.255264900984915,325.009722289257,756.1298453301577,736.0188422696691,3248.0029631072084,1292.539917541509,3618.580343303168,3168.37753125419,453.76336333404254,21.623208138949984,1485.399543407746
1935,7,6,1,5490.722586582517,15302.626420376871,1115.2755998855043,773.3678210391807,27.612463863438492,295.6868772924743,364.62743865570724,692.5375729223263,2482.9237199789363,1229.1506992987427,3573.7441825992064,3149.971477393812,416.8923104605599,28.831102890041894,1473.6465872267597
1935,7,7,1,5852.612715971907,14359.876996872392,1418.7192676587138,773.3678210391807,26.328374261377768,474.11052452893915,817.5436388911608,703.8064120335862,3187.2992433772065,1243.1788458211045,3328.492833611667,3062.4340243883694,380.4539741000027,26.02821786463213,1447.0936121511857
1935,7,8,1,550.5162092991275,13017.229899175392,1283.075143331325,773.3678210391807,24.402239858281458,261.34396123222035,303.22300267410196,728.7776168362244,3101.110580086994,1223.2993868455776,2960.4933069590397,2965.621079673824,348.3488128204233,26.02821786463213,1263.3557305217066
1935,7,9,1,552.1205989002664,12300.590842854206,1875.178378133811,773.3678210391807,23.760195057245873,253.80916298182004,299.3770375432664,698.9817548068714,2245.4182043003725,1120.7513852623417,2942.11783126068,2759.82110737632,354.85759036924145,26.02821786463213,1113.3096566110678
1935,7,10,1,4932.996651513253,12310.86858681656,1476.0076580423452,773.3678210391807,23.117394019699447,315.79531147744177,326.2520055620485,674.0190291909274,2344.791786307438,1005.0004222462811,2776.9018875370975,2557.71683880673,315.3782185149655,26.02821786463213,1027.5130764898486
1935,7,11,1,4961.875664332559,12285.641397089797,1076.0053322837996,773.3678210391807,21.833304417638725,264.6938030446245,330.0886131134863,667.5748473063823,2792.725065131818,953.3888457362176,2592.575449087316,2742.0672365267174,321.8869960637837,34.0369369086961,1027.5130764898486
1935,7,12,1,4197.083196376643,11759.607774262115,1245.3756864338825,773.3678210391807,20.549214815578004,319.98026791539894,368.4734037865039,649.0478243882892,1900.5750617522478,892.9252837200338,2665.260664071943,2870.692219212623,300.6297973655725,34.0369369086961,938.4082568509995
1935,7,13,1,4465.918728904456,10876.65613381391,1182.6356589008526,1036.3907699391495,19.907170014542416,286.4724664806591,310.8962177769386,661.9361881573798,2344.791786307438,979.9448022544799,2563.174687969925,2759.2413891445267,278.07444912854373,33.636524762210065,892.8764340165134
1935,7,14,1,4548.544793358929,11406.427118082696,1546.6017390955449,1036.3907699391495,18.622324175970856,227.83615979748046,234.1359940102623,644.2231671615236,2344.791786307438,886.3238030036379,2610.2159057576923,2788.009906398749,265.928337008358,32.83570046923549,825.101053372803
1935,7,15,1,4514.852611736804,11997.864566128992,1392.8470913564745,1036.3907699391495,18.622324175970856,406.2598070339843,345.4444008985574,625.6961442434307,2344.791786307438,817.0082554813996,2830.476607795453,2571.84747070747,260.71770899835735,34.83776120167067,754.9750814928906
1935,7,16,1,4267.676338823172,9767.594126182412,1374.8289685746906,1036.3907699391495,17.980279374935268,430.55319765690894,345.4444008985574,599.1223731563504,2344.791786307438,714.4902606286664,2520.5435843496966,2494.672481095941,241.63010281641428,27.629866450578767,725.8538678444528
1935,7,17,1,4002.049585497637,10885.06519705639,1162.3075203777667,1036.3907699391495,18.622324175970856,388.6661000359069,318.5694328798141,581.4093521604942,2344.791786307438,1123.0018900520001,2184.23154467917,2791.0534271158876,251.61263237190414,28.430690743553345,691.4655886482129
1935,7,18,1,4220.346845591963,10592.616664294208,717.6017699941829,1036.3907699391495,17.980279374935268,376.93696203716263,318.5694328798141,684.4823455666448,1579.0931174675873,786.7764744733241,2558.029554774329,2530.1802227951457,275.9048566122618,28.430690743553345,645.5855300750146
1935,7,19,1,4126.490053929816,11016.80718785321,1234.4724121350857,1036.3907699391495,18.622324175970856,443.9525649066424,326.2520055620485,601.5389413630802,1478.2152158753531,691.6326336481358,2729.8606697493296,2476.918610246339,258.98684294660063,28.430690743553345,658.383193472088
1935,7,20,1,3797.48991136228,10324.46098089919,1203.0561980536934,927.1165543963662,17.980279374935268,423.00901609612185,168.88559289786036,631.3348033924332,1368.5768649344031,434.3024143130976,2463.29376895164,2271.698356180697,257.6826834562109,26.02821786463213,631.8302183965383
1935,7,21,1,3886.533534221011,10307.64285441423,1243.0656706925806,927.1165543963662,17.338234573910135,388.6661000359069,199.58781088864353,587.8535340450904,1464.3223820596475,486.64915572112363,2334.747107843948,2046.3328935591599,366.1382694635488,26.02821786463213,617.7702004466673
1935,7,22,1,3673.851637730373,11475.568304742412,1128.581290555215,927.1165543963662,16.696189772874547,409.60964884638844,191.9145957858069,656.2975290083772,1579.80103256644,492.5529799527431,2241.481360077154,1841.112639493518,261.58915197580797,29.231515036527924,652.4631859142528
1935,7,23,1,4458.698975699629,10527.212839075595,1333.2486852316838,927.1165543963662,15.412100170813826,406.2598070339843,214.9435986737535,651.4643925949682,731.4355780534501,410.7021207519537,2278.9673305018587,1629.8053439937385,236.42548475798588,33.636524762210065,645.9337658137266
1935,7,24,1,3394.5875727957546,12435.135854731852,1246.9464971378595,927.1165543963662,16.05414497183896,376.93696203716263,214.9435986737535,628.1127124501605,882.6904878705959,359.8257091398199,1862.5382167863995,1551.3984531395715,233.3904592158394,29.231515036527924,594.8301711600682
1935,7,25,1,4263.665364820624,12435.135854731852,1267.3670362907,927.1165543963662,16.696189772874547,381.1313017855066,230.2900288794267,677.2326409465059,1022.2294028011099,403.327966724409,1886.793844708267,1530.6010615729003,238.5950772742678,31.634464029774875,605.3207727883062
1935,7,26,1,4034.9395723191938,10359.031574228708,1156.024277561431,927.1165543963662,16.05414497183896,364.37270941294327,218.78020622515234,748.1016833032169,1299.9091003418116,373.0961857163336,1615.000141934151,1727.8501899509217,196.95212285528223,28.030278597067312,568.625431823206
1935,7,27,1,3519.8302360285024,8742.342448866888,1251.6589292500753,1515.0698557240714,15.412100170813826,374.43161816065935,303.22300267410196,688.5099592444601,724.8608165724025,303.0529749787501,1711.2059658127343,1606.5441499417918,180.8995422154994,28.030278597067312,556.1760041648201
1935,7,28,1,3417.049027210505,9822.720207437993,1319.1113888951786,1515.0698557240714,14.127254332231814,300.7163316662934,161.20302021558706,665.9638018352459,749.6997876048715,321.48460920627014,1733.991555678707,1475.4553647706105,161.81193603355632,26.829042157606708,566.3183700543459
1935,7,29,1,3216.4000527278117,8898.657591138342,1324.6554266741891,1515.0698557240714,13.485209531196224,100.51402099379389,180.39541555213472,695.7596638645989,993.7358200706567,306.0011362532511,1796.4681730531906,1311.3226403855006,164.8469615757166,28.430690743553345,833.5892995035263
1935,7,30,1,3279.0715215191276,9762.922424381035,1439.8790118488796,1515.0698557240714,13.485209531196224,62.823139783181965,145.85659000991382,753.7403424522194,378.5045055004201,234.48009403709185,2000.6401252572273,1258.6407460684866,154.87044197179898,26.829042157606708,833.2845932321562
1935,7,31,1,3921.0279106440044,7182.461217408872,1380.280605724089,1515.0698557240714,13.485209531196224,135.70143498994872,138.17401732764048,613.6217823965771,664.9446523899326,283.1435092726873,1954.3339264973708,1177.7700527291129,138.385144819077,30.032339329502502,785.14100235744
1935,8,1,1,4532.5008973484355,9885.32101157578,643.4502646993469,888.2595927953873,9.59134771670539,243.0371226438128,3.8699205340670306,259.6072588939438,1215.4017354114096,1130.6536063369517,3018.4781413850083,2683.15337121767,365.87984154609427,91.56154564914327,1325.2111036075817
1935,8,2,1,3949.3052773625104,7319.248646151043,623.214526805873,888.2595927953873,8.8532608782993,120.67875504119893,61.919102848213626,221.33221017435156,1200.8894758841252,1130.6536063369517,2833.253346345436,2533.6585321860416,348.8596587037602,95.027657927891,1214.123902963561
1935,8,3,1,3599.2475212809964,12357.585604829657,390.1154583857678,244.66699056892543,8.8532608782993,39.47277185535571,0.0,240.46973453412227,788.8386436348462,1015.7278284104283,2983.1972280441096,2352.1342608462433,309.32018733380323,97.10827752378809,1388.7641259196014
1935,8,4,1,3815.9403917744817,11672.714120757842,399.0228790840864,244.66699056892543,8.115930276407967,33.270403681642776,0.0,227.15741143052492,933.9169942142447,866.6693945070637,2284.1124636973823,2154.595273352291,295.3049802757821,89.4809260532487,1264.8792618785074
1935,8,5,1,4058.5040445847644,11894.15278613976,728.4403638522512,244.66699056892543,8.115930276407967,23.68347544701084,9.674801335167587,227.98837172615023,1336.4552173221286,862.0183512750674,2150.175663051529,2060.9707789127106,282.29343512970416,87.4003064573516,1216.692141536449
1935,8,6,1,3527.3508122835797,9704.993322045308,947.7532583285199,244.66699056892543,8.115930276407967,26.50316022190261,15.480243591031735,238.80781394287155,952.7652337222031,862.0183512750674,1669.1465436586839,1979.4479025624917,266.77574017953344,81.84881343946958,1216.0827289937336
1935,8,7,1,3551.617204999537,11629.734464185165,726.0102272924535,244.66699056892543,7.377919061653347,148.86621947970104,0.0,292.8965458396823,1078.9511000999116,768.472368850565,1966.5842436295868,1887.1277741445322,260.77179856247994,79.07306693052855,935.491782539424
1935,8,8,1,3108.905949456581,8913.700470938576,707.3915004177625,244.66699056892543,8.115930276407967,112.21500906129987,42.56950017787573,289.5642254704359,1147.6188646925027,768.472368850565,1899.2891681831202,1824.2283459916396,251.2580452293489,69.7126593206153,1058.7672340378026
1935,8,9,1,3335.9270780066886,9946.987475353288,725.1971017514386,244.66699056892543,8.8532608782993,85.71278717046816,0.0,343.6529573671957,650.6447673922374,768.472368850565,1761.350597274026,1733.1401188163181,240.746639935833,77.34001079115468,1186.5262206718996
1935,8,10,1,3659.1113082707675,9662.013665472628,576.2750069432228,555.1094984903677,8.115930276407967,125.74574265664303,11.609948753788983,238.80781394287155,894.4507274509594,774.4737149563763,1854.3713386982554,1750.459200992093,224.23129302526362,69.36509586409207,1093.4166900380706
1935,8,11,1,2478.0800131891947,10462.743354217939,532.5695091184238,555.1094984903677,8.115930276407967,103.19764776787967,11.609948753788983,332.00255485489987,1018.8668060812995,548.6130542637356,1702.8757501627842,1726.1110352554738,226.7314328778118,69.36509586409207,1093.4166900380706
1935,8,12,1,3607.0689205863246,10754.257546619849,728.4403638522512,555.1094984903677,8.115930276407967,117.85437861107765,11.609948753788983,309.5327101258319,936.4831864477395,548.6130542637356,1934.5700815240184,1595.2396444212409,222.7288051331003,69.36509586409207,1093.4166900380706
1935,8,13,1,4060.208708536086,10281.481324327193,743.0027030852575,555.1094984903677,7.377919061653347,104.88664363972039,11.609948753788983,323.68447271179963,807.7222788978466,597.3964964214414,1241.855482086,1544.586763915606,204.21214435017512,69.36509586409207,1093.4166900380706
1935,8,14,1,2491.917873498346,11005.595103529904,819.0853815397004,555.1094984903677,7.377919061653347,241.3481267720111,11.609948753788983,296.2203870222345,1042.9359194437106,598.7317959299885,1627.4954654090766,1518.2820491465905,203.71331836998272,68.32240549452493,894.3999653733142
1935,8,15,1,2761.4553264768433,10078.729466150107,823.1325291184236,555.1094984903677,7.377919061653347,275.74734269462465,34.82984626136691,307.039829238905,892.6809397036858,598.7317959299885,1402.9879867654379,1559.9492970589847,199.70468067371274,68.32240549452493,894.3999653733142
1935,8,16,1,3080.227485337641,8469.141327525838,768.0987140983268,555.1094984903677,7.377919061653347,276.31034131857155,25.155044926199324,372.77896364806236,1119.3022607367861,598.7317959299885,1128.8258893458542,1397.0484739164433,191.69942518431728,68.32240549452493,894.3999653733142
1935,8,17,1,2939.9436695947384,6529.544173657394,563.3204386661808,581.5972870205784,6.64013471785316,252.06386724761975,25.155044926199324,292.8965458396823,538.192453933161,533.2496082328269,2041.1478405745524,1396.3962909056677,186.1943095474562,67.9748420380017,1000.3506888715589
1935,8,18,1,3103.691683253327,9033.76320723229,432.2039451916411,581.5972870205784,6.64013471785316,199.62054542774004,0.0,158.92539613444063,794.8470730367359,429.67387612898654,1523.2861010040829,1361.1059435433422,188.19562341979818,56.87661714547736,805.1645573324636
1935,8,19,1,2544.7624559833584,8172.768565250905,643.4502646993469,581.5972870205784,5.902350374052972,160.1449585792566,32.89469884274551,307.039829238905,903.8306025112545,279.31765113022806,1285.1399359533086,1373.932209422462,179.18670601844562,58.266870971567734,728.7268126886863
1935,8,20,1,3105.396347204351,9718.074087088486,671.7802977504101,581.5972870205784,5.902350374052972,139.84885818628084,21.28475008895653,271.25766140623966,1359.6394368108554,279.31765113022806,1520.8360375776394,1356.0334090148942,174.180416361777,56.87661714547736,848.8246130714614
1935,8,21,1,3351.469602267162,11881.0720210959,755.9572713622996,581.5972870205784,5.902350374052972,157.3299654596001,25.155044926199324,279.58422273603406,842.0561611941424,374.8740845002015,1592.214552068178,1312.9893303019658,174.180416361777,59.30480019789516,649.1114169293055
1935,8,22,1,3464.980166542216,10963.549787318181,759.191293400008,581.5972870205784,5.902350374052972,142.66385130597638,25.155044926199324,284.56998450988783,1017.98191220771,374.8740845002015,1066.2676031905403,1261.6842667855553,165.17149896041064,59.30480019789516,649.1114169293055
1935,8,23,1,2631.399494440679,8789.900373203758,704.1574783800539,581.5972870205784,5.902350374052972,145.48822773605863,27.09019234482072,259.6072588939438,451.49940113499565,374.8740845002015,1971.4027017016426,1278.3511659504852,159.16154739179868,59.30480019789516,649.1114169293055
1935,8,24,1,3142.698405428889,10146.00197208859,479.9565905951634,542.828237097578,5.902350374052972,143.22684992992325,27.09019234482072,398.5726495596826,779.3968260034408,373.53878499165444,1304.413768241314,1291.1774318296054,152.65877979455274,51.67744872735577,568.2336666171765
1935,8,25,1,2971.12899246557,7009.795118832253,454.8698196450554,542.828237097578,5.902350374052972,152.81659315767712,27.09019234482072,373.6099239436877,563.9428656553828,225.86066069260755,1638.684088389841,1264.292998828797,145.15235028533593,57.919307515044515,620.2513800848958
1935,8,26,1,2849.7970288851875,9585.39775593139,870.0812890440351,542.828237097578,5.902350374052972,207.51190947330542,27.09019234482072,367.7847226875144,982.8516254251933,251.9215061571608,1327.6077020117305,1253.3508172030904,144.64751435357127,49.939631444744684,500.153579702096
1935,8,27,1,3376.638464133872,7399.97565327804,895.1680599941432,542.828237097578,4.426781686452596,256.5772395495427,27.09019234482072,427.6901766538042,771.6717024866985,232.54465991796033,1623.493695145835,1245.6695506314707,145.15235028533593,49.939631444744684,500.153579702096
1935,8,28,1,3186.01692465755,9744.235617176202,842.5551414710255,542.828237097578,4.426781686452596,211.46228315128153,1387.3547209129633,430.19153672742533,893.5658335773699,256.60255611969296,1691.6054584011163,1265.5249000714348,137.1410848443682,49.24926567493797,602.8831226174198
1935,8,29,1,3316.7746771441,10830.873456161087,755.9572713622996,542.828237097578,4.426781686452596,157.892964083508,1387.3547209129633,393.5784085991346,715.8791437552181,256.60255611969296,1439.0855879151507,1218.0604698408342,132.1347951876996,63.46603938968681,557.960712325649
1935,8,30,1,3303.8392859857017,7641.876372549516,781.0440423124076,542.828237097578,4.426781686452596,147.17722360789935,1387.3547209129633,417.7101739194533,947.6328492553081,256.60255611969296,1626.6787776002623,1131.4650589621676,129.13582935495896,74.21670082569045,589.4325172102888
1935,8,31,1,3374.031331032095,8437.280321241324,484.00373817388675,138.57517776350863,3.6889217190009376,139.28585956237296,0.0,396.9022497816868,735.621126075645,240.56395865189324,1607.404945312184,1103.2762599397386,124.12953969830414,40.230708149661766,466.15706571191026
1935,9,1,1,3793.679486059799,9510.650527110703,380.5057929021115,1413.531867830375,3.2127952093078234,37.9949004675263,45.24108909480875,170.7453823805697,117.47851066122404,370.08050929814345,1187.1373988953624,1186.9006148803192,188.68242949685995,23.07392848418725,907.807041313103
1935,9,2,1,2676.0215802202274,8812.885146066676,449.90790583274395,1413.531867830375,3.2127952093078234,39.91847909929255,32.17135795561092,151.30260729996016,117.47851066122404,370.08050929814345,1061.2858075567506,1329.4388351300167,223.76852675447702,21.618446995710254,895.4882020567188
1935,9,3,1,1991.3483179671923,9999.310535527362,440.7787236232134,1413.531867830375,3.2127952093078234,41.68160312326279,68.36460353462283,139.4911002405253,117.47851066122404,370.08050929814345,904.5634170449251,1215.3068082396967,190.67172346607123,20.995213345588066,927.7435373534424
1935,9,4,1,2575.14558405362,7895.923516505257,515.0503497366878,1413.531867830375,2.5702210427159664,42.96430165479887,35.18730579420703,136.82015643307093,863.1166353862166,370.08050929814345,778.6873250720205,1087.9137267963597,200.60016345743847,18.29278844254348,823.3163452119742
1935,9,5,1,2136.244753813145,8649.842753200965,575.3232804577898,1413.531867830375,3.2127952093078234,42.32248322350954,50.26798074512148,139.4911002405253,386.15883750717296,370.08050929814345,748.6413805857189,1557.77535368964,422.38540619427647,22.034570914887656,1056.8954669423142
1935,9,6,1,2275.225003005159,7765.115866068033,605.7600478648657,8.788002962609594,3.2127952093078234,43.60518175504562,45.24108909480875,146.73232567391906,386.15883750717296,370.08050929814345,929.7174015564378,1704.081742446165,331.6832171206445,26.607648996942718,1112.9178914050383
1935,9,7,1,2274.2222595045223,9493.83240062574,437.1196586891465,8.788002962609594,3.2127952093078234,44.56697107095654,52.278924556832195,129.19736759859046,386.15883750717296,370.08050929814345,833.9199215822975,1717.3427969991121,297.2582145355737,29.72572170484401,982.8518430020812
1935,9,8,1,2610.0410578764504,8311.891844894106,428.60032063534135,8.788002962609594,2.5702210427159664,50.49909990519919,52.278924556832195,130.72362120283557,386.15883750717296,370.08050929814345,1190.3224813497168,1717.3427969991121,297.2582145355737,29.72572170484401,982.8518430020812
1935,9,9,1,2536.138861877759,9377.039855592651,451.73743829992014,8.788002962609594,3.2127952093078234,8.977576057322542,52.278924556832195,146.73232567391906,386.15883750717296,370.08050929814345,1101.8751916549063,1359.076929731963,268.1279792824735,25.56829142764313,922.9988254137206
1935,9,10,1,3659.7129543709707,8753.367665117868,533.9185583113316,8.788002962609594,3.2127952093078234,13.30647247678529,30.160414143900393,158.92539613444063,860.4531048265692,370.08050929814345,1142.464575753062,1499.731065728247,262.17211727797036,21.826508955298955,1032.214258962253
1935,9,11,1,1919.351334619592,8991.157286804268,638.0263477389749,8.788002962609594,3.2127952093078234,43.124756262611456,31.166353928725336,167.31131177104368,855.9578439486321,370.08050929814345,1247.9806406521443,1316.8299635878452,203.25055209919614,22.865866524598545,850.826968568976
1935,9,12,1,2558.098944542191,8384.957261066571,524.789376101801,8.788002962609594,3.2127952093078234,57.39207972427117,29.15541011701481,158.92539613444063,857.9311572868058,370.08050929814345,1416.8716795153553,1086.6818255537912,203.25055209919614,22.450218719744356,776.7833446287431
1935,9,13,1,3625.719949698594,8133.6197041558335,423.73080745264207,8.788002962609594,3.2127952093078234,41.04072302301604,65.3486556960208,144.06138186651555,863.1166353862166,370.08050929814345,1243.1621825800885,975.0136011486776,156.240710929442,21.618446995710254,813.8269213325306
1935,9,14,1,1842.3406337688064,8909.5893733535,332.41126516873896,8.788002962609594,3.2127952093078234,33.825895657262045,38.20325363280313,161.2147765408083,533.511365341703,370.08050929814345,970.3067856545936,938.4188877648006,151.60703827003152,28.062654371099015,696.036182718591
1935,9,15,1,2915.9780999290324,9182.977362766196,452.94788654826704,8.788002962609594,2.5702210427159664,33.34547016483459,44.23608506791744,152.0657341020827,865.0191572144955,370.08050929814345,1121.3123615047182,907.5488919202168,142.33969295122438,20.995213345588066,657.120838919315
1935,9,16,1,3004.921448437879,9512.519207831254,236.21296963931806,8.788002962609594,3.2127952093078234,32.70365173354475,47.25203290651947,161.59633994184415,865.7801659457692,370.08050929814345,989.8256242853087,911.3170604270439,139.02820963690664,22.450218719744356,796.7198406690825
1935,9,17,1,2534.1333748764846,9094.682198721854,261.17961977093034,8.788002962609594,3.2127952093078234,50.49909990519919,32.17135795561092,157.78070593128223,861.8246903307323,370.08050929814345,980.8420583883501,911.3170604270439,139.02820963690664,22.450218719744356,796.7198406690825
1935,9,18,1,1717.3987935860112,8391.684511660147,477.9145366800221,8.788002962609594,3.2127952093078234,37.35308203623646,36.19324557903197,158.92539613444063,862.585699062006,370.08050929814345,1063.6542022022904,843.8523511985829,121.15461367183867,21.410861150444767,687.5044071205502
1935,9,19,1,3328.8075991520454,5460.939103625216,580.8026377962145,8.788002962609594,3.855293752248209,77.11110652770036,7.0375547346353375,125.77177617575862,880.938398000796,370.08050929814345,1100.2418160372774,791.4603159975003,120.49351899927855,20.787151385999366,609.6301900546563
1935,9,20,1,1800.3256810910339,6082.368877235475,446.85868505425964,228.65827403609762,3.855293752248209,67.65272964555622,51.272984771973896,129.57893099967717,1211.7736705295886,370.08050929814345,1114.860527815106,778.8514444553285,115.85984633988187,20.787151385999366,628.6525672809348
1935,9,21,1,3586.713227522733,10356.228553147881,436.50981453342104,228.65827403609762,3.2127952093078234,74.06528397219402,38.20325363280313,145.2060720697248,1210.888776655999,370.08050929814345,1069.3710168639914,749.8655328640888,115.19875166732172,20.787151385999366,532.7136212701897
1935,9,22,1,2637.11513239455,10940.191278311971,294.055763800765,228.65827403609762,3.2127952093078234,52.101769321317846,12.064727112323789,161.59633994184415,870.5054992308641,370.08050929814345,915.0986897786091,730.9522255508314,116.52094101242821,20.579089426408146,634.3113980347422
1935,9,23,1,1900.2992081068887,11018.675868573762,337.89062250702096,228.65827403609762,3.2127952093078234,32.864106341367204,30.160414143900393,164.64036796364013,862.8865629790586,370.08050929814345,954.0546982591361,761.2425031636225,123.13789768947773,22.450218719744356,617.2478468386361
1935,9,24,1,3294.814594479669,12636.953372548664,337.89062250702096,228.65827403609762,2.5702210427159664,43.926090970709794,25.13445825153312,153.5919877063278,1187.704557167272,370.08050929814345,1073.4544559080634,621.2115642666181,119.8324243267322,22.034570914887656,598.2689990796995
1935,9,25,1,2706.1038852402385,8649.842753200965,502.2621025929477,228.65827403609762,3.2127952093078234,25.0093372063859,29.15541011701481,135.29390282887667,860.4531048265692,370.08050929814345,1161.901745602874,669.1470155605025,119.16531970261362,21.826508955298955,610.5878383360838
1935,9,26,1,2036.2712267969916,1847.4711943464938,499.22212187742457,228.65827403609762,3.855293752248209,21.16124161176659,32.17135795561092,127.2980297800037,1198.8542199748408,370.08050929814345,1058.8357441303074,600.3996797440949,127.77758030044664,24.113286053489354,461.49941270684803
1935,9,27,1,2767.0706900805308,2997.083573613137,364.06772088712285,637.3508731005425,3.855293752248209,26.932915838175635,37.19824960591755,134.91233942779,1209.7384146203042,370.08050929814345,1146.548014797134,556.2541363907116,123.13789768947773,23.905224093898138,562.1830706573395
1935,9,28,1,3200.8575284673384,5866.723122086858,277.6176917857763,637.3508731005425,3.855293752248209,29.177403685610226,12.064727112323789,141.39891724580622,525.8216375800027,370.08050929814345,1170.885311499905,592.8343568188059,130.4219589906458,24.320871898754838,530.8418541747013
1935,9,29,1,2477.1775440387405,9892.795734457983,201.5165332054111,637.3508731005425,3.855293752248209,37.35308203623646,77.41244705042888,118.91211414340069,538.9534626644347,370.08050929814345,1168.4352480734617,730.9522255508314,126.44938100378171,23.07392848418725,554.5654138733597
1935,9,30,1,3035.9062226083433,10154.41103533107,214.2955402861901,637.3508731005425,3.855293752248209,37.35308203623646,77.41244705042888,158.92539613444063,548.8642740489403,370.08050929814345,1249.6140162697732,730.9522255508314,126.44938100378171,23.07392848418725,554.5654138733597
1935,10,1,1,2881.283174805971,11640.946548508471,547.8156130108454,585.825838724299,4.994034696174332,98.50599256841319,20.586674666184994,455.2390542103114,178.82820291896775,146.92045435316592,477.56636308339137,371.0486542787823,31.480126316438916,7.884929319823338,416.53782589445956
1935,10,2,1,2256.072602142273,8359.169467122827,490.9615055866762,585.825838724299,4.994034696174332,30.81479135023125,20.586674666184994,404.60135129641515,88.28763155840895,118.77414111683505,532.1701099808081,440.39744776072615,33.61426011844462,6.49324715076079,344.89267560449514
1935,10,3,1,2677.3251467711157,2894.9601722363054,434.1166382254682,585.825838724299,4.994034696174332,26.446860359508744,20.586674666184994,432.5572298139899,66.91832940445778,118.77414111683505,473.7279303819564,430.91180819249735,38.41621142178124,5.102041096021461,326.6277111099049
1935,10,4,1,3262.9273511584515,2554.3931109209493,484.93698453339726,479.76919058999135,4.994034696174332,54.59303823226046,0.0,368.2002028353779,37.67701135081923,118.77414111683505,472.9520769635573,381.71546974434017,50.15484882560363,6.49324715076079,649.764358939363
1935,10,5,1,2470.559436934416,7535.828741659937,612.4128931996496,479.76919058999135,5.707468224199236,50.9532521284802,8.577812302841707,368.2002028353779,53.42281293794118,107.10152294100737,441.4279275432632,307.03326852965205,61.890481253653675,7.884929319823338,741.0456519450458
1935,10,6,1,2122.8079909041294,8111.849573761343,771.7577790325365,479.76919058999135,6.4209017522241405,52.166514163060626,9.435247302688314,325.99929067819903,156.33420065171447,82.72855606874765,529.0993638196746,280.35898338790065,60.826719826015555,9.276135374562667,597.0501739942688
1935,10,7,1,2070.565054519619,9778.80621050572,432.38874645100805,479.76919058999135,5.707468224199236,45.372059103186174,7.720002999819383,285.3839864321248,0.0,116.02852527343437,524.4850776998406,375.19363963637545,54.42311642964262,8.81240002298289,541.5501031396004
1935,10,8,1,2511.1705487111176,10715.015251488952,407.41285625643457,479.76919058999135,5.707468224199236,53.62186560596278,9.435247302688314,167.21804071745822,142.8307201403352,61.10270537641868,453.7272459440648,333.1133424838279,49.08748142702216,6.49324715076079,539.4606887074262
1935,10,9,1,2115.9893350997368,10944.86298011335,385.01494362903816,479.76919058999135,5.707468224199236,42.7034456257036,51.4666866654273,168.8036486285628,98.97537976386045,79.637862824251,298.38505782906094,382.30968093198516,47.4870313243003,8.348664671403114,512.0806537524508
1935,10,10,1,2256.072602142273,1212.7737876200497,377.27177086426025,479.76919058999135,5.707468224199236,53.62186560596278,102.93337333089349,153.50719583943663,0.0,79.637862824251,745.1949580324597,382.30968093198516,44.819213822983166,14.378176470586645,545.0759899938914
1935,10,11,1,2652.256559254589,2034.6195685070445,516.8059617000317,292.76346950976426,5.707468224199236,55.07815537986851,10.293337333092497,122.38010149965272,99.53286290423415,79.637862824251,528.3235104012756,358.0049940627834,42.15139632167983,7.884929319823338,599.87958937116
1935,10,12,1,3066.7907224286255,5755.910355360076,584.8497853747951,292.76346950976426,5.707468224199236,45.61508684251149,16.298096030042906,176.1890202357072,98.97537976386045,79.637862824251,514.4806520418459,303.47524788188196,41.6177126223822,8.81240002298289,571.7595534714674
1935,10,13,1,1963.3717742986391,4905.94092962899,625.3305012248468,292.76346950976426,5.707468224199236,38.82157011367591,0.0,144.53621632118765,369.4608901121251,29.521371662803944,519.09493816168,156.4804437249859,38.41621142178124,8.81240002298289,573.8924973709837
1935,10,14,1,2917.983586930307,8144.458052334486,391.0487047451355,292.76346950976426,5.707468224199236,46.343231729483854,0.0,249.50854754587402,0.0,97.49186748907196,544.4775952597072,295.77224187651865,38.41621142178124,9.276135374562667,549.298348325582
1935,10,15,1,2507.3601234086364,8554.633470490035,336.78181495124744,292.76346950976426,5.707468224199236,54.35001049293515,11.15142736349668,123.43999983597077,181.63331649840458,82.0459029492062,157.65341461386078,309.40286680227115,35.74839392046412,5.5657764476012375,509.9477098529343
1935,10,16,1,2394.250656533718,7532.838852506781,260.9855784487449,292.76346950976426,6.4209017522241405,29.60152931564389,11.15142736349668,199.92226378160163,104.0369727209553,64.5354753489511,188.40987749385337,265.5399360868582,33.61426011844462,9.276135374562667,519.7853694710901
1935,10,17,1,1675.3838409082387,8430.179334503093,254.96105739546599,292.76346950976426,6.4209017522241405,10.918419980246346,3.4311436362954786,199.92226378160163,0.0,64.5354753489511,123.81803869463717,318.88850637049995,35.21531121632372,6.49324715076079,524.0077278027807
1935,10,18,1,3050.3457290179967,8397.664289965775,319.55833758441304,375.85758739485027,5.707468224199236,28.630356689350037,19.72858463578081,236.32341224263888,222.12606015506879,64.5354753489511,132.2707575158336,276.21399803030744,38.41621142178124,11.13155289520499,451.66175308869225
1935,10,19,1,2584.5713729597887,8579.767226180973,500.4418101888754,375.85758739485027,6.4209017522241405,60.65841007415897,7.720002999819383,157.1956420496363,0.0,0.0,195.33539011261692,266.72835846214815,43.751846424401705,13.450705767427092,468.50765694811247
1935,10,20,1,791.3250609834442,8268.818754285605,522.8304827531679,375.85758739485027,6.4209017522241405,28.630356689350037,0.0,96.53554046791811,119.77923473261357,47.028798590004726,114.58946645496907,210.4159787183118,43.2187637202613,12.523235064267539,463.58882713902227
1935,10,21,1,950.7512501539462,7632.065798766962,321.27698929591196,375.85758739485027,7.847466313668045,15.528440379262396,14.581915969234581,130.2911826816345,253.61943311698016,67.62466825691764,145.34592933503424,316.51890809788085,40.017262519660335,12.523235064267539,455.88411142038285
1935,10,22,1,954.6218400663579,7741.663923026,312.66525061235205,375.85758739485027,7.847466313668045,6.793704395065311,0.0,126.07702689659746,46.674612257746084,44.28243257832248,136.11735709536615,328.37414593865924,43.2187637202613,12.059023598364545,462.19588418424763
1935,10,23,1,1508.226499347603,8954.437710646049,263.57279607888313,375.85758739485027,6.4209017522241405,9.948185684992453,16.298096030042906,204.144898753282,50.04871259784363,38.44687365867369,123.81803869463717,279.76477220025566,42.68508002096367,12.059023598364545,387.73873030431395
1935,10,24,1,1972.9981119051738,10469.283736739868,324.7235327818711,375.85758739485027,6.4209017522241405,11.161447719579812,0.0,171.44067568918948,18.55710942359972,38.44687365867369,140.73164321520017,312.9608874500413,44.285530123699324,15.306123288069415,342.78149643864987
1935,10,25,1,2844.482488331751,6725.849083348373,274.7717523925814,421.5628686986214,6.4209017522241405,9.948185684992453,42.03143936275333,135.03952722815222,169.26250014524638,38.44687365867369,140.73164321520017,410.16514197113514,225.1628355183952,11.13155289520499,450.96528161129265
1935,10,26,1,1882.149550744938,9228.386304275047,559.8738951802217,421.5628686986214,6.4209017522241405,12.131682014833745,100.36003899761822,155.6185133252768,166.44853762712003,39.47685468408972,154.57450157462975,375.19363963637545,162.73746857512947,12.059023598364545,375.0934200429133
1935,10,27,1,2958.4944243571235,8989.942644336523,510.7722005837916,421.5628686986214,5.707468224199236,16.984730153183182,60.04477969568009,81.76394933494461,68.04302951782367,98.51959800967633,159.95647423469273,282.1416169507661,99.24233025263958,11.595288246784767,382.8199004952238
1935,10,28,1,2942.1497052963796,7876.395802975292,245.4807527932667,421.5628686986214,5.707468224199236,12.374709754167172,204.154309632762,96.53554046791811,134.39768152474028,52.864357509653516,169.9527330146623,320.0769287457204,79.49963934972239,15.769858639649192,382.8199004952238
1935,10,29,1,4086.079490853182,8458.302979347185,256.67970910696494,421.5628686986214,6.4209017522241405,9.220040798032022,150.11428863405942,90.73577677182739,177.13805562037294,62.13268640183472,158.4211011541623,490.1879973965283,66.16355681895047,12.986970415847315,378.6062480570066
1935,10,30,1,2912.1676746265516,8556.034981030109,222.22351431019217,421.5628686986214,7.1343352802490445,10.433302832619418,77.20002999817983,123.43999983597077,181.07583335793623,65.90828327065144,132.2707575158336,426.1726116473981,81.10429641854482,14.378176470586645,311.8755746293834
1935,10,31,1,2460.9330993278813,11140.14011540823,201.55349345725594,421.5628686986214,7.847466313668045,10.190275093285953,33.4533463325506,39.03563176568813,167.01486970618325,65.90828327065144,126.12109831546911,419.05657035171896,98.17255887342921,13.914441119006868,339.27302137128095
1935,11,1,1,2321.0503809854126,9042.826308726897,1088.571817916328,1879.5516720077753,34.29759465392549,388.6191834838951,58.02167103074832,538.733605548745,31.205782453065883,167.47506476558382,313.2977772180395,564.8701986112164,28.525634125291486,9.37945218287219,48.36123821140213
1935,11,2,1,2321.0503809854126,5318.919368865366,1660.9013179735434,1879.5516720077753,32.197525852427134,197.66881686475793,48.9560481141136,327.6696904561948,360.2845406426355,277.9148364779919,474.37311375093935,518.543465410597,26.541148117337993,8.03919036080028,43.02060786382517
1935,11,3,1,2598.810330669075,5613.143148311596,1418.0724632511435,1879.5516720077753,36.397663455413394,193.19297780446,29.011303394351515,299.62054088498377,336.17118258668216,229.6415087392961,586.8065243906152,537.9060543535338,24.804873109166266,7.36929750692719,48.36123821140213
1935,11,4,1,2236.8199269298,7000.54514926532,843.072584996996,1879.5516720077753,74.19512069964148,187.22519239071644,54.3956090156645,268.62911353230714,336.17118258668216,183.56617401183775,389.7315892451735,518.543465410597,23.812630105182624,7.872074233076308,35.9910341835769
1935,11,5,1,2131.030487609593,7483.69254955751,1314.2141555237383,1879.5516720077753,69.99498309666568,187.22519239071644,32.63736540941818,357.9234285668315,743.2577602049241,148.4658009753977,377.72627845559447,477.05737944569455,25.300694113572582,7.536889748976896,37.67823633754862
1935,11,6,1,2653.0587540551587,9289.398729800432,1618.489428963885,729.2713234396473,51.09663259280705,187.22519239071644,81.59341352353563,255.34222798874157,549.6429806577822,125.7882143780159,344.2502451722289,530.2972525608272,25.300694113572582,7.7044819910266025,46.95523641640519
1935,11,7,1,2611.4448987775218,15534.342829721822,1323.2694172294364,729.2713234396473,42.69711362336627,187.22519239071644,81.59341352353563,397.77560601078324,339.00284298218753,151.39145720198033,537.5357488847485,386.49089867903507,25.300694113572582,7.7044819910266025,62.70419769892283
1935,11,8,1,2853.1060824373503,9383.58023811458,923.4056924154515,729.2713234396473,39.19725103305323,196.91815203284173,58.02167103074832,343.161164539186,374.46938943670426,187.95465835169517,1044.1353635715755,346.38888999262736,22.32456609679267,6.866996895103808,2370.6147911729377
1935,11,9,1,307.66176087328404,9392.923641717336,1136.4353440755276,729.2713234396473,37.09718223156532,192.4423129725438,68.900792833889,254.60453874670165,665.9534314058379,155.77994154187076,2094.5592232711015,369.89646429308794,25.053084108948035,7.201705264877484,2897.843699558688
1935,11,10,1,2330.9775416418997,12321.14633077959,1104.8343287349107,729.2713234396473,37.797457244228085,189.45842026565253,70.71429172039495,242.80151087396095,517.7248586364078,152.11912041732552,650.6061760153823,398.93310122956706,24.060841104964396,7.7044819910266025,901.7564453532661
1935,11,11,1,2112.8808302476423,9994.638833726664,980.2782799655431,729.2713234396473,48.297045015167214,197.66881686475793,61.64773304579325,334.3088936346051,517.7248586364078,129.44903550256114,571.0117821681141,257.1992400265019,23.31620810561909,7.36929750692719,535.9348018531107
1935,11,12,1,2393.348187383264,7747.643701331626,1281.7815345161846,729.2713234396473,53.89622017044688,205.12854863194713,74.34035373543989,249.44071405237122,518.4416226740447,138.9536673976542,390.3604388579613,430.7378927229665,22.076355097010904,7.7044819910266025,329.5441854214804
1935,11,13,1,2131.030487609593,7012.130969732601,1682.5230653119127,616.6388818036778,55.99628897193479,208.85372286032882,52.58211012915854,290.7682699804028,518.4416226740447,122.86255815143328,444.6865119004233,574.5442466047588,22.076355097010904,7.201705264877484,270.7750515698002
1935,11,14,1,2667.598534814696,6472.73627975359,1367.5293188321937,616.6388818036778,48.99656379131915,238.69264992908558,54.3956090156645,354.23498235658093,531.2017923316239,182.83851079649256,272.2428810689024,770.2281357569324,20.835901093245493,7.201705264877484,243.50384028315528
1935,11,15,1,2129.125274958502,6612.607031684739,903.5487971035301,616.6388818036778,42.69711362336627,238.69264992908558,92.47253532667631,271.5798705004669,515.6011133397551,147.00297286208988,311.4030615016511,721.8144169217339,21.579933097447363,5.0244344612085134,198.79472438132143
1935,11,16,1,3178.797171452723,7815.476811486412,939.6220029192284,616.6388818036778,38.49697602038,222.28124004126155,101.53909400123914,261.989910353846,514.1852831419552,127.25104249132373,344.88726166311426,686.553055471043,21.33232309280903,5.0244344612085134,178.2662275851886
1935,11,17,1,4516.256452637576,10544.030965560558,1083.2125813965415,616.6388818036778,35.69738844274018,222.28124004126155,451.4844905882079,263.46528883797674,162.41342156340414,146.26780796412726,396.68160249822984,683.096485513821,448.4685960020857,215.72263906282063,178.2662275851886
1935,11,18,1,8231.621671295701,7726.060439009465,1238.4456392099767,616.6388818036778,34.29759465392549,222.28124004126155,451.4844905882079,162.35946674396672,517.7248586364078,155.77994154187076,325.93193762047895,577.3124011617484,448.4685960020857,215.72263906282063,159.43102706847606
1935,11,19,1,9067.809476499015,6742.386907725183,1144.5665994848189,616.6388818036778,32.197525852427134,222.28124004126155,402.5256352002711,267.1537350482273,160.9887424269146,159.4332609837986,357.5132551873835,495.0358911101365,112.36806447850725,41.36909749835437,159.43102706847606
1935,11,20,1,8704.014134458235,9530.271674675809,1158.057091413754,1434.8944055431018,32.197525852427134,222.28124004126155,308.23866522912175,227.30155760422468,521.9811981684974,168.93789287889163,487.636123766094,577.3124011617484,119.30955854026459,36.51225527919305,164.21056258209123
1935,11,21,1,5390.34796216593,16128.583298848946,1301.64766989121,1434.8944055431018,30.797732063612447,222.28124004126155,380.7692631098459,191.13782637052347,261.6985141831014,174.78920533205687,479.4284112874621,574.5442466047588,316.5080894098707,116.9051111158599,145.93253924727873
1935,11,22,1,6650.796542499996,12127.73787620526,951.3568828848197,1434.8944055431018,31.49800707627521,222.28124004126155,1213.0230168079775,276.74369519484816,298.58089083541813,167.47506476558382,471.84954842169054,588.377772911677,1002.5801206774115,576.3363892064388,140.87006219598916
1935,11,23,1,6011.948658227215,37296.0641605928,1245.6528883227188,1434.8944055431018,30.797732063612447,222.28124004126155,884.833992311395,287.81751301224307,32.624267332472286,177.71486155863948,377.09742884280666,331.1785328851056,316.5080894098707,165.47829445071287,148.18301270859902
1935,11,24,1,3575.1816772651077,22697.930371853534,1432.4869614767704,1434.8944055431018,30.09821328746052,222.28124004126155,406.15637600503436,228.7769360883554,336.8790976855348,171.13588589012906,390.3604388579613,317.3522530561482,185.5392248264683,82.57250721195443,123.71945206519895
1935,11,25,1,3626.7226931992313,18821.352217125146,1070.553695134401,1434.8944055431018,30.09821328746052,222.28124004126155,204.89355840487934,201.4739549458785,155.316572697025,129.44903550256114,449.1047929461331,396.86060855077045,138.6616025912207,59.1238767547752,147.33854104225105
1935,11,26,1,3473.8043093481815,20920.815006634504,999.2204090440192,1434.8944055431018,30.797732063612447,222.28124004126155,204.89355840487934,188.18706940236373,514.1852831419552,113.35792625634022,408.6787464097112,316.6565911779551,138.6616025912207,59.1238767547752,107.13037206308235
1935,11,27,1,3053.053136469657,19893.974950705895,891.8139171379388,1091.7751269721248,69.99498309666568,208.85372286032882,135.98434374952066,170.47404840650768,470.2149065619488,118.4815754941933,431.42350188526865,446.6366652307205,94.99930444519019,39.3594189367351,112.75437924302088
1935,11,28,1,3266.6375021110475,17208.6807553119,611.9970903662523,1091.7751269721248,162.38666681448132,208.11244133883838,123.29546609162537,197.77702954898461,989.3998400898881,98.00198190804892,435.84178293097847,269.64144257703396,84.58405837677495,35.00487732939716,111.62696603899855
1935,11,29,1,3317.276048894419,22471.82000467024,754.6082221693918,1091.7751269721248,104.29257775059115,208.11244133883838,159.556086242308,202.9493334300092,0.0,81.910872661828,435.84178293097847,490.89090575261275,77.63655436344537,35.33958569917084,116.40650155258912
1935,11,30,1,3435.8003306729574,55767.97308298031,1087.6478116197784,1091.7751269721248,68.59518930785099,208.11244133883838,108.79121803136789,225.82617912014481,154.60865759817233,84.83652888841061,432.05235149805645,519.2391272887901,69.94982630717172,28.97536553021363,116.12791296163913
1935,12,1,1,34427.19260827622,5333.121342341146,9546.833055523686,1032.171009403309,775.3692985837728,447.3305566502848,85.55073384913928,583.0882311251842,121.86758427431892,148.5708245322401,426.5152081542846,755.8801095193129,155.7058252398437,10.270262083081011,132.9738168210593
1935,12,2,1,65917.34950310914,4313.4757071872755,16628.417311963258,1032.171009403309,1477.6861498417065,502.6827046938447,252.45813446316188,448.8033515124095,200.77357098463145,107.4390986594859,487.90563074302383,1479.8032515092998,256.9795191226727,7.935873552490754,181.7747026525575
1935,12,3,1,24691.55596033524,6693.240604775231,8042.920407326779,1032.171009403309,1174.2840601198566,520.5391443830636,71.29165436896491,588.0400761522612,186.74800308782582,105.38363761821107,760.1321780557311,1385.5990388379269,506.92739491007336,7.935873552490754,131.02369668436006
1935,12,4,1,15802.234826954122,11958.622270998098,4135.205378763501,6996.362968431794,484.3316758782565,448.22197113819743,45.29162002351036,641.7557238346794,576.906560903862,121.32471321181892,593.7238701313538,729.2130708553834,222.44032745781212,7.935873552490754,101.01012895548335
1935,12,5,1,21008.47908239847,9236.421631373554,5504.305508299814,6996.362968431794,535.0524589232331,376.7868290707794,0.0,594.3994661699152,373.4960061757463,92.02314085012293,654.3057717893035,622.3637542523819,148.68620180768863,8.869533741862213,135.17205492156415
1935,12,6,1,14887.732754349134,7769.78756786941,5409.132859759516,6996.362968431794,686.7459414190077,487.5098917786727,7.548572145326401,570.3694510898762,344.5688254472351,125.94574971331248,351.38809662123924,525.5363165819846,133.46299448436454,9.803193931233672,169.57339295800185
1935,12,7,1,10505.74365645004,17668.376212561372,3618.6858590154097,6996.362968431794,445.0376265713038,392.8604397842509,32.71035452868921,636.1001063123393,65.75646374840011,175.29931975106686,560.6071794838462,509.50710747204766,121.1726435265416,9.33660189370955,144.44383146434657
1935,12,8,1,8383.938409046548,31394.77044517575,2826.6276616485284,6996.362968431794,325.3253862847487,402.68476577194684,31.032540543395143,696.1751440124116,388.40646794623615,451.36124061888427,411.9699982792616,448.0714678545241,106.53841145693836,11.67051430997659,140.78300326130497
1935,12,9,1,7622.85609204293,68858.08153025652,2504.9810698338824,6996.362968431794,254.9575785862958,377.6876268690788,20.129089033832045,584.5042553024556,206.91473446752633,306.90133816912777,513.7537998920324,412.01299383509206,96.00296635714729,18.206135635574284,202.26837587482154
1935,12,10,1,6112.824654393822,66111.12087108435,2088.8086338866515,6996.362968431794,206.98193408989655,426.79049018694116,32.71035452868921,554.1148502047624,308.6155873622394,223.62515926818384,411.1614773485448,392.6504048921553,85.461511305784,20.0734560143172,360.85928422369864
1935,12,11,1,5840.379245263597,35380.66642205502,2114.1264064109323,10458.852311448729,174.08564569782837,511.615616193667,0.0,611.3663187369863,167.45731664302534,218.48650666509587,579.9953480651452,356.59193087272325,71.4162544899154,18.206135635574284,1367.0864511857753
1935,12,12,1,5825.538641453808,30432.399874105482,1976.6342694904451,10458.852311448729,168.14918905695905,611.6135551155259,31.87191541501187,635.3963338170254,510.27405222055506,216.4235439412036,611.4949968511464,380.62849805973724,87.80539241755052,19.60686397679308,764.4209759050167
1935,12,13,1,5780.816281324375,29555.05427581893,2107.3811604463936,10458.852311448729,184.59733325299317,601.7986124381775,16.77439682118327,543.5158668419887,165.70522677332,215.3958134205992,646.2287293600878,359.9253107057231,94.24205054754319,16.338815256831367,529.4489112199021
1935,12,14,1,4121.877433826765,21458.060713785493,1988.461550085791,10458.852311448729,145.75702585490544,586.6164162126578,0.0,645.995317179799,334.0474372899348,213.3403523793244,668.0424607336098,353.9179805283903,86.05048655951865,14.471494878090965,393.0667371063558
1935,12,15,1,4508.134230282296,16953.60583696074,1963.1437775615098,10458.852311448729,127.94009356714733,562.5106917977024,10.903451509563055,508.1746167172186,606.7186355059628,176.84466637329865,398.241476213053,334.55539158552295,76.09800676187619,18.67320378742162,336.21725276423047
1935,12,16,1,3334.523237105916,15337.19701370639,1649.3512392671764,10458.852311448729,115.59831364626433,469.6534520894538,5.03241262214894,660.1301213923783,552.359604849756,188.14970210014502,390.97295471455396,316.5261545757721,73.17116034796106,747.8803801449601,282.5410665909842
1935,12,17,1,9832.702218804814,13263.89575428407,2667.3289761304477,10458.852311448729,142.55814539746325,474.11052452893915,69.61477614163614,614.1898879048347,333.17139235512946,169.13293662734148,667.2339398028929,307.1709516097263,82.53466489186886,184.39907768661828,247.647845573635
1935,12,18,1,7373.172960377705,11699.809991205155,3420.116905895767,3278.929759707599,396.1469358920559,414.2919207355072,246.5815746038918,546.3394360098371,333.17139235512946,165.02201454482486,736.7014048207753,387.976426648078,124.09948994045673,82.16304889331214,246.67278550528542
1935,12,19,1,4475.74561521076,10363.703276030084,2927.4367485975918,3278.929759707599,298.3655545335393,489.29272075449796,307.8175741564139,574.6090444349958,581.2867855782673,156.2825542782303,556.5645748301895,337.8887714185228,103.61156504302322,55.086427287224176,217.88239580861315
1935,12,20,1,5420.831364586075,11877.3346596548,2566.519889181384,3278.929759707599,239.88578484712548,473.2191100410655,124.9704728031368,588.0400761522612,520.7954403778554,179.41024183355046,794.8659105646723,326.54078703055444,106.53841145693836,41.54764036985571,203.9747309944395
1935,12,21,1,7406.4640445996965,11103.700841357482,2418.1244779620997,3278.929759707599,209.72707263848432,295.5367443260911,188.71430363314934,542.0998426647175,508.52196235084966,151.65401609411927,541.2190109025472,303.8375717767264,84.87854600363538,34.545427006733895,227.88546740263934
1935,12,22,1,11811.315694313975,9881.583650134675,3243.354501373717,3278.929759707599,424.021813826114,383.93691159481534,484.7881156504598,570.3694510898762,844.3126405718949,148.5708245322401,369.96774427182135,393.31708085878296,83.70660544775212,31.27737828677219,371.3542387986609
1935,12,23,1,14906.784880861836,11478.371325823238,5617.034276473836,3278.929759707599,795.4851898763934,425.00766121111576,494.8475134986929,472.1295940971855,533.9449633397609,144.45240076713907,565.4501381901222,568.2687967453078,149.26916710983727,40.14738814296014,292.05660815084786
1935,12,24,1,12372.852054685422,9701.255960604205,6119.04689736683,3278.929759707599,888.2754102374902,389.2947818326391,184.52210806474963,491.9200158321049,506.7610235423602,135.71294050051142,605.8435172141537,1015.0141591445371,328.3897636610296,165.25928186167252,228.61676245390768
1935,12,25,1,9769.629652613065,10185.244267220165,4482.631746250631,1982.3204233912522,560.6359402175682,451.79701240019597,262.5175323113949,472.1295940971855,1202.03983791982,136.23055660213888,540.4104899717578,620.3564798746767,187.31817049078916,66.75598936855432,239.59924706303246
1935,12,26,1,9156.452001957608,12205.288126106776,6081.347440469246,1982.3204233912522,1094.3498605096884,293.7539153502657,1868.7086049259751,291.89600181022365,856.5949675376849,133.1473650402927,532.3334475426145,697.1474061576181,193.7548286207818,45.28228112733903,217.88239580861315
1935,12,27,1,7163.900391789413,17124.590122888454,4503.329487292452,1982.3204233912522,712.790726987358,429.474116961027,1868.7086049259751,491.2077641501476,510.27405222055506,204.6008921127298,729.432883322349,605.0011932092589,186.73520518862674,38.74665980174134,488.7053297924798
1935,12,28,1,6252.105726636087,39668.354335299235,3578.8611876358896,1982.3204233912522,430.4195747409879,555.3699925840532,436.1380603824958,363.2822745550269,163.07709196861995,297.65176348352315,932.1674649828809,456.08607240949266,137.56178145416294,37.81299961236988,455.5358756816707
1935,12,29,1,5568.034110483553,79990.74692278255,2645.6148281624664,1982.3204233912522,326.2404324676078,597.3321566882664,391.6895582623293,397.9197521845338,510.27405222055506,297.65176348352315,1925.7498531887938,432.04950522247856,125.27143049633999,38.28006776421722,314.7485194736168
1935,12,30,1,5506.666208242827,105580.46070964828,2408.884414997035,1982.3204233912522,266.8380542331846,505.3663314679305,280.1378543098073,454.4589690348004,511.15009715545506,297.65176348352315,1458.8494328885029,406.00566365775927,114.1470101428143,44.8152129754917,372.0855338499293
1935,12,31,1,5199.225050939588,171918.62628827686,2358.156469318718,1982.3204233912522,225.26017065165937,451.79701240019597,6464.12226938817,416.294149742182,512.9021870252551,297.65176348352315,1483.9217486191847,353.251304561832,105.3664709010689,44.8152129754917,439.42997276699225
1936,1,1,1,151326.4511948106,302081.06952519476,52481.92208943498,12354.92740988978,115.62919679129406,6546.664498402482,65.3971432460439,486.7527527118122,558.8539956970601,321.9217149461524,567.5583599953193,1852.920741701292,28.17197898565276,285.8991787265673,1094.4158181274868
1936,1,2,1,100552.44454391993,168204.23189471054,86844.21825410958,12354.92740988978,114.28814692981219,12865.090179045948,59.709965937320874,550.8056116771545,465.92895049994513,321.9217149461524,580.0029144142399,3440.2396838799928,36.87540277789576,460.96657307816815,1271.412518606849
1936,1,3,1,55401.410237426506,99058.56162827868,37719.10534283535,12354.92740988978,187.35112853956934,7297.446291289482,122.9739680422999,685.7259101247556,682.1253093853555,1525.6443981605862,564.3595110152544,2621.321164008976,32.52397238199389,386.26779595349393,1238.6589071275475
1936,1,4,1,38839.128381657116,79763.13331235673,19957.36164007329,12354.92740988978,1436.135143826546,3846.703029231076,1789.8960691072195,1379.1479584102353,1952.1887666735997,963.5617231151452,723.2838317382793,1970.0836330269997,236.13927428522342,268.2139858575385,783.5427056793718
1936,1,5,1,22764.67521724005,61462.05518362155,13392.218882702264,12354.92740988978,2396.6823036452847,2675.1779611823245,2782.939818529945,2233.069469794054,4913.446438319249,669.431940478143,1997.8015748062617,1854.63114887391,574.6545484656173,228.86652893311785,677.5227632794007
1936,1,6,1,16693.69693180618,49707.21114107511,9172.570374790788,12354.92740988978,1231.705826087149,1966.758676136927,765.5566570750477,1362.9161033802536,4917.329873043887,601.5881653444675,1486.467285162773,1601.0021995597936,251.0306359065695,207.92875531435257,597.5212722506765
1936,1,7,1,14100.24031757918,41126.50682149408,7104.417338465047,12354.92740988978,863.0382933846585,1629.8038306007359,617.7188246698335,1598.6278257770125,4551.316150245276,3041.8026755502897,1537.6488688429363,1508.27369641464,833.4658504443065,191.32267188515692,558.7320923648048
1936,1,8,1,12812.969913665529,29538.722764366605,6044.567697465488,25776.377592300887,3116.9311012368844,1410.6426930935743,3643.030959901228,8269.850278211043,12122.557575298044,7403.977300427599,5253.473119494104,1430.9388578231972,1369.6674689009053,175.0788336742825,586.0034488741655
1936,1,9,1,11481.894484405977,30451.83145179546,3223.321210425024,25776.377592300887,6771.493939109058,1306.1773251167326,4555.065706799122,10221.17112642854,14340.276191269826,8477.46995475494,6934.279079248974,1362.094969124524,2063.9033106888546,161.72151788726018,487.83165338012265
1936,1,10,1,10579.909189784308,26134.589499831032,4701.143669602347,25776.377592300887,6175.292253704329,1306.1773251167326,9083.65600247121,7457.557877787775,9558.103716053569,6057.908770784515,3542.2608963163793,1313.7759664974892,701.7800476755106,152.69589228980752,447.22989499491865
1936,1,11,1,9054.896966493676,23263.67509286561,4405.313042259379,25776.377592300887,6504.495758856659,977.8678893441431,7951.25662437125,6660.867648363158,8590.712387322945,4150.478030964623,6296.848226587102,1291.6017592236274,1160.7943058943893,144.0325119106721,400.5671285048909
1936,1,12,1,8666.82426467929,21637.7008512174,4181.268966295731,25776.377592300887,2876.3095944647866,980.605602435943,2785.026196037228,3901.312363479888,5026.551474674726,2032.1312008398631,4543.3286459317505,1273.39814002915,861.6721724567714,133.20328643675583,542.3743663988441
1936,1,13,1,7518.53525936304,17929.198024205536,3945.598970791707,25776.377592300887,1809.16512788567,872.6100254723881,2100.5504855389336,2657.0567175602196,3485.0359301332487,1416.1337381218445,3164.934301577423,1227.3393183088078,518.0898943220355,131.03744134197098,373.2957719955301
1936,1,14,1,7278.603188718487,16385.609528790515,3592.5492093246894,25776.377592300887,1281.3085137346484,777.9427885609717,1497.7312740332663,2112.6598900241625,2710.2907025648888,995.8025259884197,2357.3797171398505,1243.2216706261981,383.18372904005633,131.03744134197098,392.08298914308637
1936,1,15,1,7609.231573203974,12568.403286608696,3246.0827998868003,7116.59131156628,1007.8070495154419,771.3146410755488,1248.9487423007765,1878.2775005825124,2632.691355120474,842.8838576118891,1979.7091601451307,1262.5859232592936,287.21467414493037,133.56553165507304,504.19573927064664
1936,1,16,1,6736.3168863118835,14139.453697434785,3288.8745880749893,7116.59131156628,830.5218735505808,770.882370587396,1082.6140941326046,1555.8792765385556,2348.1604144909165,747.2421462951544,1694.4956575402305,1368.9365978150702,232.24894124918046,137.89722184463875,449.65302625192516
1936,1,17,1,0.0,12778.944638095852,3025.400435597525,7116.59131156628,703.1625297781578,0.0,855.1270017849766,1435.4696967686646,2017.3056453601296,727.7895948408901,1275.2056675797032,1413.2850123627943,223.31412427636604,151.6129697424151,295.73013207291353
1936,1,18,1,0.0,15054.850877814231,2681.8755238745302,7116.59131156628,698.1133962635345,770.882370587396,791.1687395784195,1716.4487045292033,1511.4882724740803,670.5126377811399,1333.1977039270482,1546.9411157103614,202.47184801086405,166.41545329514705,452.0761575089317
1936,1,19,1,0.0,13922.046867094865,2787.209156337669,7116.59131156628,1585.629888927014,0.0,1496.2923929937795,1841.1261427336538,2235.1247251840214,664.3886863974298,2076.4313465084347,1528.18772278181,547.6361573802199,168.58129838992792,459.95610403765113
1936,1,20,1,0.0,14398.053400891302,3205.0419031958154,7116.59131156628,2163.775872883525,783.4902598259632,3619.5771989571112,2597.3066994756946,2930.67562318894,659.4054710557618,2686.620388501872,1290.4411257850838,532.5195955831173,152.69589228980752,358.1464316957911
1936,1,21,1,7281.888565619383,21341.34101406917,3880.8860210602825,7116.59131156628,1813.527579242283,850.2040051683957,3405.6155883809374,2840.714560033178,2803.215747761895,668.2912044361008,3033.7470971714506,1262.5859232592936,490.60421287196425,138.98014439203118,422.3816697425644
1936,1,22,1,14415.835613821157,23609.23752845949,12928.58281428112,4572.605105592767,2016.9470702787514,1371.7383491573914,3144.027015396712,2755.287426448642,2688.9318115793203,638.8121835594097,2808.6581969005406,1432.0994912618153,565.252441128129,131.03744134197098,422.3816697425644
1936,1,23,1,11625.256385538058,20040.332771455538,17190.953074720663,4572.605105592767,2568.9587391636555,1956.8884999901595,3818.646390774316,2782.2239100113147,3730.316441224378,621.0407167987318,5128.614820596877,1408.153790844866,975.9612616490051,125.98507382333004,312.0942179634632
1936,1,24,1,8797.841113213924,19876.705525462454,8300.626409255521,4572.605105592767,1425.4309807755747,1269.650468865539,2418.255419064337,2861.2142734977883,2332.487981494978,650.5197376754228,2640.804616013966,1298.993161648248,530.6842141507608,122.37406096283554,365.42218539139975
1936,1,25,1,20071.66172722733,24875.91837680929,12880.25820896229,4572.605105592767,990.7207817020203,2225.9048338007524,1788.457188067683,2199.3463916714295,2068.4144202185485,650.5197376754228,2022.016517622659,1272.8483662950757,414.103713170282,115.876525678485,345.4202226530586
1936,1,26,1,33143.47951793665,71931.91043421149,25851.562775771687,4572.605105592767,800.3482516672992,3745.3355997529443,1488.522435380372,1790.7514202267812,1774.5909750693777,1407.1879660024147,1836.7584465867717,1205.1651110349458,326.38261471194977,111.18259027060205,267.2503898973312
1936,1,27,1,22241.0060506055,51531.140022981235,15589.237533211339,4572.605105592767,680.3808393602352,2420.3545084003244,1236.1427010490906,1642.9855675400197,1462.94533841593,1185.9452125798468,1735.3583735429313,1333.140219130585,285.1540925368344,107.93382262842478,395.7208659908778
1936,1,28,1,20376.305767132373,50174.06370306819,10146.066047155342,4572.605105592767,601.2508189193318,1809.2681282767512,1004.4109096348749,1588.3429865985186,1662.1794092003765,1719.6896027906844,1839.5789370852347,1277.9185018425346,265.4603371676513,104.32662287549348,203.61934468369438
1936,1,29,1,17159.6231104851,40714.57809032313,8212.381477803901,5583.220006565966,543.9734483296268,1533.9838723875457,942.5390249356506,1546.5039809608343,1277.0952480216997,1302.660521305341,1769.8921840368885,1244.3823040647417,256.0694898389483,102.51920989146664,421.7774769094536
1936,1,30,1,14729.439772547326,37055.27786175693,6837.441402993591,5583.220006565966,504.3882415751292,1291.6242186813788,665.3457870778851,1540.1371757551494,1527.4380936645655,1025.8218955165635,1573.971283067581,1422.9976816645767,260.6466834110289,120.9288931971259,272.0966524113699
1936,1,31,1,13236.086635756452,34635.19656612846,6139.185873966705,5583.220006565966,473.56833060197016,1228.8009077325696,339.0723169621869,1472.2012652632561,1550.461313817852,845.6456396085179,1512.746001514721,1275.108547201768,226.29239660063186,111.90708070723647,729.6105454183244
1936,2,1,1,19027.310100231483,66457.8352955425,3578.3319703685684,3998.5701442225345,327.551428666361,2152.2027155660867,502.5723694825187,975.5904592163713,1781.3176387888318,327.82352299540884,1194.2369525373106,2220.963713670744,867.8651772898448,38.79836943560199,502.56759858352416
1936,2,2,1,26298.944307645106,71307.15185860179,3632.189392818245,3998.5701442225345,1037.4959545813354,2152.2027155660867,2186.020019286268,1055.7702258731285,1249.8418579005358,260.03378272686945,2347.198434364771,2157.4953903718015,817.7581381858582,35.86875889630321,440.5328944341929
1936,2,3,1,77521.95246833078,124722.86582668975,3563.0641965143755,3998.5701442225345,6334.440942084728,2152.2027155660867,11522.559364452614,1254.9602744523597,1204.6969292264037,283.92920087130324,4881.512335947503,2015.2261651905264,741.6404787829433,33.30673192590535,417.9742420231168
1936,2,4,1,44491.967788789574,88701.98677876088,3237.468413721232,3998.5701442225345,2183.2049386477224,2152.2027155660867,2777.112350319877,1331.9216560600855,1204.6969292264037,222.80976451197287,3382.0432775110903,1908.6922327233417,687.7613367351762,32.208556948272054,431.7561985426523
1936,2,5,1,33596.463302763295,96284.90817172927,3333.1371251205214,27499.016628050744,840.2566029667357,2152.2027155660867,1526.7966710315357,1246.2146629060383,1168.4977698287555,210.58587724009766,1853.681389577744,1842.9026425472375,643.2843020248974,27.450561333356763,434.2683687434949
1936,2,6,1,44070.84220421492,110330.53365817493,4248.853378082136,27499.016628050744,1415.5750721550623,2152.2027155660867,4125.487772451323,1796.4885414012049,937.086668468573,252.25876601907285,1791.0802590012484,1757.1379400334947,594.6410640632686,26.71844468159991,429.2503882663732
1936,2,7,1,47314.40521732465,122434.37287574213,16127.811757706644,27499.016628050744,2360.490114612584,2152.2027155660867,5191.9144548894155,6148.234881963356,5708.926433435283,232.25385816553757,3141.2009059192687,1673.7555903673822,554.3414926131252,25.25459268883933,412.3329889391941
1936,2,8,1,38177.075157679996,98549.37194669271,17587.354909654758,27499.016628050744,1853.880254291036,2152.2027155660867,3904.8353650413687,8574.897208947112,6206.075425239614,262.2612199458633,2727.3455196021905,1626.9637370016326,547.1801270243312,27.084503007476346,441.78579957233245
1936,2,9,1,28237.316679199856,64028.60002811069,38681.3953096188,27499.016628050744,948.1060948387365,2152.2027155660867,2160.767657042755,6268.784391518003,9691.94351995683,643.4351664667606,2150.589608883743,1541.687722251569,504.9776140891027,40.99471939087654,412.3329889391941
1936,2,10,1,23687.567455776767,50092.82220331029,20313.14279227567,27499.016628050744,615.5903581008142,2152.2027155660867,1430.1038651759957,7430.971218686922,4953.043603100915,1052.3590181794898,2146.4620618127383,1490.2533351314962,474.074519972038,74.66445915661733,446.79742012489083
1936,2,11,1,23773.18636895276,41871.41127702767,12155.389129179863,27499.016628050744,592.4451300698607,2152.2027155660867,1430.1038651759957,3709.958382846136,3581.7057159576198,1052.3590181794898,2262.7900967631917,1419.3325234374636,444.30305673813115,91.50314214704892,430.50329340451276
1936,2,12,1,22257.930719488937,44733.17171218875,9447.110161529532,6335.12746372063,490.9777429603307,2152.2027155660867,994.9142947740434,2868.4906223043145,3447.588523859812,1052.3590181794898,2409.7307724901725,1380.9094480235447,432.62079762118304,356.49123900778136,420.480052299396
1936,2,13,1,21385.812487603445,52742.897040507916,8309.731045040275,6335.12746372063,635.1809961374813,2152.2027155660867,971.1008135700175,2890.739458078161,3244.19363015607,5880.254141916826,2336.535604431448,1342.4252866392312,412.6455420323171,803.7649428335405,438.0270841579137
1936,2,14,1,28391.62983666841,67519.69602478264,7245.1890148286175,6335.12746372063,1376.7977267628914,2152.2027155660867,2735.528688277859,2464.8631582180037,2904.04635650567,1986.3816816789447,2851.3095166340267,1321.5949707152458,402.47212409288466,277.80013826649537,453.0619458155888
1936,2,15,1,25177.93388629439,53904.30721311464,6294.875145885112,6335.12746372063,1381.038998915168,2152.2027155660867,2136.9541758387295,1745.344205078246,2520.6958715434025,1895.8432631819683,3092.771020286474,1306.2623921320046,398.70565115349666,195.44845426641712,454.94448348509275
1936,2,16,1,20972.651453091094,46718.43934713637,6802.983858331526,6335.12746372063,937.8058624689486,2152.2027155660867,1301.3959561911909,1553.8502946598082,3205.359282909572,1481.8761573885258,3092.771020286474,1322.9388620651973,397.196809975981,259.5010350801093,464.34445198340853
1936,2,17,1,19429.519878407355,43022.52323135475,17988.65924078048,6335.12746372063,851.283910562646,2152.2027155660867,1002.3964761795138,1560.9867136815792,4391.679244242605,1481.8761573885258,2586.2522022258077,1450.364196426762,432.2435873268083,145.67214816200558,577.7673465701533
1936,2,18,1,17880.414891176206,38275.04460461266,12602.916995828064,6335.12746372063,673.5948039166215,2152.2027155660867,770.8805169212632,1764.0248313412417,4050.283723716307,1481.8761573885258,2355.4535285067795,1398.0135197499478,401.7177035041353,116.39129519925469,495.6734403614618
1936,2,19,1,23028.500938073357,67089.45935000396,12130.176291622378,10505.872486245145,798.9344942832072,2152.2027155660867,1334.058555788202,1622.5558189677874,3687.2519240098936,1140.1356546798372,2072.0974220838557,1348.4727977139005,382.5024985084113,107.23983705228004,616.6201257016074
1936,2,20,1,21185.703167273183,52794.388131904154,10288.938793315474,10505.872486245145,1059.5505697731357,2152.2027155660867,1483.9180160539247,3899.7731358477154,3757.8472195401982,1131.850308690042,2526.058807440723,1404.9773203813581,385.5145508590499,134.69039838564078,664.230520950912
1936,2,21,1,25598.063902111604,69445.46284300595,13713.682561562196,10505.872486245145,1188.444850134008,2152.2027155660867,1740.6143935037658,5931.693540076237,4089.0487239142235,1893.6218298368835,2490.011563020747,1382.2533393734961,373.4550814477271,105.40954542288591,642.2887812220735
1936,2,22,1,23465.55562277401,52292.06392917195,10105.445364423626,10505.872486245145,1544.8328901289856,2152.2027155660867,2021.8436926773509,3099.794556481689,3341.418192369754,3846.0816239490127,3583.329989672558,1346.5791326298747,362.1500326251537,271.2110884006757,692.4685859932655
1936,2,23,1,23201.72990194116,46489.59005204151,7876.210310368664,10505.872486245145,1361.1252163335416,2152.2027155660867,2113.7881911025,2348.371612420922,3242.8760362316993,1505.7715755329596,3145.3284529902735,1259.470538766255,362.5272429195453,189.22546272647787,751.3614874103897
1936,2,24,1,21447.537750590684,43880.708087960484,7549.844135316894,10505.872486245145,1241.4809485714366,2152.2027155660867,1630.3241618247996,1831.0511982322932,3075.0561784877113,1040.1711541510238,2696.664086374569,1384.5746062506578,344.8152490969443,125.54275334622537,720.6430517900106
1936,2,25,1,18230.855093942955,37200.5971641423,8236.893958762676,10505.872486245145,884.3658333503565,2152.2027155660867,1127.0755182536957,1815.1691676641312,2840.455112889476,1386.834833462335,2537.2719769834807,1210.3574185233435,323.33678233495533,110.16830365931146,639.8084106440222
1936,2,26,1,16678.763400438547,30620.035683689726,7629.684787582684,3264.2006658812143,741.980268238441,2152.2027155660867,849.875085990733,1243.1362076416933,2841.0792363272603,6281.853267464666,2549.1042785869618,1262.7080952001575,324.0912029237047,288.0497713911033,1049.6419492315263
1936,2,27,1,15587.620041823095,27532.85869286068,6973.380618825237,3264.2006658812143,648.349136343586,2152.2027155660867,673.5042425719407,1679.7171360346115,2824.574638747573,2745.931769480656,2406.2223574798913,1249.2691817008674,331.6241488024806,327.94250269678736,798.3613299020458
1936,2,28,1,14480.547583082103,26369.16002730337,7126.828749627465,3264.2006658812143,578.9134522507051,2152.2027155660867,530.4938560543361,1283.2960558624495,2509.2536085154507,2086.946569598302,1072.6118988456942,1221.475065145472,324.46278321368675,200.57327082872308,456.827021154571
1936,2,29,1,14480.547583082103,26369.16002730337,7126.828749627465,3264.2006658812143,578.9134522507051,2152.2027155660867,530.4938560543361,1283.2960558624495,2509.2536085154507,2086.946569598302,1072.6118988456942,1221.475065145472,324.46278321368675,200.57327082872308,456.827021154571
1936,3,1,1,7204.632430009681,8314.323740090515,3649.6282721289126,6149.064642805154,267.06684846817166,978.0119795068772,490.42101910377664,1520.0572516447364,4182.805933695088,1073.3125381101136,2548.6915238799097,1708.6356794951266,507.606826140957,98.91201013853535,915.9563349995469
1936,3,2,1,8588.27388968404,10294.442265898817,5545.913799103183,6149.064642805154,503.17644953161874,1293.9296612849762,670.3818707161633,2089.431545757096,3473.8017082512615,990.3390007342527,2812.3041968132043,1477.3031093958111,475.6734412198528,133.1079587477235,722.0422351930055
1936,3,3,1,8327.932659503847,13189.72912279051,5850.218741292101,6149.064642805154,507.09457713895625,1247.0283133174705,566.3291883435048,1775.009319443375,4114.915173062325,904.1233714493555,2687.4458979160736,1398.624379454417,450.8845318743644,120.95558495005639,676.3779768587873
1936,3,4,1,7244.952964702921,14165.771366370554,5030.871556328491,6149.064642805154,426.3488339733589,1117.5633021076205,462.26931156559954,1519.427567613406,3708.1947327035323,876.4455127443869,2828.195253036499,1378.099493382778,428.00982402274656,113.04338676048587,603.1498054854467
1936,3,5,1,10644.621159045259,43274.257455959494,5401.570304085708,6149.064642805154,516.5465550782848,1284.5638007077532,591.912493226088,2086.912809631773,3326.300535763018,876.4455127443869,2723.0803876289,1340.5316215552054,416.0911047212568,112.75740369339292,566.8600759513165
1936,3,6,1,12087.200289185368,58029.31575719962,9353.962733886074,12181.328127217297,1531.0992469692685,2127.7794329839157,2434.1550545510113,3661.9624666799,4030.0343855091437,876.4455127443869,2665.63869089099,1512.5497143462221,510.9397887420439,239.08184408967688,582.4991304421025
1936,3,7,1,10375.817594422891,47701.34706956918,7072.20093491916,12181.328127217297,1010.6345642836261,1692.4110063054686,1344.20266711683,2376.287604476814,3669.013650213687,827.6340178916133,2700.6540485431906,1190.7488220084456,400.36650244964744,201.49604285854457,673.8340070351278
1936,3,8,1,11147.38338176476,34028.74593412748,6111.171610013734,12181.328127217297,774.8198326174372,1592.4844784545292,875.0555041822737,1987.5626624654456,3345.232280045701,743.0394345612116,2768.0706507026057,1152.6311764467985,377.00761422016086,168.71475715457237,620.6650377211732
1936,3,9,1,10984.110105475535,28416.21697192589,6052.901940991612,12181.328127217297,673.5140177803767,1547.52834768386,827.2846536703282,1973.779578668409,2995.931195972852,890.014267771122,2831.497290693302,1123.8596843641928,360.8044615750585,161.36689888406536,511.1725765119559
1936,3,10,1,12096.160408006039,49322.74432531622,5966.828114996259,12181.328127217297,641.6034939680642,1512.658528303985,560.3578320294931,1849.451964925778,3289.754641122132,988.7179547797574,2769.37770727505,971.7556179402711,357.94441934305513,157.69487630259147,681.9747104707664
1936,3,11,1,11340.523720789703,66963.5922377016,5675.409734225736,12181.328127217297,597.0095467670556,1523.3932454271076,594.4737014764352,1605.6942799064059,3078.176795677183,1027.202786514878,2768.0706507026057,975.2986042265202,368.9060378976097,153.1725307349651,528.0708960654449
1936,3,12,1,10942.296217645438,76618.74399775297,6077.97470722948,12181.328127217297,563.4429071619571,1474.402590100081,510.8891018909124,1755.069325117787,3035.736401900592,1107.4745806332007,2574.4199006223266,950.6198721641632,395.59788872816625,138.19464423441735,502.4149603941055
1936,3,13,1,17571.78857623909,98634.0461858775,9868.724834021321,10520.116529951483,995.0024469224088,1753.4331902201754,594.4737014764352,2069.4215865391307,2894.060381499362,1297.3170735293104,2564.513787652013,1119.1560646394748,406.5595072827208,136.2156414101339,534.3227019070417
1936,3,14,1,23009.585131673663,81948.64408051188,12425.726776325693,10520.116529951483,1079.020028605466,1900.3331111199627,584.2360628802935,2201.93509268913,2894.060381499362,1131.9103474291328,2620.029295756658,1042.2488278411677,398.4579309601696,135.93347145060415,479.8881076058207
1936,3,15,1,38988.46369533661,56055.49058700594,28446.383974412707,10520.116529951483,3215.5709735782307,4489.633335317257,2270.4103922539252,5286.40733774168,3198.9793544333556,955.0962609082143,2567.8158253088163,1072.180953362317,393.68931723870537,144.1278395997044,571.8653365793115
1936,3,16,1,29500.693432924745,39105.767545806324,15497.49081876552,10520.116529951483,2092.2397492485825,3324.4482344284593,1783.4211044294047,3245.6713570745283,3031.1594966893676,891.6353137256631,2581.7119004477513,1223.6741600817695,425.14978179074313,150.91135795114795,514.301659395036
1936,3,17,1,26528.920690711086,32800.96946594369,11385.697227073017,10520.116529951483,1645.0884851950257,2601.331752784974,1699.822116033438,2763.82314331783,4566.711195046558,817.3073547739147,2518.2852604569575,1268.8777782157654,412.2795917467277,139.60549403207406,570.6124314411719
1936,3,18,1,22963.788968812412,27847.526473615617,11565.688872970664,10520.116529951483,1798.4609648346984,2361.2054966010624,1729.6788976034475,2626.342129809493,3772.826182049551,796.7140672775625,2579.716919363392,1366.9207607901803,425.14978179074313,150.62918799161818,480.51774013715936
1936,3,19,1,23147.969189016687,23886.145175523718,12601.516282630426,10520.116529951483,2131.663383730631,3219.7667312075914,8111.691860277431,6884.5454092721175,2912.992125782045,1133.5313933836283,2602.8311829609197,1588.9071774104548,444.69152704129107,172.954932762669,501.7916877873046
1936,3,20,1,19676.420930356777,25348.492171179845,11136.37027789176,6872.216936727455,1872.7438171016008,2699.241018357685,5505.446633400153,4445.709191015944,3499.945545594019,1394.9400632349489,2580.404843875307,1759.7646367629281,477.5763827049379,361.4520919449532,450.48617636916373
1936,3,21,1,16850.00122679054,29256.09388492491,9261.515662841332,6872.216936727455,1342.8271564766096,2162.6492523637908,3571.9502365491094,3155.696505485852,2864.7265799185507,1297.8574221808544,2524.8893357705647,2043.9365713026627,508.0797465100405,215.9095894400249,516.8074696713153
1936,3,22,1,18288.59808189904,27047.69818725889,9218.793910313056,6872.216936727455,1213.2058008896352,1956.6723647460833,2852.941381102436,3221.323574529556,2644.688394537738,8184.480908159979,2536.1025053134194,2015.1650792201317,514.2783813475065,347.60288528253244,506.7969484152996
1936,3,23,1,20765.573151455967,23790.02847158399,14081.369775944397,6872.216936727455,2007.8990230205864,2302.128529883142,5136.1578146081465,4156.334396170904,2892.8121346235735,6867.831360654495,2557.909712338406,2227.7442563908207,615.8098805836114,426.7248671782414,499.91551004238977
1936,3,24,1,19006.40315631643,21658.2972877757,13672.361522231558,6872.216936727455,2075.3150537076094,2151.1940844269975,5001.406605257358,3650.068434976856,2792.883037512458,3177.6103032957312,2627.321295582083,3067.3709202448845,747.8334836160168,550.4983386160561,490.528261393175
1936,3,25,1,21125.969041801745,20190.229059742094,14318.790662945625,6872.216936727455,2261.9310284074827,2604.6458265276606,4552.763497135923,3808.1890917345586,6146.575657494022,2214.4088126149027,2552.61269359734,5394.318792648813,1392.6941868711585,390.8435250269813,500.538782649165
1936,3,26,1,18075.546367716954,20075.804412194662,12140.68164060456,6872.216936727455,1742.1126348116977,2556.3756220142554,3643.606512317053,3319.484318525531,5032.86205610236,1738.7819218105858,2564.513787652013,3379.7645731331504,1174.869316878667,313.1247667138105,715.7459098795163
1936,3,27,1,16224.784046854007,16115.567360578061,9667.722490158892,3355.1844950562454,1247.0955850396724,2167.332182652377,2301.1305024476464,2864.4326585468198,5032.86205610236,1923.1608894526198,2773.2988769924796,3103.1672989293693,972.3017587930943,280.6256509693721,646.9315261502122
1936,3,28,1,14955.433880581693,15387.826602176878,8649.403995469711,3355.1844950562454,1026.5898261897823,1898.3158488417841,1703.2754305282858,2786.9115578001406,5574.670547240201,2133.0563211935378,2600.8362018766575,3630.461395865561,1589.519140475137,255.4743934954406,1063.633783261525
1936,3,29,1,16291.48715363076,13942.643303653163,7901.423147926151,3355.1844950562454,901.8560318449416,1893.6329185531977,1280.172460858301,2630.050269105169,5647.8316835706655,1634.074360896331,2565.8208442244572,2779.045139714431,1060.4676275985466,247.5621953058701,1159.3506478757702
1936,3,30,1,16925.664452387966,18431.522226938738,8639.599003086245,3355.1844950562454,864.7348022455568,2141.8282238497745,910.8836420662453,2654.468016542519,4412.622052936244,1458.9413590689985,2719.7783499720967,2507.8234309103814,873.1573814199262,279.7791410907788,895.350179428095
1936,3,31,1,18807.28940474407,13381.962530670951,9761.570274401274,3355.1844950562454,940.5929841690003,2398.7409839913453,723.2535545132115,2946.921266651835,4925.096742493165,1295.696027574815,2684.762992319896,2682.16279057856,978.0443632746886,342.2340298363088,865.9037287195456
1936,4,1,1,12911.531220693805,27107.1990039842,8143.746531119216,6839.099535109773,735.9617010890419,2159.911539271941,3954.9803692685346,2690.9896903599774,4572.120264841642,1858.6192449670261,3715.893043102263,2575.079084377301,1165.7487097608616,104.62785837283131,784.8146905912015
1936,4,2,1,12499.36575493936,26600.29781534882,6582.791743661434,13556.768597622182,635.9484644317162,1912.0044143008327,2028.4625454591594,2893.468088880618,4593.548502875902,2109.2209417881945,3811.996097404941,2086.9410945004356,845.1199595392745,93.45164011083867,686.8718523812607
1936,4,3,1,32427.665581035064,32559.533459618582,16026.260050877148,13556.768597622182,1063.7514488572795,3415.7293525157975,7427.503925987074,2966.6513663003593,5044.928442568205,2305.1873860680603,6920.5205890124225,7721.266665052742,950.9640421409551,88.71194741222116,643.0519721691662
1936,4,4,1,32764.167821192088,29845.38081979348,26965.83012449981,13556.768597622182,936.3113189486118,7531.592805720251,19623.45961693367,2455.2779679632877,4666.640292157784,2182.708358393127,10960.013322479685,12605.090002639494,887.851692887496,82.95796810230912,782.3343200131502
1936,4,5,1,26604.58391630851,25489.234487663045,19820.79210330284,13556.768597622182,759.308894460577,5377.444872957327,11904.582280444381,2447.1620404482273,4661.64730465463,2239.865237974787,9476.848074973619,7830.610552160693,812.9163344072726,115.46089695431078,706.3332215320736
1936,4,6,1,21751.186221738284,24956.015630091897,11980.299979474055,13556.768597622182,689.2269212778388,3428.337241754364,5309.758812025873,2898.2257015618216,4713.310855902251,2355.6799656144653,5598.948809335282,4455.793942633988,830.144147852005,96.83767962521961,681.9747104707664
1936,4,7,1,18507.62320862809,23192.731811386366,9720.94959166956,13556.768597622182,732.851434844031,2871.5008078973406,3222.3021439464637,5648.755515329259,7879.21166812743,3231.405013490218,4586.461512823481,3698.3279090370247,842.8679577817949,83.63288814064977,653.9910424107942
1936,4,8,1,18244.79305655314,24794.676877050395,9475.824782081425,13556.768597622182,634.3731347751547,2765.8106735373835,2689.1967188054,6989.842572290003,7811.251560445976,3045.6451548499153,4145.364315837966,3274.513446045448,726.6083670517473,83.63288814064977,629.053778214604
1936,4,9,1,15681.203505061856,25016.660693292495,8133.941538735541,10221.881864847566,572.6929197607242,2523.5951099939502,1975.8714434648011,4479.782093600458,5938.118429238544,2193.9356025966867,4205.9704653302,2954.056445057623,686.184935504932,86.67956108208077,683.8190885929156
1936,4,10,1,15374.568327641007,24001.71406954644,8454.004504397835,10221.881864847566,536.5411237961356,2589.0120438718254,2112.0615338550765,3734.725954745375,5569.400171542392,1941.8329372991134,4091.22465675686,2968.4727340841227,692.5468404698184,90.40496716941165,709.3859853204189
1936,4,11,1,16118.258189762964,32132.729524266804,8956.160185754341,10221.881864847566,538.116453452697,2612.931010884452,2393.1469449247675,3287.6502924968986,4872.184944369756,1730.0162659083373,3677.162893086207,2765.7283981560054,740.2329776845121,97.51641277111949,754.9866444090801
1936,4,12,1,21670.545152351344,48421.0781026423,9552.864007951941,10221.881864847566,576.1263305506534,3070.9215931110175,2191.4877672364273,2858.9054320495293,4967.329095123791,1773.904584158534,3750.702023400889,2682.468220430832,945.5029378790606,153.72161822378374,799.3789178314943
1936,4,13,1,18890.917180404722,36675.388031899216,9212.490700923787,10221.881864847566,879.5994513125597,2403.423914279932,1848.242695259624,5104.2187580085165,6133.538412347044,2235.242255067436,3795.210739316351,2821.9885769417347,796.082621270093,138.82380698202346,829.2069640136156
1936,4,14,1,17150.66299166443,29058.139244666996,8665.512197242655,10221.881864847566,820.3832134532623,2670.2068505682696,1676.5841872452368,3996.814441565854,5407.336118836834,1879.5727648976952,3977.029187793052,3257.287202378181,829.2433471490131,120.20058965293225,792.0650045885566
1936,4,15,1,19619.67351115859,30067.364636035578,9551.463294754303,10221.881864847566,657.7607212148021,2912.998774762639,1596.1507371362304,3568.0695811184846,5405.463748523152,1761.6566813910679,3721.6716090016694,3043.6695637097373,718.4448606808771,118.84693646869174,785.3870838014954
1936,4,16,1,30116.950494040615,30459.841177123522,11970.494987090588,8335.881452839087,571.76387919402,3181.0785225154846,2913.3743847621236,3427.230252776361,5024.748451409734,1822.4158853160811,3683.010251436805,3067.248748303946,657.5845131849146,119.5256696145916,811.5899729849519
1936,4,17,1,23337.127253010018,25121.931369036567,11190.998092600063,8335.881452839087,522.2015846146531,3122.5779164485016,3102.1555771468065,4544.7794786127615,5691.034894882423,2445.017609330309,4538.788344153695,3107.443316860952,627.1824894588965,121.558055944732,880.2771582230653
1936,4,18,1,19803.853731362862,23069.153192035577,8952.658402760142,8335.881452839087,492.31071420817796,2704.140083890398,1866.444540409547,7763.3044574475525,10630.902558739086,5097.709217056496,4184.094465853926,2659.499895541093,624.8741876574735,129.68378815773045,1030.5621755542597
1936,4,19,1,19025.318962715675,22440.961877,7913.32921010618,8335.881452839087,477.9711750266955,2514.157204335336,1456.7231644070725,6294.2516123409505,8510.96328137019,3497.796898683161,3628.8017999046037,2668.6627911088003,676.2198277280781,136.79142065188302,1153.4359180358015
1936,4,20,1,18095.457742874096,21188.011986355734,7685.713315488627,8335.881452839087,477.64803048175673,2453.711381071516,1222.8330514335519,4972.125041212714,6710.367163055327,2907.8562487156155,3846.8050777035664,2871.9569007709924,792.4794184581086,191.30741945491206,1172.960886432197
1936,4,21,1,17900.326266333348,20439.674791395257,7651.395842146179,8335.881452839087,494.77469136331104,2482.673503779589,1035.1310198285464,4351.046691638443,6013.776059320585,2897.169353163554,4049.2612615352896,3222.284941309573,977.7628630549889,263.42853586818643,1265.4341895213238
1936,4,22,1,18445.89794564085,20097.545095229256,8007.17699434856,8335.881452839087,546.5182116210048,2542.47092131113,857.0694911883162,4183.760633980221,5997.410155838171,3167.1035239608514,4035.0900165914913,3398.579052032171,1159.3868047959752,206.5445972696223,1254.4315200340873
1936,4,23,1,18090.479899084585,18370.877163738143,7629.684787582684,11049.816905285452,608.8447157252926,2437.3571476020597,853.8320088493839,4281.291693944865,5643.740207700062,3222.759435066106,4032.544695897794,3178.058698702787,1159.3868047959752,175.39150849430195,1166.855358855481
1936,4,24,1,18162.160849650852,18115.71019970751,7376.8560554074365,11049.816905285452,676.7454632297242,2378.856541535076,783.0390617051527,4395.754257863269,5993.596068162114,3076.2649117686487,3927.4298304900985,2866.825679253064,1020.8886967107798,184.8747069991041,1104.782495158795
1936,4,25,1,17573.7797137549,17532.144497215413,7528.833437352113,11049.816905285452,622.5379658169177,2326.6238575466555,719.8002400183638,3723.881396427928,5979.726658431276,2616.96855798765,3879.6878693691215,2909.2804287167623,894.6639982038953,188.93566655182173,1113.3047940679799
1936,4,26,1,17817.69405943106,17462.345462211462,7619.879795199217,11049.816905285452,567.0782832924681,2358.7559638346806,684.3677944202872,3744.171215215405,5382.163140175209,2778.7729597444736,3635.2682903158275,3144.7668448067966,829.6937475005091,198.07949848367394,1217.9255530649305
1936,4,27,1,17707.185927308405,18031.03596052273,8336.344595795606,11049.816905285452,538.3992049295033,2565.7414825914775,655.4031190947784,3794.336043045144,5716.901344030634,3079.867236112002,3736.5307784571883,3369.868645920035,922.8140201724168,207.89825045386283,1331.7046034269938
1936,4,28,1,19523.10334164612,18199.240192416997,8909.23629363315,11049.816905285452,538.722349474442,2767.035439920549,602.8407947212588,3811.267546998834,5777.996093895252,2985.966648227899,3681.7031948643607,4106.076761799952,1029.9530037846587,240.74435898637367,1412.0304506082452
1936,4,29,1,20864.13445848424,19089.46395033597,9954.168339077874,11049.816905285452,555.8490103559964,2950.1740367461116,547.0625712243489,3685.9604247630523,5348.737862723685,2857.8439790816633,4049.2612615352896,4956.576728394267,1119.4137736006558,212.97730972543425,1514.8068314830723
1936,4,30,1,21657.602758499062,18938.42341557312,9953.46798247895,11148.634958498902,568.936364425856,2833.7491852629814,488.0684486041479,3528.81927649857,5352.551950399741,3160.499262664688,7549.283592825234,5727.848191313262,1211.1828452180757,183.18168724191364,1387.671939546938
1936,5,1,1,26549.827634626134,22895.227727762845,14764.917816396186,13609.29350878971,1244.3084633396209,3643.0315842170157,3134.6742886398742,4825.478626803859,4004.3759775070066,1536.5114099297832,7212.20058202845,5598.2848479858685,509.38027752497754,175.4143871396692,1480.7176358463585
1936,5,2,1,24583.579337851475,22405.49023625988,14222.141452307967,13609.29350878971,1153.2624878042357,3643.0315842170157,3601.950906223013,4298.153233006247,4407.698412481781,1570.4332974965982,7471.548122988454,5882.3346105847395,508.0403364792751,163.06754485637825,1689.3867606299657
1936,5,3,1,22513.791890259483,22285.344356335972,13478.36274435753,13609.29350878971,1052.6433551251446,3643.0315842170157,5234.001725295287,4141.571803880717,4429.404038710588,1825.3577835298458,7092.501716970002,5733.590272535659,592.6142624815283,161.25250565722897,1543.4900912445546
1936,5,4,1,21386.808056360893,20576.984368452573,12467.04781565633,13609.29350878971,975.5733811581907,3643.0315842170157,4313.765356472103,3812.2470554920537,4016.026281681033,1920.0989137607191,6479.560976929195,5502.379874377282,674.9812267614599,179.04827864553098,1543.4900912445546
1936,5,5,1,20509.71198068588,19702.78006118972,11566.389229569379,13609.29350878971,902.0983902536356,3643.0315842170157,6154.310038170391,3529.938714776476,5769.327712813424,2462.9691923081227,6048.232308011612,5127.556359687678,944.8836373957516,192.48566969133682,1543.4900912445546
1936,5,6,1,19824.760675277914,19883.57100431522,11060.731765218883,13609.29350878971,829.7947983244786,3643.0315842170157,5277.168156480784,3508.879282172913,5297.906476059922,1919.1983326748582,5989.345969798972,5235.373097534345,885.3744909542768,198.6590908329823,1554.9379554508937
1936,5,7,1,19286.157977275274,20770.362022807312,11139.171704287035,12071.827041223984,772.679000007243,3643.0315842170157,4385.637464396012,3476.555501897636,4449.514682820477,1652.8064474819153,6330.074980508517,5558.88439704474,734.0962728953822,195.02901243468372,1631.1298516687436
1936,5,8,1,18989.478487433,24216.83240693577,10984.392895947083,12071.827041223984,747.9584423197279,3643.0315842170157,3853.6112000345756,3924.540707746954,4457.212205221064,1850.5140151944124,6836.800175922661,6037.370803590292,651.7293086154505,195.75350287131815,1645.5668804178713
1936,5,9,1,19079.07967564015,24209.966928083006,11397.603289253044,12071.827041223984,721.1778381582634,3643.0315842170157,3307.1961252779734,4780.561165901899,8367.414890655276,3268.5089542270243,7359.4164275601,6379.207894236177,1016.9476936351862,193.9384636721689,1707.8305418513303
1936,5,10,1,18602.20224062521,23946.790238724312,10742.069512754226,12071.827041223984,681.2694868588068,3643.0315842170157,3271.29604334203,4857.102758155357,6640.950767352229,2067.4940181440375,7035.403982488049,6567.9635429308555,858.0689696448038,174.6898967030348,1769.0766153553154
1936,5,11,1,18574.326315404844,25482.369008810278,10417.804407499016,12071.827041223984,658.891727122088,3643.0315842170157,3134.6742886398742,5018.581729746847,4906.234345259174,1718.728982965778,7666.918684348229,6788.483896260315,702.7371484224288,162.34305441974382,1683.4084315444404
1936,5,12,1,19032.287944020998,25961.80828203459,11155.279906059977,12071.827041223984,642.5325345347482,3643.0315842170157,5694.155881732814,5406.18723348024,4957.343120117593,1798.8206608669195,7373.174917796749,6944.863980615818,659.329814546955,144.1812231055614,1707.8305418513303
1936,5,13,1,17777.871309116315,24859.898926152175,10898.249034291817,12071.827041223984,612.9648086732118,3643.0315842170157,6096.754796589727,5478.530932191518,4722.742054519247,2266.162205681441,7358.728503048282,7362.692018503194,745.6940819464237,138.73610550811355,1752.6680099928733
1936,5,14,1,17479.20068175823,26333.688386563244,10929.064724640064,12302.402498722255,587.3959965552576,3643.0315842170157,4852.986026031122,5505.18755618468,4787.026768622027,2820.860115822948,8050.780561949506,7916.741770497102,900.5755028172857,147.08681106722554,1857.7339637089783
1936,5,15,1,16609.073587388088,27143.814891198617,10629.312100343626,12302.402498722255,557.8686637618337,3643.0315842170157,4105.271493846089,5658.970389615375,5286.325518934587,3520.731697002688,8552.277531073774,8106.719138600869,1137.8238879680796,151.0829477914045,1911.0301315141237
1936,5,16,1,18779.413479524163,29936.920537832022,11207.106294373007,12302.402498722255,553.8697500182716,3643.0315842170157,3573.2452294846526,5859.1399466878265,11046.291380179817,7184.2355154813895,8070.042448280794,7465.316448861463,1992.2896548009162,172.8748575038855,2075.3705821208996
1936,5,17,1,19162.70745130034,28281.19588782016,11508.959988465796,12302.402498722255,536.702696068605,3643.0315842170157,3508.495582706405,6034.681861645794,9748.114629366984,4317.625880497478,7891.182075204842,7927.737245178367,1554.1064128387368,187.39898420464297,2221.839644716656
1936,5,18,1,19341.909827715554,26826.85861749309,11243.524837511808,12302.402498722255,521.5149024566632,3643.0315842170157,3364.751366858638,6592.232088947557,9969.331714574895,3632.8840615599224,8623.821680304098,7983.936337993628,1389.3724842788738,183.7689058063444,2151.562478338749
1936,5,19,1,18482.733989681885,28107.270423548427,12229.626928655312,12302.402498722255,506.3271088447215,3643.0315842170157,2760.7810505213715,6564.10620221453,9969.331714574895,3632.8840615599224,8779.292619977756,7642.465763170484,1576.9079306332335,163.7958484005759,2041.5357834665672
1936,5,20,1,18596.22882807779,24548.66388482312,11327.567629370513,12302.402498722255,486.77686387616666,3643.0315842170157,2674.5201322022967,6092.962616990524,9969.331714574895,3632.8840615599224,9478.223923997253,7616.198795876373,1669.1274026021495,175.4143871396692,1862.2495101459267
1936,5,21,1,16408.96426705828,24016.589273728267,10632.113526738902,7584.8642484162065,457.24953108276287,3643.0315842170157,2415.737377245173,6134.381833274011,9969.331714574895,3632.8840615599224,7809.3190582970565,7547.171649266292,1694.6313225056558,185.22169978717645,1673.486949232261
1936,5,22,1,18095.457742874096,22694.98459455534,10410.800841510616,7584.8642484162065,573.0160643056427,3643.0315842170157,2322.2101096765427,6519.1887413125705,12952.641747692807,4886.072661882901,9419.750340491762,6482.44318429899,1850.8639444310056,170.6937599788558,1628.140687125981
1936,5,23,1,15870.361569055643,21628.546879413043,8743.251779712093,7584.8642484162065,521.9188331378266,3643.0315842170157,2156.8826782360265,4936.442946103651,13489.387904278805,4893.8776979602435,6265.341283945279,5094.875365496157,1986.9411506268912,152.8979869905538,1603.7185768190911
1936,5,24,1,14820.03652951238,22342.556680108693,7858.701395398084,7584.8642484162065,442.86959883314785,3643.0315842170157,2142.4938678408603,4192.786105096054,13048.340674836047,4856.773757223392,5517.980094292889,5217.7803380443365,1977.9894436408988,139.09835072643077,1642.5777158751087
1936,5,25,1,14036.523917076134,24366.728695223326,7984.065226587427,7584.8642484162065,416.4929253528468,3643.0315842170157,2408.5429720475895,4204.0504527676985,12938.078867475275,5148.802183993445,5915.806839484289,5705.063124334855,2033.9516873143325,124.20816569979289,1649.5736328901082
1936,5,26,1,12817.947757455044,25046.411101655143,7787.2650223179135,7584.8642484162065,385.7497612091152,3643.0315842170157,2092.204975509751,4095.185080238962,12511.594518249942,5348.3709526167095,7208.073034957445,6128.144555681024,2144.074573255233,127.11375366145701,1388.5623289852213
1936,5,27,1,12417.729116794973,26188.369084177866,7351.643217849742,7584.8642484162065,343.4218651294753,3643.0315842170157,2077.816165114585,4065.030211627189,12588.56974225646,5585.944243062641,7227.334921288639,5973.108362675473,2149.423077429258,122.75537171896082,1266.0701819772257
1936,5,28,1,11896.051087676231,36129.58246309783,6652.757367883845,4860.423813736292,329.84575493539006,3643.0315842170157,4148.365980979615,3520.143629844557,12166.246215950423,5071.472288088887,6071.140194255566,4629.888958420364,2077.3590211898236,122.3931265006436,1396.5122346840608
1936,5,29,1,10850.703891922481,43705.63837721245,6121.3968163564705,4860.423813736292,299.8942949267363,3643.0315842170157,4773.919512909681,3110.0094307678055,11705.781812884361,4194.906697866319,5476.773416034231,4333.8663456130935,1838.365334676972,117.30644101394977,1436.897755634264
1936,5,30,1,10556.015539595553,36958.01691134191,6208.661248569932,4860.423813736292,278.73236654032496,3643.0315842170157,3149.0630990350405,2938.665409352089,10700.249607393604,3667.646491473554,5187.225989004848,4463.490774910881,1515.5971827857752,124.93265613642731,1762.0806983403415
1936,5,31,1,10648.60343407687,31967.958031798426,5933.000891272995,4860.423813736292,266.7517825368675,3643.0315842170157,2789.5586713117036,3103.0129415307206,9293.891460679755,3961.9563903277376,5644.489412018422,5031.651386079017,1573.8114282167053,137.28331152728148,1812.8964955674355
1936,6,1,1,6340.578305062378,16947.434548248024,4753.390271874646,4894.60951863185,257.91377923289843,1183.48455155504,1473.5580725693812,1688.952501827508,3494.3977817016626,3483.147446353429,4440.827893669041,7128.732751674446,919.2671174043927,62.39006591698741,1804.4377959038331
1936,6,2,1,6469.106231702254,16895.94345685178,5087.320298193705,4894.60951863185,248.24771803253634,1267.8493418314865,1509.5300985573463,1945.09397279643,4119.9775076141705,2259.97821555864,5074.61274641825,7385.293827570193,983.0550671850873,43.904120460103876,1993.0095590807512
1936,6,3,1,6127.227920252645,17630.549694106725,4653.799563521886,4894.60951863185,231.33514041201565,1251.4951083620304,1509.5300985573463,2620.3951139580054,4955.05466751198,2892.3062153000224,6339.568338771779,6905.768959526961,1072.96623735258,45.227268783850725,2172.804626366103
1936,6,4,1,6188.554955736815,15583.492749483205,4684.545218210221,4894.60951863185,213.82070607654697,1268.4977475637654,1509.5300985573463,3409.808994576026,5656.500064652493,2843.01441053475,6480.86803350164,6236.877583084507,1210.0568443393272,46.54660400004233,2385.6077021131123
1936,6,5,1,7961.165129108037,15257.382503972327,5270.5335844459,4894.60951863185,201.73913940279866,1452.9331558538356,1102.1828762700425,4191.106947679126,6298.306999950143,2787.418538168586,7969.605469553538,6248.48391747024,1192.5475306748954,44.89552842602321,2542.1890447577957
1936,6,6,1,9582.349294408074,14734.461864680827,5031.922091226772,4869.771467418807,190.56641676166797,1767.698116330111,1815.0045432467884,4703.319924724661,8496.400401152767,2322.2383879600584,8783.42016704876,5521.4997831285,1164.1723085306173,41.593377277992936,2575.642247938608
1936,6,7,1,9647.260377420327,14255.022591457511,5145.099717596643,4869.771467418807,174.86159187784037,2033.3283313166253,2150.4796576101835,4938.401963090089,9951.994952411238,1933.6676687874544,9582.100525283697,4802.762254797727,1108.3789649889798,42.916525601739785,2459.4464262441015
1936,6,8,1,9514.45150512211,13577.62867797628,4897.873838211947,4869.771467418807,168.51988018350235,2015.7493314640035,2300.2671738239346,4926.158106925226,8967.266861516957,1763.097611128382,9075.788084576605,4747.968139302888,1029.6152035210325,42.25304488608476,2173.3134203308146
1936,6,9,1,9213.988853999526,13930.056592422927,4616.260449825101,4869.771467418807,236.4731386764779,1864.0223901128454,2006.7354417624665,4625.86878887036,8668.38108181594,1610.118904012852,10090.476739526242,4181.945537100505,959.4653487754515,38.95470684561371,2113.848125703371
1936,6,10,1,9188.10406629542,14657.79735082411,4328.483923368395,4869.771467418807,233.75468519221917,1699.6875595231704,2509.9121412815484,4296.404110696942,8497.787342125828,1847.2118845463306,9546.328450668487,4388.355031255661,879.0688860333167,37.63308376488737,2012.0893327579922
1936,6,11,1,9417.08488060304,14708.144195745059,4338.288915752071,4869.771467418807,198.7217772144644,1580.0927244600382,2983.0881711267275,3642.1624021389985,8082.398520685208,2123.8103553788815,8529.576022183395,5067.692108645305,850.6936638890389,37.63308376488737,1894.0491329413621
1936,6,12,1,9992.523622646715,15593.790967761855,3818.064034145889,4869.771467418807,181.80919959394373,1529.0848068548332,3102.9469617184973,3171.3686413768805,7770.336801739831,2324.159627609871,6456.377920880476,5491.68982954829,808.0182305847438,34.66191035317037,1886.6716204528163
1936,6,13,1,9463.3788278437,15408.423038735176,3802.0959036927725,3032.200804012442,167.31212744680926,1382.401021199122,3019.0601971146925,2892.138755925578,6887.618219416311,2565.575397355429,5878.934085650211,6032.178496101969,729.5359693364794,34.33207654912446,1626.0419120214758
1936,6,14,1,9302.295802822044,14570.83461868874,3418.3705231973336,3032.200804012442,159.1567669940128,1543.5658682088447,3414.392762722001,2534.058436772628,5560.523749314599,2700.962753927462,5916.976311154448,6608.891143133269,618.2870825168307,29.71020887414546,1479.1912539521986
1936,6,15,1,8908.747472839648,18177.499509383404,3213.586253701471,3032.200804012442,153.71986002547504,1556.1737574474619,3402.450050093977,2230.4108038839754,4218.519663752225,2795.6438454192908,6382.35724340755,6594.230510224967,627.858089986132,29.380375070099554,1366.8113869931303
1936,6,16,1,8420.221883357519,14631.479681888339,3293.5669772870874,3032.200804012442,143.1530334061097,1452.284750121557,3480.2935143318473,2377.826832108917,3618.1822635499243,2795.6438454192908,6420.399468911789,6205.72373815427,669.9142228071181,28.719944840493497,1392.3146844750765
1936,6,17,1,8081.33027818162,12880.782574413044,3240.690054075779,3032.200804012442,166.10437471011613,1355.3841156878852,3408.421406407989,2239.2263803226747,4467.475568421919,1891.040164057436,5350.470475662174,5326.818795300016,719.0078611202429,26.07898654357953,1549.8500158036263
1936,6,18,1,8086.706349474205,13773.294825282608,3165.0515414029023,3032.200804012442,183.01695233063683,1260.2846082883163,497.1837599894789,1648.8626184991294,4723.574219103106,1554.523031646688,4832.119355998124,4676.680811786114,738.1498760588455,25.418937624726613,1594.4330869628134
1936,6,19,1,8135.389661733281,12245.725780524703,3393.788006578649,3032.200804012442,149.79365380452322,1244.578780551139,311.4889674346371,1627.1035369718581,5452.897129802786,1554.523031646688,4647.34283212048,4231.425173166158,723.174064371593,24.42867359107464,1713.8088709368556
1936,6,20,1,8161.871790692678,11807.479380417984,3296.648546321808,2034.4055423748584,128.9548699630304,1198.6140186413306,311.4889674346371,1478.358175791877,7003.358443620748,1620.685722086777,4525.029853917046,4209.617481714961,655.2762113834916,23.10819444261965,1516.842007341969
1936,6,21,1,7559.751805938301,10681.9985471415,2973.1538333252265,2034.4055423748584,116.27144657435439,1272.2440917946544,95.84386604222256,1640.0470420604304,6317.793520622028,1877.7115639869735,4949.616862618736,4599.040543342474,633.2628942041001,22.77797932781264,1487.5863543701928
1936,6,22,1,7378.856962635382,11084.7733065081,2859.4159216762587,2034.4055423748584,110.83453960581663,1346.5225706802073,209.65935626800837,1274.4804794237502,6577.082135541378,1833.102780868097,4961.8619189292685,4969.832383982223,645.7052039141902,19.14675699724671,1489.8759272114453
1936,6,23,1,6582.700626974042,10548.92268204427,2869.851234998736,2034.4055423748584,106.91237269168214,1235.717235543461,5.9902056556134955,1332.271480521905,6744.971340333948,1797.9200797810581,5100.478708063049,4832.572208378013,633.6006944677263,18.486326767640655,1451.7799791025207
1936,6,24,1,6085.812259925619,10469.855250588935,2872.302483094655,2034.4055423748584,102.98616647071003,1352.8625378401618,35.94109004557688,1529.992266361411,6276.254638477988,1797.9200797810581,5171.7476874887025,4726.710221585767,613.1637785185623,20.467236145705684,1470.8597527797872
1936,6,25,1,5361.137761079243,9869.125850964423,2678.0235625809732,2034.4055423748584,97.24631149132003,1178.4413958595933,35.94109004557688,2157.0176317871696,5487.293265935443,1797.9200797810581,5234.9679501259225,4319.2057127047165,584.4507561106582,18.486326767640655,1521.9299469892367
1936,6,26,1,5821.389197837935,9213.472620517783,2727.8189167573532,2034.4055423748584,92.11235253365483,1209.9250964153898,65.89211832364008,2178.077064390733,3859.37129877045,1797.9200797810581,5502.639377679029,3870.7125176507825,514.0025111322162,18.486326767640655,1375.1428881655418
1936,6,27,1,6325.545216818867,10617.920744515019,2335.479150096555,1424.4933959188768,86.07358885018934,1230.0977191971274,65.89211832364008,2341.1652285067034,3048.981688193536,1466.0859690167058,6000.559139341826,3896.79622703356,175.3746368639527,17.826277848791715,1384.8735727409485
1936,6,28,1,5561.844422663883,8209.167488994466,2298.0100720594737,1424.4933959188768,80.6366818816516,1218.786641423068,65.89211832364008,2365.5829759440535,3952.712426259385,1445.3726040422634,6297.467358647728,3951.0405687943253,787.2435143719705,17.165847619181683,1306.3921036818203
1936,6,29,1,4719.394139762343,8031.923709942879,2240.1606169966226,1424.4933959188768,76.1045796389547,1288.0219646132239,65.89211832364008,1908.3624043018388,4286.618465530953,1500.127934061657,6167.036871204668,4270.275850373213,436.5167606616356,1.9806805916099188,1272.4937057819054
1936,6,30,1,5382.741603124549,8404.604787004737,1945.0303462523696,1424.4933959188768,71.87946471392738,1296.1630588072808,11.980123535019056,2140.0161629411023,4591.329397318981,1577.6379461833967,5534.559075028001,4438.3844410553875,423.7648007098826,5.281916593827934,1150.7647497210028
1936,7,1,1,7396.578086524958,14023.88480341206,1302.7333094715132,421.1696648180181,135.7045516453694,95.18596149718962,305.3953062322732,995.950242896226,2746.559209011228,1250.907128238803,5283.3978357587175,3084.413906000818,408.88469909732174,5.3009821316320105,1298.760194210919
1936,7,2,1,6349.737537634811,12880.782574413044,1224.0132277637074,421.1696648180181,122.52025421201591,109.50131916407446,0.0,906.4651455541252,2657.656292636135,1064.9071146422277,4479.282873880331,2702.1989888865937,390.440804703542,5.048554411077727,1151.8459368960337
1936,7,3,1,6870.718668623297,10208.280506295654,1078.3390552082985,421.1696648180181,113.42777457892122,77.29716779465684,361.2166961603165,846.4352679000893,2678.1830190378446,971.907107843986,4043.207525831117,2538.2442441951357,342.61391737899834,5.553409852186294,1023.1846630657395
1936,7,4,1,5098.307609003838,12004.289774199604,1140.5307211838906,421.1696648180181,105.92678182961673,220.4363354472767,380.9221719965009,765.7657469967571,2231.7267198000036,876.0852803100698,3651.984855953226,2354.1311292547057,341.6793366496507,3.7865302015370363,968.1713156296357
1936,7,5,1,6112.194832009134,10822.62643897767,1016.1473892329151,421.1696648180181,98.19958789886722,277.69056160670175,646.9137209616522,738.6893336493287,2124.6548766773944,836.039441359499,3351.980976344095,2262.2578296958986,326.98502518206396,13.379050500118261,940.1876475696636
1936,7,6,1,5492.453280241066,12052.348126169964,842.0387387652643,715.0509940641932,95.47305580097387,252.64048681669428,311.96379817765137,747.5748749804056,1624.2465735863195,794.9729438449311,3310.4991282807678,2249.1243460488063,300.4114044437698,5.805837572740579,908.2608262830372
1936,7,7,1,5854.442080599125,11309.732163586958,1071.1954179002814,715.0509940641932,87.05917971223447,405.080674473309,699.45446211963,1297.91871836795,2084.9883648470372,804.0387934424514,3083.2088695720213,2186.633398277074,274.1530639515313,4.796126690523442,915.1295448068718
1936,7,8,1,550.6889027226081,10251.9907216579,968.8032831524542,715.0509940641932,77.74049889767448,223.2965251774179,259.42305701972344,1297.91871836795,2028.6092142908083,791.1905032843962,2742.4110664112836,2117.545165696598,251.01937589778422,3.0292470398749956,858.5898154765823
1936,7,9,1,552.2917684231157,9687.991633896834,1415.84090018147,715.0509940641932,70.6959478180976,216.85569490351443,256.1352138444108,685.1521980072855,1468.839837551525,724.9077353662163,2725.4193309691195,1970.5723207906049,255.70916955775152,1.2621767338456802,822.2746462441986
1936,7,10,1,4934.536548335661,9696.001359225891,1114.4774557076544,715.0509940641932,64.55620146434126,269.81603421372034,279.1213384507106,848.8140742407259,1533.8873691894728,650.0394277629696,2572.2873346356814,1826.2872585844398,227.26075735635237,0.2524353467691356,822.7834402089356
1936,7,11,1,4963.408042313932,9676.091470551773,812.4836902950371,715.0509940641932,59.55553963148511,226.15671490755912,282.4091816259734,868.8240334586917,1826.8786497548936,616.6578888476074,2401.544470799355,1957.8664389367225,231.95055101630277,0.0,836.0120832918418
1936,7,12,1,4198.413008773858,9261.759821783202,940.3688052402123,715.0509940641932,55.68992301269157,273.3966747574826,315.24444694776673,850.5631965499625,1243.2538882783554,577.5306426046253,2468.8922805075786,2049.7397384956043,216.63693906542395,0.0,948.5191487420495
1936,7,13,1,4467.316130271648,8566.74451257944,892.9546634998381,958.2680403519846,52.28074806362562,244.7659594236631,265.9915489651016,831.7426405022804,1533.8873691894728,633.8289682177418,2374.371452582112,1970.144718997469,200.37748637639524,0.2524353467691356,860.1161973707678
1936,7,14,1,4550.047894050274,8983.707928242686,1167.774592878234,958.2680403519846,50.68926117983543,194.66580984364822,200.31382391636748,696.9202929040221,1533.8873691894728,573.2438766360008,2417.848281729798,1990.669605069108,191.62845954857187,0.2524353467691356,810.5087858098954
1936,7,15,1,4516.29811315837,9449.759517703558,1051.6554687932608,958.2680403519846,47.96272908194207,347.1132020083772,295.5461655167796,961.1776913880041,1533.8873691894728,528.4129501826251,2621.955484389826,1836.305357738494,187.8732466179692,0.2524353467691356,823.2286349280646
1936,7,16,1,4268.998833705885,7692.997903907704,1038.0685507759415,958.2680403519846,44.55355413287613,367.86218544105117,295.5461655167796,880.5781353769804,1533.8873691894728,462.12417839053626,2334.884585603046,1781.2058123913826,174.11914588415672,0.0,762.364156897626
1936,7,17,1,4003.2815322331085,8573.381142138145,877.6168539855232,958.2680403519846,42.27942439789305,332.0773935278713,272.5528465052826,610.9824156051698,1533.8873691894728,726.3486651035761,2023.3235741951034,1992.8687000053308,181.3086614949138,2.2719257471373426,924.9238286278606
1936,7,18,1,4221.70931770778,8342.929901976873,541.8308826795991,958.2680403519846,40.234323359149414,322.06312721836974,272.5528465052826,789.903634864596,1032.9242897091947,508.858332871952,2369.555980999289,1806.556490128678,198.81797515934585,2.2719257471373426,830.6061474166103
1936,7,19,1,4127.72762696549,8676.592174225692,932.034561714088,958.2680403519846,38.415827432518306,379.3173533777948,279.1213384507106,396.14122060258165,966.9752464386964,447.3366369609409,2528.741713036803,1768.561016507895,186.62338564258278,2.7767811882453697,718.6078759311139
1936,7,20,1,3798.5925956168576,8131.129879366397,908.3625086738575,857.1709401452491,35.688083542581786,361.42135516714774,144.4852395830772,339.63057703482934,895.2703981298768,280.8972445489479,2281.8456057409066,1622.015773395112,185.68880491321812,1.5146044543996937,710.2763747587021
1936,7,21,1,3887.6959994455137,8117.971044899011,938.5478780833035,857.1709401452491,33.642578573150324,332.0773935278713,170.7592073646398,576.8465446175027,957.8907830649389,314.7590933767176,2162.7658727430844,1461.1153272262238,263.8388959022659,2.019498026583329,635.6172203596013
1936,7,22,1,3675.042512766496,9038.059635827665,852.1238737883841,857.1709401452491,31.823678715851692,349.9733917385184,164.19071541926158,614.5156426699011,1033.4097190497062,318.571553306798,2076.3625540572434,1314.5700841133664,188.49817710567086,1.2621767338456802,560.951706035937
1936,7,23,1,4460.048478339597,8291.324385933598,1006.6925751488056,857.1709401452491,30.460008736217198,347.1132020083772,183.89619125544596,421.44752217303244,478.4668968967395,265.63539708085403,2111.033949453486,1163.6877370985324,170.36956295794667,1.5146044543996937,589.9338822516672
1936,7,24,1,3395.685919310724,9793.948857526086,941.5594114581107,857.1709401452491,29.550760772911783,322.06312721836974,183.89619125544596,478.5458708367719,577.4112659170504,232.72816420408174,1725.314675670235,1107.7329881650746,168.17949124878606,1.0097490132916664,503.9731419110822
1936,7,25,1,4265.01655867473,9793.948857526086,956.967256632339,857.1709401452491,27.959677819789125,325.6365632539679,197.02598074105492,541.528266948845,668.7135901755747,260.86832119977635,1747.7410147559447,1092.8890973453638,171.93470417938875,1.2621767338456802,425.8732683255007
1936,7,26,1,4036.2348581184165,8158.935068720548,872.8544291135119,857.1709401452491,26.5956039094871,311.32841009524714,187.17684002556132,497.3804198629019,850.3335106018185,241.31370388910324,1496.0294358772258,1233.6922592357491,141.92115075654755,1.0097490132916664,459.76530630087797
1936,7,27,1,3520.8289121738217,6885.388741517981,945.1312301122238,1400.8126732568674,25.45894297267324,319.91618379373523,259.42305701972344,804.0365431235214,474.1673798801711,196.00847139718337,1585.184452610436,1147.0723531357344,130.35712173187878,0.7573212927376529,510.84822035945433
1936,7,28,1,3418.086216362626,7736.708119270947,996.0471548465889,1400.8126732568674,24.777107982876277,256.9343736659632,137.91674763769902,998.3290492367933,490.422328084767,207.93216497378677,1606.2349426724127,1053.4886464042347,116.60302099804937,1.2621767338456802,465.66095636713067
1936,7,29,1,3217.4791116538686,7008.50966227865,1000.17925877959,1400.8126732568674,23.186025029753615,85.88494149319476,154.34157470376798,0.0,650.0661687923842,197.91770329917813,1664.089394117375,936.3257550785269,118.78746270280043,2.019498026583329,406.7171755535249
1936,7,30,1,3280.0008296472474,7688.993041243673,1087.23358401352,1400.8126732568674,22.731199082757005,53.67718786971999,124.78695815209004,499.15053163987955,247.59670251608716,151.65785485630659,1853.1998424195008,898.6967972804849,111.59794709204336,1.2621767338456802,381.66543271529645
1936,7,31,1,3922.2422353430998,5656.811300800981,1042.2006547091512,1400.8126732568674,22.049364092939758,115.9421494379281,118.21846620671182,795.780685823775,434.9724279806526,183.13016186962832,1810.3421453324404,840.9705552039401,99.71863782131898,1.2621767338456802,351.20775400183646
1936,8,1,1,4455.9666464321035,9207.064840255136,395.9676138427166,1692.7265439662424,27.529087713676105,143.61466518960773,2.2898352862874494,294.776084536023,164.74778348848048,167.02777205471844,898.3606199990872,536.6524676093418,150.75462765027746,0.0,412.04679233404715
1936,8,2,1,3882.618598780117,6817.07722693241,383.51527351569905,1692.7265439662424,27.13000420066511,71.30661927929143,36.637508468703146,218.82919386763643,368.2189589457501,95.44358347782601,1125.0317466472077,523.2624228863375,176.4950077382914,0.0,398.7545500055585
1936,8,3,1,3538.4504791879726,11509.975296794462,240.06823494457015,466.2164530395328,27.13000420066511,23.32459509137105,0.0,221.40390190688922,99.11080193705158,138.9236383024327,1177.314009546241,413.9246443754406,128.69627043572797,0.29712496738685534,361.7652287699181
1936,8,4,1,3751.502193370059,10872.057886717386,245.5520271133537,466.2164530395328,26.3322411053715,19.658941351605918,0.0,204.03161913126084,196.25214769224897,77.94229104292009,841.469262870709,411.1330155258371,105.57947239517573,0.049520827897809094,383.7260482724468
1936,8,5,1,3989.940910877758,11078.251101598418,448.26324107687117,466.2164530395328,25.933157592380784,13.994757054822642,5.724588215718647,242.00156622084214,0.0,100.2166632328128,867.6103943202742,483.09839731460346,88.77390927995923,0.19808331159123674,317.8435897648608
1936,8,6,1,3467.765097379606,9039.318306950989,583.242968367999,466.2164530395328,25.534074079369788,15.66043933594234,9.159197257045834,290.9140224771438,268.4562947513623,137.33261171743712,384.164564386401,399.97871732145705,90.35031051018656,0.24760413948904622,310.3325188605866
1936,8,7,1,3491.6587475683623,10831.894835429053,446.77148152126233,466.2164530395328,25.534074079369788,87.96704434455155,0.0,227.84067200502116,268.4562947513623,125.66708471878765,685.3516741559671,477.52124821237607,69.33913411288839,0.24760413948904622,328.2484263435238
1936,8,8,1,3056.3960866317548,8302.080302802366,435.3136475645115,466.2164530395328,27.13000420066511,66.30813153433259,25.188332037265905,210.4613927400996,268.4562947513623,67.86779062926621,501.111731397578,476.4033749531387,67.23914247402695,0.24760413948904622,249.65247864235778
1936,8,9,1,3279.503045268296,9264.734862618969,446.274228336129,466.2164530395328,27.13000420066511,50.64769219839477,0.0,214.96713180882657,268.4562947513623,89.07947713784363,644.1931506131331,478.07713054350484,61.4571279616841,0.24760413948904622,264.6809803754695
1936,8,10,1,3597.2885927773846,8999.155255661659,354.62556381423,1057.798295750905,26.3322411053715,74.30729691810966,6.869505858862357,242.6452432306207,267.13870082688237,99.68231845522344,917.9664685862368,411.6950064540203,57.78073509259534,0.24760413948904622,293.57411764738947
1936,8,11,1,2436.2563073606166,9745.203957670548,327.731870419244,1057.798295750905,25.534074079369788,60.976795513417464,6.869505858862357,246.50730528949987,299.3018619928361,93.32421598915013,638.9649243232587,377.1081299844389,56.20545986324655,0.19808331159123674,230.58542481421804
1936,8,12,1,3546.1163586235507,10015.932673768182,448.26324107687117,1057.798295750905,24.33722747106518,69.64021654735473,6.869505858862357,225.90964097554692,0.0,74.2318969692486,869.6053754046334,455.2065432064868,52.52850399371853,0.09904165579561858,242.72016087294082
1936,8,13,1,3991.633377765918,9575.741054652963,457.23480910774646,1057.798295750905,23.53946437577157,61.976781242739776,6.869505858862357,231.05905705405246,233.6648804413945,93.32421598915013,731.7453032337656,443.4902540739235,53.57906281357159,0.14856248369342767,283.7480342036093
1936,8,14,1,2449.895599343155,10250.045502650397,504.05364773906706,1057.798295750905,22.74129734976986,142.61323855863264,6.869505858862357,283.8405718584573,834.2449953139507,70.52150289553148,917.9664685862368,354.7934249785497,47.80098930432052,0.19808331159123674,277.3944695690752
1936,8,15,1,2714.8164458097917,9387.05481084743,506.53991366494256,1057.798295750905,22.74129734976986,162.93715601121846,20.60837368848308,244.57627426002563,0.0,35.52612267441632,672.9415159625938,426.1968158391328,44.64931284472748,0.19808331159123674,264.1022272405866
1936,8,16,1,3028.2214907841985,7888.0919279758855,472.67066854577297,1057.798295750905,22.74129734976986,163.268563385522,14.88378547276448,249.08201332875265,197.56280691178313,56.735407633424295,663.1385916689219,368.18346970147917,43.0734746149225,0.09904165579561858,263.52347410570366
1936,8,17,1,2890.2356609447015,6081.555592497229,346.66250928552057,1108.2756256356165,22.34221383677915,148.94600121047304,14.88378547276448,239.42685818158935,0.0,81.65868899050065,613.4842004050543,319.65066617783947,42.54819520498751,0.0,266.98963299041213
1936,8,18,1,3051.2191290909336,8413.87318345612,265.9744255350303,1108.2756256356165,22.34221383677915,117.95220720799252,0.0,207.88668470091605,283.55314724347943,97.56295096654755,774.8781701255917,258.28370026239907,42.54819520498751,0.14856248369342767,241.56265460320068
1936,8,19,1,2501.864288503586,7611.985253443868,395.9676138427166,1108.2756256356165,21.94353425447625,94.63121437069546,19.463743821547258,200.81323408222949,175.9057236170494,35.52612267441632,306.4153360593433,333.59659323189777,42.02291579505252,0.0,215.5569230810806
1936,8,20,1,3052.9115959790943,9051.561744238139,413.3994895874348,1108.2756256356165,21.54445074146525,82.63570832368625,12.593806298373067,209.81771573032097,191.6613730713518,0.0,517.4430593084783,366.50971411111294,42.02291579505252,0.14856248369342767,305.130100571255
1936,8,21,1,3294.834804139453,11066.007664310271,465.197863636456,1108.2756256356165,21.54445074146525,92.96697299121296,14.88378547276448,289.62666845751744,110.92753902768364,51.43338658736631,640.9255091819738,484.2162705738408,46.22515107451554,0.0,254.85489693168932
1936,8,22,1,3406.4380618954356,10211.598821074507,467.1938799431477,1108.2756256356165,21.145367228474537,84.29994970316874,14.88378547276448,228.48434901479973,60.38532955690347,50.372502068223724,969.5608069735492,527.1658163981988,47.80098930432052,0.0,221.3380945052951
1936,8,23,1,2586.985417300631,8186.740258074699,433.32463482397804,1108.2756256356165,21.145367228474537,85.96419108265123,16.029134780220073,99.11926302145373,244.822820569854,40.82874410787211,682.0909119698979,598.0133249277277,45.69987166458054,0.0,279.12436904916063
1936,8,24,1,3089.5485262683683,9449.873942350589,295.3543848556831,1034.3846489083649,20.347604133180926,84.63135707747227,16.029134780220073,122.29163537465942,368.2189589457501,0.0,669.0203462451639,573.4689820003434,43.5987540248575,0.09904165579561858,343.2769280766613
1936,8,25,1,2920.8991786870156,6528.841539760273,279.91852541765667,1034.3846489083649,19.948520620188493,90.3013049807554,16.029134780220073,59.213387360053794,202.8193131998113,62.03802906687321,727.1362090045177,517.1293914530561,42.54819520498751,0.0,147.36581195857764
1936,8,26,1,2801.630041495454,8927.525426297234,535.4296233664116,1034.3846489083649,19.549437107193985,122.6207284803504,16.029134780220073,12.872140898352518,321.6177422498645,40.82874410787211,648.7678486168336,473.0558637724063,46.750430484450526,0.29712496738685534,266.98963299041213
1936,8,27,1,3319.624466210231,6892.254220370747,550.8724863703876,1034.3846489083649,19.549437107193985,151.6116692209306,16.029134780220073,179.571892758498,52.50958524120864,6.362905565190713,682.7444402561686,527.7278073263819,43.0734746149225,0.0,262.3659678359635
1936,8,28,1,3132.15886910506,9076.048618813436,518.4950008068269,1034.3846489083649,19.549437107193985,124.95498911650445,820.8816330444355,216.89816283823149,300.6125212124797,51.43338658736631,761.8076044007607,465.24907674868393,43.5987540248575,0.14856248369342767,194.17485671343485
1936,8,29,1,3260.7863526203605,10087.562503132605,465.197863636456,1034.3846489083649,19.15075752488066,93.29838036546668,820.8816330444355,231.70273406383103,254.01130451659407,42.949312371341954,435.12601222281,446.281882923527,39.39651874539448,0.14856248369342767,225.3830065248608
1936,8,30,1,3248.0430725198426,7117.556351391696,480.64072664043204,1034.3846489083649,19.15075752488066,86.9656177136263,820.8816330444355,236.85215014233657,293.39349344756846,1.0604642479520991,557.3014055238611,452.41491435688323,36.77012169573644,0.09904165579561858,214.39941681134047
1936,8,31,1,3317.0359874395913,7858.341519614231,297.84765434750824,264.05786273571783,18.35259049889167,82.30430094943253,0.0,207.24300769106824,42.00766819296693,34.4658385426814,283.5487252861244,370.96898995410305,37.8206805155895,0.0,258.3210558163721
1936,9,1,1,3412.8097019459233,10036.414685679449,286.71898799226597,731.9746984928003,17.627130995513014,72.61423750607037,86.58466655289814,129.77787885831944,16.962981571384102,0.0,520.2635498069413,375.2816594679368,58.58019571650274,0.0,340.465841421545
1936,9,2,1,3109.4599014259707,9299.863229416003,339.02161879237013,731.9746984928003,17.226835690475,76.29574116373158,61.56971968089272,115.0012935896156,4.169560647402156,0.0,379.0532852635426,352.34387756346973,56.45205405567809,0.0,270.9327862170407
1936,9,3,1,3289.259619095563,10552.469846118183,332.1371134259484,731.9746984928003,17.226835690475,79.66024646336766,130.83745292327092,106.02479789841978,10.940883866224924,0.0,293.5786646686409,204.1126616661373,57.51612488609042,0.0,208.5928056888981
1936,9,4,1,3289.259619095563,8332.288409755136,388.10260923792737,731.9746984928003,16.42543721903666,82.11698373786317,67.34179097092263,103.9958160196721,8.481837520935333,0.0,252.70219017566276,215.87781957506115,56.45205405567809,0.0,197.20854072811554
1936,9,5,1,3289.259619095563,9127.882984152768,433.52073467160983,731.9746984928003,17.226835690475,80.89221735469746,96.2035863020818,106.02479789841978,3.207301000271924,0.0,493.7234221405043,314.11016865793846,51.12663289968002,0.0,158.84547578770827
1936,9,6,1,3289.259619095563,8194.292284812642,456.457413283169,731.9746984928003,17.226835690475,83.34175012102887,86.58466655289814,111.5240384388142,0.0,0.0,392.32334909676115,276.4628850687333,47.39844399016203,0.0,199.60623228689423
1936,9,7,1,3208.02120845379,10018.45001601383,329.3847119925279,731.9746984928003,16.82613645475584,85.17889969580233,100.05259308277482,98.20272293138798,3.9913387323600173,0.0,418.8634767631982,327.64071111289513,46.865845574516605,0.0,156.44778422892958
1936,9,8,1,2863.2557476068123,8771.335782395061,322.962441981283,572.0496977784953,16.42543721903666,96.5187955024184,100.05259308277482,99.35714365555201,3.064792815286868,0.0,687.4911193877995,268.2284962519499,41.54042441851852,0.0,94.70563660933438
1936,9,9,1,2600.624709283169,9894.871396663044,340.3943177260012,572.0496977784953,16.0247379833175,17.158256577485506,100.05259308277482,111.5240384388142,11.047678321152878,0.0,337.1105277772419,262.3459172974506,43.67081808110023,0.0,178.0270082579119
1936,9,10,1,2714.6173320584858,9237.158522559876,402.3268517599979,572.0496977784953,15.624038747598318,25.43119327043419,57.721432340729365,120.79438667789971,11.439489146051008,0.0,226.15518326413567,221.7603985295604,47.39844399016203,0.0,202.60175675422028
1936,9,11,1,3023.144090119259,9488.091774631417,480.7737943943089,572.0496977784953,15.223743442560322,82.4195730796099,59.645935731075866,127.16818837287778,5.808855530546551,0.0,65.29848258744025,179.4094952156374,44.20341649674566,0.0,189.41127321869445
1936,9,12,1,3493.1521007052165,8848.343570193869,395.4423463935762,572.0496977784953,18.829228702670516,109.688636375594,55.797648390912535,120.79438667789971,3.242945383280347,0.0,191.11918787666517,154.11379485168226,42.60562124980938,0.0,151.65240111139795
1936,9,13,1,2978.1443822641495,8583.107237179647,319.2925734034586,572.0496977784953,18.829228702670516,78.43548008020197,125.06034554958308,109.50205304929044,6.414671347592507,0.0,165.63846395846068,108.23212244569363,42.07302283416395,0.0,173.82945804892765
1936,9,14,1,3381.648399824658,9402.044439676285,250.48253756919857,572.0496977784953,17.627130995513014,64.64965376136145,73.11674002302148,122.53651249791237,1.8530918341462992,0.0,183.1530220296024,130.5834790338346,41.54042441851852,0.0,160.63897451337613
1936,9,15,1,3905.218009583783,9690.50897614348,341.31178487061385,690.7203869080109,18.428529466951357,63.73035852314833,84.65656595995304,115.58200219630957,10.90482340092455,0.0,151.83181900598734,159.9963738061815,40.47522758722767,0.0,184.61589010113713
1936,9,16,1,3094.825040685071,10038.131055391894,177.99562959098333,690.7203869080109,18.027830231232176,62.50487168913137,90.4336733336409,122.8233685566474,5.559344849487556,0.0,65.29848258744025,263.52487652715723,39.410030755936816,0.0,164.23869181381298
1936,9,17,1,2379.409331286552,9597.367313039524,196.80720783538152,690.7203869080109,16.82613645475584,96.5187955024184,61.56971968089272,119.92682201247071,1.746228032169677,0.0,188.99350113511002,285.87623311529825,38.34483392464596,0.0,149.25470955261926
1936,9,18,1,2902.1824860390802,8855.552322989723,360.1233631149127,690.7203869080109,16.82613645475584,71.3909120245076,69.26629436126913,120.79438667789971,0.0,0.0,196.95966698207576,132.93528889619355,39.94262917158225,0.0,157.0456171375027
1936,9,19,1,2787.1942945063183,5762.768524430233,437.652838604611,690.7203869080109,16.42543721903666,147.37541843677522,13.468645970399427,95.59303244601558,0.0,0.0,219.7850022845603,80.58461221937954,38.34483392464596,0.0,152.84806692849273
1936,9,20,1,3405.84072064106,6418.536179524902,336.7244491481768,690.7203869080109,16.42543721903666,129.2993075227229,98.12449248982972,98.48957899012302,11.047678321152878,0.0,179.43822966574695,249.4018001588201,37.27963709335511,0.0,165.43435763093348
1936,9,21,1,2013.9360402758323,10928.698087253952,328.9294802033008,690.7203869080109,15.223743442560322,141.55417586259384,73.11674002302148,110.36961771465019,0.0,0.0,244.736024328697,130.5834790338346,41.007826002873095,0.0,120.48241084730094
1936,9,22,1,2277.4630904814962,11545.446937534585,221.57882073562163,789.1645339743358,14.823044206841143,99.58071146035756,23.08900460061049,122.8233685566474,15.501839256233163,0.0,194.83398024052062,275.28392583902667,38.87743234029139,0.0,143.25730069340375
1936,9,23,1,2251.5783027773914,11627.832683768776,254.60763793625014,789.1645339743358,14.823044206841143,62.81178373578651,57.721432340729365,125.13920649413011,0.0,0.0,289.33417043062065,277.64184429844005,38.34483392464596,0.0,179.82050698357978
1936,9,24,1,3268.452232055939,13335.048425175888,254.60763793625014,789.1645339743358,14.422344971121982,83.95413331263663,48.101793151055325,116.74341940962826,11.68913852120729,0.0,266.501955882949,247.04999029646115,37.27963709335511,0.0,196.00651498645738
1936,9,25,1,1416.9930130627356,9127.882984152768,378.47270600403476,789.1645339743358,14.422344971121982,47.798309230486915,55.797648390912535,102.8343988063534,8.053966230736892,0.0,252.70219017566276,121.17013098726974,34.61664501512798,0.0,174.42729095747507
1936,9,26,1,2871.021183918272,1949.5671449124466,376.1755363600502,789.1645339743358,15.223743442560322,40.44466777573399,61.56971968089272,96.75444965933428,10.191935740755998,0.0,248.98739781180728,139.41040176407336,34.08460959992181,0.0,152.25023401994534
1936,9,27,1,2337.0976590775053,3162.6972582104727,274.3366833249529,789.1645339743358,14.823044206841143,51.47476973242613,71.19007831113571,102.5475427476184,0.0,0.0,219.7850022845603,181.1687711646158,31.954215937357034,0.0,176.82498251625373
1936,9,28,1,2270.5936660525144,6190.9455555523655,209.1895125025677,789.1645339743358,15.223743442560322,55.76433387678667,23.08900460061049,107.47307117054275,10.085141285828023,0.0,265.4425521348135,109.99750699172645,31.954215937357034,0.0,172.6274323072438
1936,9,29,1,1974.2128468374253,10439.532718988137,151.84431419091518,1504.7051670408891,14.422344971121982,71.3909120245076,148.1543862338406,90.38064796435621,11.831299970949031,0.0,260.13177490347067,142.34863694275842,30.88901910606618,0.0,181.02253272523797
1936,9,30,1,2521.078765530015,10715.524968873122,161.48122099072603,1504.7051670408891,14.021645735402803,71.3909120245076,148.1543862338406,120.79438667789971,0.0,0.0,197.4893688561435,128.8180944878018,30.88901910606618,0.0,151.04820827828715
1936,10,1,1,2196.025566088876,16336.40693034486,918.3075723771509,269.6931625270868,2.5703724965477472,234.06006033309728,48.97951058516071,533.0974974181543,0.0,143.84681490505542,422.90159364764395,319.4368652813089,20.20214476592327,13.094211365292674,174.58628907145697
1936,10,2,1,2980.0359629040736,11730.814866561264,997.0976897448696,483.4873560336248,2.5703724965477472,73.21221168134991,48.97951058516071,473.79525464479195,206.13410212557466,116.28903367817725,471.2558075841573,341.5072264053956,20.20214476592327,12.135977435154894,158.7119173719799
1936,10,3,1,3849.2670453921974,4062.6471111709475,682.7496339289463,483.4873560336248,2.5703724965477472,62.83771996503783,48.97951058516071,506.5318277850421,455.8042813964731,116.28903367817725,419.49636731400466,333.9570004575845,19.641396328314634,11.816820332276402,845.170374656903
1936,10,4,1,2893.4214809701743,3584.695358365015,576.6035878112735,483.4873560336248,3.084414681402807,129.70996448648287,0.0,431.17264221257346,206.13410212557466,116.28903367817725,418.81532204737385,182.95248150181183,19.641396328314634,83.35453128867923,210.29726547072994
1936,10,5,1,2913.233299251437,10575.354775627071,298.57602521023,483.4873560336248,4.112418264976702,121.06455472288117,20.408369223990242,431.17264221257346,121.63472334003204,104.86366163580003,390.899345357301,204.4364173095724,21.32476764203599,77.28787715874772,151.34712473256084
1936,10,6,1,3297.8215104131623,11383.764910549999,691.6511662999084,483.4873560336248,4.112418264976702,123.94635797741508,22.4487025380254,381.7494422419556,527.5021950003471,80.99826286086608,468.53162651734294,213.1533852929813,20.20214476592327,45.03280029823085,174.58628907145697
1936,10,7,1,3484.4906525117353,13724.092226836952,693.0238652337482,483.4873560336248,5.14082577923174,107.80825975203517,18.36731646943526,334.18730840836486,17.28475187714113,113.59929816845745,464.44535491707285,287.4950113322495,20.20214476592327,36.72785202984945,142.84390559706617
1936,10,8,1,3116.0306552277643,15036.542934206524,669.7370083228317,483.4873560336248,5.654625605678105,127.40452188283584,22.4487025380254,195.81774076692736,306.00078689294486,59.82440075787027,401.7891903795656,353.1196693881835,22.446827517692522,32.89529762005147,185.92603456029585
1936,10,9,1,2208.4701755617475,15359.220440290517,1199.78088944438,743.3343233486947,5.14082577923174,101.4610880839164,122.44877646285566,197.67181041479984,359.13449557199243,77.97231041246553,264.23180499392083,344.40881000182895,24.692073269901037,29.062743210249522,192.15876062820254
1936,10,10,1,3392.997883664661,1701.9522076197582,633.4445293717503,743.3343233486947,5.14082577923174,127.40452188283584,244.89755292576103,179.76079796789028,0.0,77.97231041246553,659.8915879731298,185.8540650982452,24.692073269901037,25.869265627710828,194.99528698157238
1936,10,11,1,2919.405825550161,2855.238230250392,415.67564853357067,743.3343233486947,5.14082577923174,130.8626857883064,24.48975529258038,143.30908904274045,284.23274832028306,77.97231041246553,467.85058125061505,147.52261863999294,24.692073269901037,24.91103169757305,176.28438892872543
1936,10,12,1,2356.8099204833443,8077.579144314622,715.6243726776405,743.3343233486947,5.14082577923174,108.38462040292202,38.7756856934255,206.31947111177857,0.0,77.97231041246553,455.59176644980477,216.05496888941465,24.692073269901037,23.31410225092515,142.84390559706617
1936,10,13,1,2837.769187405777,6884.702193632804,571.8131486752551,743.3343233486947,5.14082577923174,92.23931766942783,0.0,169.25906762303907,373.2188811537405,28.903849756502275,459.67803805007486,270.06718396248607,62.85336905132997,21.717172804277247,205.76263926009167
1936,10,14,1,3951.9101843275107,11429.534769568774,643.0324112097367,743.3343233486947,6.168829362805634,110.1137023556324,0.0,292.1803870290292,0.0,95.4495873517351,482.1525318515119,305.49704682430496,58.92362598452157,19.162390738248675,197.25942012459697
1936,10,15,1,2550.94582826619,12005.4340206749,649.1955492793861,743.3343233486947,9.76744780133597,129.13360383554624,26.53080804713531,144.5474676377301,191.41172369615032,80.32582898345893,139.60740043082131,324.0793990356322,57.24025467080022,20.120243357629338,153.0452245898293
1936,10,16,1,2346.953789780196,10571.23548831601,669.0506588560162,1132.9356263023462,53.464264959455406,70.33256977927023,26.53080804713531,234.1165228506565,130.594362026189,63.18476898287011,166.84921109925628,272.97487615597385,58.360625545155884,18.842852324617045,136.61117952915941
1936,10,17,1,3435.0108852460617,11830.364309927867,611.5303713946735,1132.9356263023462,316.15250484378527,25.941992897300064,8.16349157770005,234.1165228506565,182.44515030515703,63.18476898287011,109.64140869547487,218.37623576657631,57.24025467080022,17.884999705232406,175.7183556429693
1936,10,18,1,1530.786522086288,11784.594450908098,660.8354759516609,1132.9356263023462,168.61682354697587,68.02640672482171,46.938457830605785,276.739135282875,203.5751960301426,63.18476898287011,117.1329066292872,238.12533001350135,57.80325511018283,18.523695221738553,178.5548819963134
1936,10,19,1,3142.0149998077504,12040.905661415021,697.1279549027423,1132.9356263023462,76.59737506997728,144.1261852672667,18.36731646943526,184.08462831637965,406.505464507882,0.0,172.9717392545229,170.7536132026978,56.677254231434524,17.884999705232406,180.81901513936373
1936,10,20,1,1031.2101193918015,11603.803507783596,499.2211872073512,1132.9356263023462,47.80923542308701,68.02640672482171,0.0,113.04227660324568,0.0,46.044909757063095,101.46886549493466,139.97239269225656,52.75088916726171,18.204156808106923,201.79404633523524
1936,10,21,1,3491.9574181960074,10710.490284380827,506.07067474381626,1132.9356263023462,34.44276525255056,36.89572706777746,34.69358018431559,152.57943728189522,555.0260386113306,66.21072143131629,128.71067616336964,120.22329844533151,50.50620641549246,18.204156808106923,158.14588408622373
1936,10,22,1,2775.9443675426555,10864.277010684384,839.5874906695541,1132.9356263023462,26.73172854905003,16.141700479449206,0.0,147.63291939129908,0.0,43.355774634753374,120.53813296282947,137.0647004987688,52.75088916726171,17.565461291600773,188.19016770334613
1936,10,23,1,3360.8410127854922,12566.114793657112,876.5663190872425,2032.6250369115119,23.13311011050158,23.636550293674187,38.7756856934255,239.0560442520287,121.63472334003204,37.64248822615227,109.64140869547487,135.90406706015062,49.94489497744456,18.204156808106923,163.24654358259244
1936,10,24,1,13946.922728868984,14692.124745088935,588.243514483757,2032.6250369115119,21.07710294336945,26.51907399902017,0.0,200.75726216829958,91.54503892884259,37.64248822615227,124.62440456309956,133.58280018298902,44.33290659779334,15.329836328446724,177.42281542480112
1936,10,25,1,7882.813867864093,9438.660326891702,827.9615711289698,2032.6250369115119,20.562899186237438,23.636550293674187,100.00223224639451,158.13464973608106,256.07091186162324,37.64248822615227,124.62440456309956,126.61289095452439,43.210846722119875,17.245922877969143,174.02025578570084
1936,10,26,1,3367.013539084216,12950.581609416997,806.0404095857348,2032.6250369115119,20.048695429118286,28.824516602646042,238.77511410265802,182.23055866857638,284.87767587279563,38.650538654908196,136.88321936390986,133.00248346371728,48.82227210133184,17.245922877969143,171.183729432331
1936,10,27,1,2388.9667913620547,12616.461638578061,674.5344510247996,2032.6250369115119,20.562899186237438,40.354611424029876,142.8593040084139,95.746955209219,0.0,96.45823816786863,141.65053623090782,140.55270941152833,60.043996858877236,17.245922877969143,181.9574416354394
1936,10,28,1,2349.3431547990717,11053.306528433004,603.9945343911842,2032.6250369115119,69.3993303315453,29.40159770436615,485.71587810456884,113.04227660324568,359.7724884196687,51.75819616566543,150.50412469817587,148.6832520786111,69.02385386683278,18.204156808106923,188.75620098910227
1936,10,29,1,4359.993818174466,11870.41293656917,683.4359833957618,2032.6250369115119,223.62006440169782,21.906747890141165,357.14466281851077,106.2486855540702,272.71420353869394,60.8312504118767,140.28844569745212,147.52261863999294,106.62102320800057,16.2880702585845,139.44134595794017
1936,10,30,1,3161.7272612135894,12007.722513626484,658.0970816503483,2537.2202852129694,169.1298155120647,24.789271595487147,183.67316469433322,144.5474676377301,0.0,64.52963673773,117.1329066292872,120.22329844533151,199.21770547129108,16.2880702585845,142.27787231131
1936,10,31,1,4001.389951593185,15633.839594404153,718.3557634132122,2537.2202852129694,309.47149137725944,24.212910944580667,79.59170470088601,45.71156243036537,341.85321104735476,64.52963673773,111.6845444955614,147.52261863999294,110.55076627480896,15.329836328446724,177.98884871055728
1936,11,1,1,4080.03988346386,12988.341743107709,4107.871594739033,402.5633827263612,54.01361068583922,307.2218404575475,83.63496042190302,237.0900307763656,1146.0293260646717,186.58839323925503,292.58805337159987,424.87125028034455,17.97041102425709,4.180691130141688,221.9868068103239
1936,11,2,1,3567.9193144206192,7639.790442798019,3372.497165974424,402.5633827263612,43.083246453422774,308.61231052784007,70.56992058306872,241.25294187242764,311.1116643787539,186.58839323925503,443.00962712840413,472.50609003833193,39.82665108107691,4.941024777849533,215.2643665513703
1936,11,3,1,3439.0927171535554,8062.360666190708,2607.287546099935,402.5633827263612,37.29532372295341,253.5770728743917,41.81891909200408,147.6609053481948,500.94227536565967,260.9043444431852,548.014424614174,452.5676292830192,31.084380258524686,4.941024777849533,184.43145228892732
1936,11,4,1,3362.1352521705835,10055.180327877275,1870.3022971579476,320.3129328488923,34.723093145270475,325.33397391227095,78.41182224844817,249.57176757532778,337.4774122772587,232.96831916030834,363.96710071908217,447.02713176304354,28.65559636308221,6.08114393866214,223.11251345727283
1936,11,5,1,3504.601141420643,10749.165815251776,1623.7767743721759,320.3129328488923,32.79392021202348,313.4897625361601,47.04637390856958,474.1800615528005,316.971489990058,208.72467632932998,352.76081042141436,422.6538295529583,28.170289984334968,4.941024777849533,229.27528035503366
1936,11,6,1,3570.209122563613,13343.058150503946,1754.4633157126273,320.3129328488923,32.15086256760782,271.6964108372792,117.61413617009853,442.2900636103076,263.65747898450036,173.40989001638246,321.4946413587137,386.0938762377933,26.713244847248575,4.560857953995611,186.1104723725056
1936,11,7,1,4497.183193007822,22312.80627174704,1775.1238353778417,320.3129328488923,30.86515120944402,284.93109228373254,117.61413617009853,546.9715355752403,488.64010893439405,166.03112898635746,502.0060332629704,327.9339237710582,25.741506088892496,5.320810290950317,199.5680727395396
1936,11,8,1,4474.583782204157,13476.93498813538,1619.644670438966,320.3129328488923,30.86515120944402,303.04322573845593,83.63496042190302,474.1800615528005,478.68187274754064,169.19517053462138,975.132995519381,353.41288204634657,25.256199710162182,1413.8621526317602,247.21662753622448
1936,11,9,1,3439.0927171535554,13491.810192316207,1480.6939212325121,320.3129328488923,30.86515120944402,291.199014362345,99.31876375266194,401.38858753042996,415.40269085029325,196.60285491386367,1956.1133493892623,369.4784922750701,24.77033033097568,1865.3722189580567,229.8349537162264
1936,11,10,1,3417.588431983675,17696.915989683795,1530.2791684291524,320.3129328488923,31.50820885385969,298.16577373018583,101.93752724453681,388.91384722069165,724.1912290991439,214.52441852217757,607.5955665838194,358.39749723519344,23.798591572636525,370.18792136774965,277.4835085129113
1936,11,11,1,6027.96971509411,14355.716281299408,1119.1698449197527,898.5320820579136,30.22209356502836,316.2779071849093,88.86529300055506,439.5194538723693,645.0731812892302,270.91880611779385,533.265323080581,363.38211242404026,26.227375468079,190.033841529459,236.5637538997434
1936,11,12,1,4632.879214703868,11128.25467257628,1455.8312619741744,898.5320820579136,28.935978276176744,303.04322573845593,107.16066541799165,450.60888931313843,565.3934223851678,289.89705153351395,364.5587157992514,347.87238452637087,49.54066066196829,129.2224021428217,241.04750071390023
1936,11,13,1,4763.995620114383,10071.771901771543,1668.4595253769783,898.5320820579136,27.649862987345415,322.54582926352174,75.80025316172076,411.79236702593846,248.42193239510982,227.17458084136987,415.2862693016287,323.49908231628575,49.54066066196829,102.61835068805816,221.9868068103239
1936,11,14,1,4267.704594320793,9297.002613227269,1383.9046392750288,898.5320820579136,27.649862987345415,323.9435038419784,78.41182224844817,398.6179777924917,573.0077283274995,209.2530172330103,254.24314108213872,236.530986184693,78.1951310241889,88.17429924608419,264.03226807044075
1936,11,15,1,4210.06116324059,9497.932294320948,1455.0608697155465,898.5320820579136,27.649862987345415,299.5562438004784,133.29793950085747,338.30824056901406,644.4906660805726,195.01783220277716,290.8200873761822,258.13709393331754,68.96755382288943,82.85501419815836,272.99976169875447
1936,11,16,1,3564.534380643841,11225.515622992296,1815.674482449643,898.5320820579136,27.006805342909466,271.6964108372792,146.3701737448392,445.76032227188506,491.57348909240955,167.08781079376368,322.0862564388829,261.46017072590695,66.05121154695959,72.59394175086479,205.73083963730045
1936,11,17,1,4994.668901310621,15145.246349376483,1738.775327898955,898.5320820579136,39.22449665622069,287.0203996432534,650.8130885787255,361.87241631945216,714.8293775308395,184.48103349839732,370.45422886567343,343.4436516686529,60.71396738172003,69.17358426843094,226.47055362448074
1936,11,18,1,4785.499905284264,11097.131168443277,1376.4808593275675,1844.9597610790029,383.88360146211284,271.6964108372792,650.8130885787255,407.6294559298764,577.1130736077758,170.77418937184447,304.38595874953387,296.35858564473995,52.940057314888314,62.71036695213328,204.61149291488923
1936,11,19,1,4239.430441597356,9684.33004517589,2008.41261844586,1844.9597610790029,316.3665881047986,319.7648891228868,580.2431679956071,445.76032227188506,623.3952938798781,166.5594698900834,333.8841618168169,341.78211327239546,46.62657038779549,59.290009469699434,206.29051299849317
1936,11,20,1,4453.079497034276,13688.620586097826,3484.13400782683,1844.9597610790029,201.90879028888241,291.8978516515733,444.326465002825,707.8348161138467,1014.2005865723669,179.73196923904686,455.3991475865074,195.5423000118099,46.62657038779549,58.53120106501608,334.1059168624476
1936,11,21,1,4290.304005124001,23165.269895975303,2957.18570287211,1844.9597610790029,175.54423472901297,304.4336958087485,548.875561334139,402.0812399648453,1332.3648457994134,102.78031739053303,447.72878927957777,178.36492512090345,38.36960594397358,59.290009469699434,243.85222744445315
1936,11,22,1,7161.822973421683,17418.86409614328,2515.470795994202,1844.9597610790029,414.10973433395856,329.5125886313625,1748.6001832730888,430.5079757350539,932.7871514520047,100.14461674594939,440.65004605281734,186.67872569931947,51.968881556971496,52.06798374871443,227.0365869102369
1936,11,23,1,17267.144536334046,53569.0429958004,2398.020994371504,1844.9597610790029,706.0304376144543,400.5706523799637,1275.4960974798819,434.66389034189194,1590.751949086213,135.45940305889692,352.1691953412452,194.9864176807558,104.909501872316,43.709651974480025,221.9868068103239
1936,11,24,1,12053.350951418039,32601.87057921147,2666.04746474124,1844.9597610790029,344.01564323078867,310.00998510629677,585.4663061690619,406.2441510609073,884.1055232964716,105.94435893879695,364.5587157992514,245.9504428283123,398.266510810786,40.66679214061223,230.39462707744488
1936,11,25,1,7582.450773617849,27032.822983078066,2624.6563897506894,11428.174316238226,212.83915452129887,301.65275566816337,295.35191657645555,368.8059371533832,886.4633229507751,107.52337777597438,419.4138163726331,263.12170912216436,436.1508103760462,41.806911301420854,223.11251345727283
1936,11,26,1,7184.42238422489,30049.05669242787,2969.6520503312354,11428.174316238226,161.39858227449793,364.3463854705168,295.35191657645555,329.9894148661139,801.513188349012,128.60898293255224,381.6605191633412,188.89003782965128,164.64947849393982,38.007149616647325,294.30550897169087
1936,11,27,1,9062.264175301609,28574.122985541504,3956.4544980734545,11428.174316238226,132.46098827559018,365.0452227597452,196.02595841859645,296.0144631309434,1158.9278771143772,237.71137954574968,402.8967488436225,172.27465386692805,120.93812438119565,38.386553818991,304.39234932239015
1936,11,28,1,7930.601168241606,24716.868116718386,3607.3967692198203,11428.174316238226,115.74229738201656,347.62472208608597,177.7305860011101,337.6085916453056,1191.1049076901127,224.0105392930603,407.0311751597169,176.15361299057165,93.73957315519984,36.10669680812687,214.69833326561417
1936,11,29,1,8793.161940052054,32276.904580175888,2843.097612923785,11428.174316238226,108.66947115475904,322.54582926352174,230.00513416679195,337.6085916453056,829.6680901027262,141.2591452517445,407.0311751597169,221.0212582870983,114.13707907359854,36.486863631980796,243.2925540832604
1936,11,30,1,25535.343070366005,80101.83026909684,2680.965060296076,11428.174316238226,102.88518380041917,310.00998510629677,156.8236444969461,315.4297207638366,705.3981789138437,129.65966086604936,403.4883639237917,267.00066824580796,114.13707907359854,35.72652998426897,260.1081946174766
1936,12,1,1,3812.43100135116,11909.317316735176,1498.13280054318,2686.426643037975,41.911847478044926,539.9130442447449,61.17906347870545,819.2888896602832,750.6818016852494,242.65857164396309,1167.0639343199698,468.8653661994365,146.4138942627216,42.38269054316997,299.58424635573175
1936,12,2,1,2728.754408419976,9632.2668305415,1550.6595454549229,2686.426643037975,59.95139169901386,542.3409634866837,51.219848363665086,1541.1166842482996,782.7201381636023,239.17632477870006,1294.6739312644697,538.3078974085447,143.7677921976724,44.44939484135931,409.52190228407784
1936,12,3,1,3153.961824902129,14946.147462644272,1587.6383738728198,2686.426643037975,56.344290716183544,490.72066268987066,51.219848363665086,548.6576894813924,840.9023119847134,284.7757470919826,649.1737240787955,480.66717569061194,133.7294943636972,43.6715208988679,295.18953848541094
1936,12,4,1,3406.1393912682483,26704.424244616603,2026.271711716007,814.5189317718166,48.84733727369636,502.2550802161206,58.33367622301977,563.4902466639568,822.9414263832721,296.75347553372217,710.8323980741716,489.7445508997077,127.9136998249985,41.60481660067458,227.5771804977652
1936,12,5,1,17804.75166557878,20625.042720421934,2438.921819742663,814.5189317718166,839.0448109232457,1935.5631559065987,1484.637456573693,628.102824768252,999.4990122576704,407.64502657077816,619.8612606297197,1100.647015592651,172.31191447378032,57.11272505223293,304.5322676627076
1936,12,6,1,9988.541347615102,17350.20930761562,4259.498798384352,814.5189317718166,632.7978051185931,1234.7086044043715,596.8550495968526,559.2503741862931,1511.0721901821507,555.6345144707768,603.3717100811663,1013.5384217290311,341.4541364738942,108.53629362310039,382.0406682642794
1936,12,7,1,7856.033068277967,39454.7627208261,3998.6860009825464,814.5189317718166,370.2549802794837,902.5087342381587,325.81302818302856,612.7385344036303,965.5189584169433,386.3973168187462,690.1258702680552,723.5022340259603,226.22483654790324,72.87611171039454,325.41825991474315
1936,12,8,1,8142.358643038602,70105.69305935377,2894.9940368965176,814.5189317718166,255.90220444067563,748.8365756902142,184.24871711015774,667.2901609850819,924.8122408567621,360.11836073381926,834.2460554964756,580.9764477688484,193.4525809721431,60.727551020286654,317.17579768616747
1936,12,9,1,17339.82105565776,153329.02771354548,2954.734454776191,814.5189317718166,232.31265266044645,785.2913868600158,313.0069869313427,443.80130528551507,910.2493606392295,433.53373085188827,759.1246988046805,867.84838220252,228.87093861295247,89.15426788932585,455.7013145076221
1936,12,10,1,41656.58796640268,147607.79533617495,4427.514346442058,814.5189317718166,802.4082981412488,1564.458941804203,2756.6082955067554,368.0713057834858,1406.3581467137362,499.6123670572959,654.0579881128092,4130.816579832704,1596.781846143032,513.473064196428,812.9891563879468
1936,12,11,1,33294.8059691315,79007.93063854349,5725.135052742202,583.6763984540776,844.578661255257,1537.7302166184347,1224.991372992807,349.53060930524555,1148.3871257189755,493.8126248644483,978.3662407249931,3750.0066400389005,3358.522821021667,1702.7431814712158,3079.920666228527
1936,12,12,1,28879.458528019823,67957.94242488935,4469.045492752227,583.6763984540776,1851.254704863433,3577.7587405018753,3247.482562138004,510.0020864466196,1069.816919593319,460.5811827967678,392.06881702736234,2164.5813629441504,1207.241842142465,613.2239579984342,1722.2039713548497
1936,12,13,1,23469.53789780562,65998.99245887749,3941.53690251841,583.6763984540776,1548.1855147826905,2542.254786067054,1671.0444952431058,524.2959139579029,1071.2732076150724,398.7592931904392,495.27813153725737,1560.0135133869849,733.6458725438863,322.5126375295804,1192.8674503021386
1936,12,14,1,15749.897749354417,47916.465406958516,4932.961703813023,583.6763984540776,849.0218987480946,1630.668371577091,1034.3396352568063,553.429295141044,2145.389644225069,491.1108816069103,506.88341805179704,1353.9705350544955,540.1932915717431,234.13243047518674,885.555895607106
1936,12,15,1,11893.064381402522,37858.53888753953,8615.086522127265,583.6763984540776,575.3588622564389,1193.4267727831996,745.556210625729,526.4158501967694,3191.4898731786247,471.0159156447844,557.569696083537,1199.1786859307458,440.29449360980885,186.0643965582105,757.4670149871314
1936,12,16,1,9892.070734978513,34248.44125741798,6049.540229317238,583.6763984540776,428.81281112849206,1041.5557412693076,636.690471175905,591.0284283010647,3695.781610994339,428.12424046290323,715.7166621081855,1110.1764269831,378.4545253493405,159.18961446659887,636.5648491189039
1936,12,17,1,8042.503096625233,29619.964264125498,5427.973747861301,583.6763984540776,344.4397704460183,931.6149471089162,572.6674593225731,576.7276043004881,3931.0068000305787,1609.3384004051268,1695.3211669544312,1034.857425416547,350.43962348625934,141.6150017168472,557.9434617194842
1936,12,18,1,6543.07699041106,26125.43552802668,18433.385681033404,9571.997370740422,285.59918812018344,849.6276445174591,448.88771789808914,1123.286347010755,7975.604065757255,4106.22948028011,3379.635541719679,1012.1945303790798,317.66736791048226,128.9516715059736,555.7429278220421
1936,12,19,1,5861.809289407057,23142.384966465415,27716.612398438647,9571.997370740422,242.02314623573815,813.8212390798865,248.27172896343978,986.6449122108824,9395.13815171546,4867.400614036362,6952.853041068446,958.6221342932529,298.63795305976623,116.0328630884967,490.8780572439045
1936,12,20,1,0.0,26523.6333014921,19180.666171978046,9571.997370740422,211.2153531830107,723.9089775384984,187.8027532777662,798.6492464109867,6691.366071724063,2305.2474248071508,4693.846529120204,923.1922714314339,276.9680661483767,110.60299792129372,459.5490688658512
1936,12,21,1,0.0,24795.821123525693,10434.612965870672,9571.997370740422,1909.0167922705261,2012.6513929653433,4881.54781466554,1032.6818113908175,3628.376279702197,1405.68699752601,2740.8288400340734,974.932088403779,267.45335872301865,102.07688941436196,513.417629881316
1936,12,22,1,7441.179566877456,22066.793279519767,8666.212553841371,9571.997370740422,1842.1258714690232,1538.3786223507136,4649.600191095407,2157.577350926123,2800.095130572533,1248.085307503129,2371.9637167907003,1914.0677981230729,569.2497442476491,209.83912220253416,836.6480757477439
1936,12,23,1,7815.115192329893,25631.121050622536,7280.206844769779,9571.997370740422,800.9945407571568,771.3146410755488,1607.7337295043449,1801.665943436606,2786.5031090362418,928.9193706796505,2166.7558349117057,1341.692254993749,551.2956602361306,204.15377882872787,657.9977948830053
1936,12,24,1,5614.41045307869,21664.018520153164,6223.43877280515,9571.997370740422,482.0912679746147,706.3155686695981,1109.0175612077662,1036.949669825377,1956.2802425442035,821.8702989421746,2141.0962506204814,1179.6311753863172,378.4545253493405,143.42622780843726,515.0648503421288
1936,12,25,1,6095.867504380074,22744.18719300099,5740.052648297038,27884.496060856683,361.372544600585,662.591408790209,906.2792227397982,1136.5097116688385,2242.4061652927876,1115.1595392324066,2145.980514654495,1125.63117750728,334.5799011091758,128.9516715059736,539.8049568769568
1936,12,26,1,14562.18422122649,27255.951045795457,7134.532672214579,27884.496060856683,351.3792995484871,827.7979848644034,967.503610971226,2015.1288300595181,2804.4639946376833,1023.1801909980708,2542.362618371069,1231.8596801221927,324.535973270808,121.9736846689062,490.8780572439045
1936,12,27,1,26698.167379547274,38239.57296387254,6139.746159245593,27884.496060856683,1319.4799631050744,827.7979848644034,1527.3722234473603,855.8105634778108,2230.27043177825,777.4416320404797,2091.6344782199108,2509.5338380829994,1180.837121535984,430.27105721019336,1101.0301396689397
1936,12,28,1,28702.24728912087,88581.84089883599,6000.865445699053,27884.496060856683,1044.4435622974388,0.0,1164.5583693331193,1761.995849462494,2242.4061652927876,2678.868497954705,1992.7109334186732,1553.660572460044,692.9409407773879,287.10793382347777,1026.3010260996928
1936,12,29,1,41530.150734154486,178502.45017397832,16402.351544445384,27884.496060856683,868.7337159891188,0.0,1082.0385417168297,1523.625461155657,7716.246103789323,3742.2146053815286,4977.202635543128,1411.147003396966,526.9796712597089,209.83912220253416,709.1315883380631
1936,12,30,1,81493.27624343694,234570.5274722155,9293.732066387218,27884.496060856683,1938.7056973364197,3148.370055576572,2137.74556041047,1518.8678484744528,3062.9204449731737,1372.8458072621918,3214.740036233951,2654.796275816375,765.3427972804487,239.5584825348305,838.3016561330943
1936,12,31,1,161282.13877341629,384466.8157593381,6798.92179005823,27884.496060856683,2373.0523587969433,3787.9142428386244,2383.8661622198515,12250.852654101112,2494.135951908715,958.6385465125225,2637.6401632595457,2214.060999009728,884.8114905148942,287.10793382347777,989.985856867309
